0.448393   0.0777508   0.0105194
-0.126658   -0.203437   -0.434008
-0.268019   0.207142   -0.476159
0.414583   0.366685   0.407004
0.311404   -0.377867   0.423031
0.325258   0.226393   0.145671
-0.186334   -0.0178113   -0.149991
0.135927   0.444343   0.437647
-0.108988   0.288133   0.407166
0.280123   -0.0321068   0.170089
-0.388313   -0.18898   -0.337661
-0.305552   0.429471   -0.288125
-0.289363   -0.374398   0.0513926
0.439711   -0.238299   0.225189
0.122957   0.469598   -0.37668
0.40798   0.163375   0.209091
-0.272238   -0.128761   0.396666
-0.436375   0.494152   -0.49277
0.0110684   -0.140448   0.0391159
-0.126684   0.100486   -0.418241
0.208595   0.462685   -0.22706
0.43332   -0.287223   -0.337686
0.332653   0.140841   -0.479015
0.338287   0.422282   -0.0293809
0.236236   0.268882   -0.069904
0.309557   -0.257837   -0.179925
0.330696   0.302411   0.0770575
0.206905   0.370991   0.330061
0.490714   -0.17266   0.474977
0.373271   -0.29136   0.0663251
0.269669   -0.160368   0.0517096
-0.141373   -0.0426074   -0.00963826
-0.118652   -0.407753   -0.491625
-0.389614   0.0582654   -0.205733
0.360845   0.327976   -0.0632041
-0.206829   0.18224   0.467893
-0.213273   0.319365   0.363445
-0.21357   0.421025   0.0934449
-0.480424   0.44803   -0.0487482
0.421066   -0.468841   -0.304648
0.35952   0.22132   0.432519
0.414804   -0.390499   -0.361777
-0.122053   0.486736   -0.0586923
0.170597   0.201065   0.450241
0.427486   -0.00795082   0.0159067
0.473844   -0.496894   -0.25019
-0.492315   0.429551   -0.195282
0.245541   -0.395825   0.107746
-0.178349   0.165722   -0.103736
0.250694   0.271315   -0.390249
-0.219887   -0.124704   0.115896
-0.096568   0.00777034   0.142477
0.0357682   0.311633   -0.0475897
0.0652188   0.121427   0.206568
-0.454422   0.0254654   0.234714
0.0726415   -0.287992   0.09538
0.243643   0.0152173   -0.0259722
-0.295606   -0.0320223   0.379396
0.103   0.473555   0.354544
-0.235139   -0.0872935   0.308126
0.198445   0.322704   -0.117782
-0.488938   0.387876   0.135182
0.470814   0.295632   0.490525
0.427333   0.485571   -0.0252025
-0.136867   0.0194284   0.0545743
-0.327444   -0.00503713   -0.222085
-0.120306   -0.460503   -0.146732
-0.0730467   0.243202   0.340655
-0.349439   0.04885   0.481007
0.325593   -0.109805   0.0942303
-0.0182364   -0.316469   0.287764
0.0321273   -0.465385   0.223214
0.409794   0.36076   -0.00671595
0.135516   0.279803   -0.199078
0.463157   -0.101537   -0.243534
0.284338   0.425733   -0.313046
-0.26981   -0.382607   0.35741
0.216532   0.292709   -0.192955
-0.417864   -0.209024   -0.140179
0.128018   0.432684   -0.148549
0.0171166   0.411974   0.143276
-0.358514   0.223089   -0.101906
0.131909   0.0453206   0.308985
-0.193797   0.0729352   -0.120768
-0.0618797   -0.00755119   0.481354
-0.213591   0.217959   -0.287251
-0.343239   0.182879   -0.430971
0.317036   0.230425   -0.0463745
-0.397014   -0.0938698   -0.336436
0.445414   0.441145   -0.339726
-0.435515   -0.0303285   -0.371037
-0.028789   0.132724   0.147896
0.00256195   0.37179   0.0229589
0.23107   0.455691   0.299093
-0.310959   0.332911   0.29769
-0.342263   0.0118654   0.329376
0.433998   -0.076309   0.34521
-0.280628   0.152263   -0.238082
0.387537   -0.131929   0.285256
-0.310307   -0.0516574   0.293847
-0.0187536   -0.369027   0.444216
0.135699   0.486513   0.0736473
0.115039   0.48118   0.150166
0.111736   -0.376416   0.134253
-0.130009   -0.305869   0.141788
0.312577   0.00319913   0.27545
0.4172   -0.339134   -0.455964
0.34359   -0.0380078   -0.256205
