0.448397   0.0777081   0.0105168
-0.126597   -0.203437   -0.434055
-0.26802   0.207206   -0.476109
0.414519   0.366657   0.407071
0.311437   -0.377854   0.423049
0.325244   0.226412   0.145625
-0.186309   -0.0177756   -0.149974
0.135929   0.444405   0.437643
-0.10903   0.288091   0.407091
0.280172   -0.0321456   0.170082
-0.38834   -0.188993   -0.33765
-0.305463   0.429445   -0.288086
-0.289391   -0.374401   0.0513419
0.439811   -0.23827   0.22523
0.122916   0.469556   -0.376757
0.408109   0.163373   0.209081
-0.272241   -0.12874   0.396631
-0.436323   0.494171   -0.492815
0.011183   -0.140517   0.0392109
-0.126701   0.100515   -0.41829
0.208592   0.462801   -0.227059
0.433377   -0.287208   -0.3377
0.332666   0.140875   -0.479024
0.338227   0.422241   -0.0294192
0.236196   0.268989   -0.0699358
0.309557   -0.257862   -0.179907
0.330695   0.302455   0.0769954
0.206868   0.370998   0.330107
0.490719   -0.172625   0.474987
0.373261   -0.291348   0.0663374
0.269754   -0.160445   0.0516855
-0.141341   -0.0426189   -0.00958891
-0.118649   -0.407706   -0.49164
-0.38965   0.0583421   -0.205736
0.36085   0.327978   -0.0632163
-0.206883   0.182229   0.467859
-0.213273   0.319369   0.36347
-0.213582   0.421005   0.0934691
-0.480458   0.447995   -0.0487777
0.421034   -0.468934   -0.304604
0.359475   0.221263   0.432572
0.414832   -0.390523   -0.361781
-0.12209   0.486839   -0.0587086
0.170644   0.201056   0.450192
0.427449   -0.00792141   0.0159516
0.473845   -0.496841   -0.250216
-0.492342   0.42949   -0.195319
0.245513   -0.395838   0.107769
-0.178338   0.165764   -0.103718
0.250684   0.271246   -0.390308
-0.219823   -0.12468   0.115927
-0.0965901   0.0076995   0.142516
0.0357221   0.311573   -0.0476369
0.0651705   0.12138   0.206533
-0.45445   0.0254588   0.234779
0.0725886   -0.287963   0.0954174
0.243669   0.0152697   -0.025981
-0.295619   -0.0319923   0.379445
0.103069   0.473518   0.354461
-0.235185   -0.0872632   0.308261
0.198414   0.322698   -0.117777
-0.489022   0.387836   0.135232
0.470807   0.295637   0.490521
0.427354   0.485549   -0.0251371
-0.136897   0.0194371   0.0545744
-0.327452   -0.00494502   -0.222095
-0.120289   -0.460563   -0.146742
-0.0730864   0.243185   0.340659
-0.349454   0.0488707   0.481004
0.325617   -0.109754   0.0942346
-0.0182278   -0.316475   0.287713
0.0321752   -0.465377   0.223213
0.409778   0.360751   -0.00662557
0.135427   0.279706   -0.199145
0.463225   -0.101523   -0.243527
0.284344   0.42571   -0.313126
-0.269854   -0.382532   0.357403
0.216509   0.292745   -0.193023
-0.417932   -0.20909   -0.140178
0.128062   0.432747   -0.148588
0.0170891   0.411952   0.143194
-0.358498   0.223077   -0.101879
0.131886   0.0453251   0.309027
-0.193794   0.0729178   -0.120757
-0.0618688   -0.00762564   0.481371
-0.213646   0.218021   -0.287301
-0.343257   0.182919   -0.430941
0.317068   0.230396   -0.0464109
-0.396989   -0.0938397   -0.336422
0.44539   0.441094   -0.339721
-0.4355   -0.03032   -0.371005
-0.0287941   0.132681   0.147927
0.00258681   0.371821   0.0229106
0.231053   0.455748   0.299066
-0.310913   0.332868   0.297706
-0.342286   0.0117995   0.329387
0.433972   -0.0763025   0.345284
-0.280565   0.15226   -0.238072
0.387555   -0.131952   0.285248
-0.310321   -0.0516731   0.293865
-0.0187687   -0.369004   0.444241
0.13569   0.486562   0.0736593
0.115093   0.481178   0.150141
0.111742   -0.376389   0.134208
-0.12995   -0.30589   0.141763
0.312536   0.00316804   0.27544
0.417172   -0.339147   -0.455893
0.343635   -0.0380101   -0.256134
