-0.423813
-0.424059
-0.424328
-0.424567
-0.424748
-0.424824
-0.424796
-0.424689
-0.424565
-0.42444
-0.424357
-0.424363
-0.424446
-0.424586
-0.424753
-0.424899
-0.424986
-0.424945
-0.424753
-0.424352
-0.423736
-0.422854
-0.421694
-0.420229
-0.418443
-0.416303
-0.413788
-0.410885
-0.407609
-0.403975
-0.400058
-0.395981
-0.39189
-0.387991
-0.384507
-0.381664
-0.379585
-0.37831
-0.377748
-0.377629
-0.377586
-0.377189
-0.376051
-0.37392
-0.370822
-0.367104
-0.363401
-0.360563
-0.359393
-0.360435
-0.363823
-0.369281
-0.376216
-0.383952
-0.391817
-0.399287
-0.405971
-0.411681
-0.416338
-0.419964
-0.422647
-0.424482
-0.425561
-0.425951
-0.425722
-0.424913
-0.423573
-0.421718
-0.419383
-0.416607
-0.413464
-0.410106
-0.406687
-0.403443
-0.400712
-0.398788
-0.397946
-0.398357
-0.399997
-0.402705
-0.406111
-0.409838
-0.413482
-0.416735
-0.419409
-0.421419
-0.422804
-0.423681
-0.424243
-0.424718
-0.425336
-0.426266
-0.427605
-0.429321
-0.431266
-0.433172
-0.434678
-0.43536
-0.434858
-0.432872
-0.429283
-0.424205
-0.41803
-0.411338
-0.404722
-0.398601
-0.393029
-0.387743
-0.38237
-0.376708
-0.370939
-0.365657
-0.361687
-0.359825
-0.36048
-0.363576
-0.368576
-0.374756
-0.381391
-0.387972
-0.39421
-0.399989
-0.405292
-0.410126
-0.41458
-0.418685
-0.422494
-0.426079
-0.429574
-0.433142
-0.43696
-0.441138
-0.445644
-0.450272
-0.454698
-0.458557
-0.461545
-0.46345
-0.464238
-0.463962
-0.46282
-0.461051
-0.458956
-0.456811
-0.45487
-0.453276
-0.452053
-0.45113
-0.450372
-0.449654
-0.448877
-0.448055
-0.447196
-0.446401
-0.445742
-0.445315
-0.445167
-0.445314
-0.445727
-0.446387
-0.447219
-0.448113
-0.448933
-0.449492
-0.449586
-0.449004
-0.447589
-0.445257
-0.442071
-0.438246
-0.434219
-0.430533
-0.427773
-0.42641
-0.426679
-0.42848
-0.431391
-0.434756
-0.437748
-0.439559
-0.439524
-0.437282
-0.433005
-0.427473
-0.422063
-0.418372
-0.417562
-0.419886
-0.42474
-0.431125
-0.438131
-0.445184
-0.451951
-0.458188
-0.463699
-0.468299
-0.471815
-0.474202
-0.475506
-0.475877
-0.475521
-0.474727
-0.473775
-0.472953
-0.472486
-0.472492
-0.473033
-0.47405
-0.475455
-0.47713
-0.478949
-0.480815
-0.48263
-0.484333
-0.485851
-0.487123
-0.488108
-0.48876
-0.489045
-0.488952
-0.48849
-0.487671
-0.486567
-0.485252
-0.483792
-0.482252
-0.480655
-0.478998
-0.477181
-0.475138
-0.472828
-0.470306
-0.46776
-0.465471
-0.463715
-0.462618
-0.462016
-0.46154
-0.460642
-0.458771
-0.455498
-0.450568
-0.443914
-0.435698
-0.426421
-0.417044
-0.409095
-0.404477
-0.404847
-0.410847
-0.421669
-0.435418
-0.449954
-0.463579
-0.475333
-0.48491
-0.492432
-0.498131
-0.50229
-0.505072
-0.506544
-0.506653
-0.505251
-0.502115
-0.497
-0.489684
-0.480104
-0.468583
-0.456025
-0.444011
-0.434449
-0.428927
-0.428018
-0.431098
-0.436863
-0.443974
-0.451425
-0.458538
-0.464898
-0.470291
-0.474618
-0.477894
-0.480224
-0.481728
-0.482571
-0.482892
-0.482828
-0.482519
-0.482055
-0.481476
-0.480812
-0.480026
-0.479072
-0.477879
-0.476326
-0.474328
-0.471769
-0.46859
-0.464731
-0.460221
-0.455114
-0.449551
-0.443673
-0.4376
-0.431477
-0.425388
-0.419437
-0.413803
-0.408747
-0.404606
-0.40168
-0.400142
-0.399987
-0.400974
-0.402696
-0.404728
-0.406709
-0.408416
-0.409834
-0.411045
-0.41219
-0.413383
-0.41464
-0.415898
-0.416983
-0.417769
-0.41819
-0.418239
-0.417976
-0.417484
-0.416873
-0.416191
-0.415473
-0.414666
-0.413749
-0.412659
-0.411413
-0.410019
-0.408517
-0.406982
-0.405452
-0.403959
-0.402484
-0.400989
-0.399357
-0.397476
-0.395275
-0.392674
-0.389692
-0.386415
-0.382979
-0.379617
-0.376589
-0.374143
-0.372508
-0.371803
-0.372009
-0.372981
-0.374465
-0.376193
-0.377898
-0.379339
-0.380372
-0.380884
-0.380833
-0.380213
-0.379021
-0.377258
-0.374919
-0.372007
-0.368577
-0.36472
-0.360656
-0.356695
-0.353229
-0.350667
-0.349305
-0.349245
-0.350362
-0.352345
-0.354864
-0.357575
-0.360244
-0.36271
-0.364909
-0.366793
-0.368355
-0.369578
-0.370456
-0.371008
-0.371238
-0.371184
-0.370865
-0.370342
-0.369653
-0.368843
-0.367973
-0.367084
-0.366206
-0.365349
-0.364561
-0.363823
-0.363127
-0.362447
-0.361745
-0.36098
-0.360074
-0.358995
-0.357667
-0.356026
-0.354037
-0.351684
-0.348966
-0.34592
-0.342657
-0.339317
-0.336099
-0.333235
-0.330973
-0.329531
-0.329052
-0.329592
-0.331086
-0.3334
-0.336325
-0.339632
-0.343092
-0.346517
-0.349774
-0.352751
-0.355405
-0.357724
-0.359716
-0.36141
-0.362837
-0.364046
-0.365094
-0.365992
-0.366807
-0.367559
-0.368268
-0.368954
-0.369648
-0.370333
-0.370988
-0.371587
-0.372099
-0.37246
-0.372591
-0.37241
-0.371808
-0.370693
-0.369007
-0.366754
-0.36403
-0.361115
-0.358436
-0.356494
-0.355753
-0.356437
-0.358426
-0.361264
-0.364321
-0.366956
-0.368676
-0.369252
-0.368726
-0.367407
-0.36576
-0.364358
-0.363679
-0.363999
-0.365353
-0.367535
-0.370202
-0.373059
-0.375879
-0.378492
-0.380833
-0.382855
-0.384552
-0.385917
-0.386936
-0.387629
-0.388026
-0.388137
-0.388004
-0.387641
-0.387095
-0.386402
-0.385595
-0.384768
-0.384038
-0.383527
-0.383374
-0.383723
-0.384666
-0.386261
-0.388481
-0.39122
-0.394278
-0.39745
-0.400519
-0.40326
-0.405503
-0.407119
-0.408011
-0.408139
-0.407547
-0.406321
-0.404625
-0.402682
-0.400734
-0.399017
-0.397674
-0.396763
-0.396226
-0.395917
-0.395617
-0.395133
-0.39433
-0.393182
-0.391785
-0.390383
-0.389272
-0.388822
-0.389339
-0.390946
-0.393572
-0.39697
-0.400778
-0.4046
-0.40811
-0.411065
-0.413318
-0.414754
-0.415338
-0.415028
-0.413817
-0.411686
-0.408648
-0.404754
-0.400105
-0.394931
-0.389567
-0.384424
-0.379938
-0.376416
-0.373982
-0.372488
-0.371655
-0.371127
-0.370694
-0.370243
-0.36982
-0.369506
-0.369322
-0.36917
-0.368899
-0.368322
-0.367354
-0.366056
-0.364654
-0.363624
-0.363467
-0.364681
-0.367511
-0.371856
-0.377362
-0.383467
-0.389608
-0.395347
-0.400435
-0.404751
-0.408308
-0.411184
-0.413497
-0.415331
-0.416774
-0.417888
-0.418684
-0.419177
-0.419322
-0.419048
-0.418252
-0.416832
-0.414658
-0.411646
-0.407777
-0.403117
-0.397914
-0.392548
-0.387596
-0.383639
-0.381151
-0.380273
-0.380861
-0.382461
-0.38445
-0.386221
-0.387182
-0.386881
-0.384983
-0.381338
-0.376006
-0.369428
-0.362432
-0.356218
-0.352027
-0.35073
-0.352407
-0.35645
-0.361837
-0.367609
-0.37305
-0.377808
-0.381756
-0.384923
-0.387413
-0.389409
-0.391131
-0.392825
-0.394682
-0.39677
-0.399046
-0.401391
-0.403624
-0.405549
-0.407041
-0.408029
-0.408491
-0.408458
-0.408007
-0.407226
-0.406223
-0.405109
-0.403993
-0.402961
-0.402067
-0.401344
-0.400799
-0.400435
-0.400225
-0.400179
-0.400302
-0.400626
-0.401184
-0.40204
-0.403214
-0.404733
-0.406622
-0.408871
-0.411446
-0.414304
-0.417389
-0.420621
-0.42389
-0.427097
-0.430119
-0.432875
-0.43525
-0.437131
-0.438471
-0.43917
-0.439157
-0.438348
-0.43672
-0.434241
-0.430971
-0.427086
-0.422859
-0.418664
-0.414919
-0.412066
-0.410494
-0.410468
-0.412098
-0.415257
-0.419588
-0.424578
-0.429693
-0.434442
-0.438477
-0.441602
-0.443769
-0.445061
-0.445671
-0.445864
-0.445957
-0.446204
-0.446759
-0.447591
-0.448582
-0.449533
-0.45024
-0.450563
-0.450491
-0.450113
-0.449561
-0.44904
-0.448725
-0.448745
-0.449158
-0.449903
-0.450915
-0.452026
-0.453122
-0.454085
-0.454856
-0.455419
-0.455803
-0.456021
-0.456064
-0.455931
-0.455585
-0.454961
-0.454033
-0.452803
-0.451298
-0.449573
-0.4477
-0.445731
-0.443721
-0.4417
-0.439696
-0.437723
-0.435829
-0.434114
-0.432733
-0.431904
-0.43184
-0.432715
-0.434599
-0.437475
-0.441196
-0.445529
-0.450147
-0.454711
-0.458861
-0.462269
-0.464685
-0.465969
-0.466125
-0.465359
-0.464038
-0.462673
-0.461825
-0.461965
-0.463317
-0.465841
-0.4692
-0.472958
-0.476586
-0.479626
-0.481644
-0.482289
-0.481229
-0.478265
-0.473334
-0.466666
-0.458844
-0.45084
-0.443751
-0.438452
-0.43529
-0.434077
-0.434389
-0.435917
-0.438523
-0.442166
-0.446751
-0.452073
-0.45782
-0.463644
-0.469227
-0.474331
-0.478741
-0.482309
-0.484895
-0.486411
-0.48676
-0.485876
-0.483707
-0.480244
-0.47555
-0.469787
-0.463272
-0.456442
-0.44984
-0.444024
-0.439435
-0.436306
-0.434624
-0.434134
-0.434469
-0.435219
-0.436038
-0.4367
-0.437164
-0.437516
-0.438001
-0.438912
-0.440517
-0.442969
-0.446268
-0.450217
-0.454529
-0.458852
-0.46286
-0.466328
-0.469112
-0.471214
-0.472684
-0.473645
-0.474239
-0.474603
-0.474843
-0.475015
-0.475131
-0.475189
-0.475151
-0.47494
-0.474517
-0.47384
-0.472872
-0.47158
-0.469967
-0.468039
-0.465845
-0.463416
-0.460828
-0.458137
-0.455379
-0.452534
-0.44958
-0.446485
-0.443247
-0.439895
-0.436541
-0.433356
-0.430526
-0.428288
-0.426802
-0.426171
-0.426416
-0.427445
-0.429065
-0.43105
-0.433162
-0.435155
-0.436846
-0.43805
-0.43864
-0.438538
-0.437708
-0.436179
-0.433998
-0.431271
-0.428191
-0.424904
-0.421573
-0.418323
-0.415221
-0.412274
-0.409466
-0.406781
-0.404221
-0.401842
-0.399724
-0.397982
-0.396757
-0.396169
-0.396304
-0.397222
-0.398899
-0.40127
-0.40422
-0.407594
-0.411203
-0.414865
-0.418415
-0.421751
-0.424799
-0.42754
-0.429998
-0.432222
-0.434269
-0.436192
-0.438011
-0.439717
-0.441289
-0.442679
-0.443817
-0.444636
-0.445062
-0.444991
-0.444325
-0.442967
-0.44084
-0.437856
-0.43396
-0.42912
-0.423351
-0.416692
-0.4093
-0.401396
-0.393365
-0.385676
-0.378832
-0.373242
-0.369111
-0.366523
-0.365596
-0.366529
-0.369503
-0.374464
-0.381033
-0.388598
-0.396516
-0.404231
-0.411315
-0.417531
-0.422754
-0.42692
-0.430019
-0.432111
-0.433259
-0.433541
-0.433045
-0.431875
-0.430139
-0.427974
-0.425499
-0.422878
-0.420245
-0.417717
-0.415406
-0.413361
-0.411605
-0.410109
-0.408819
-0.40766
-0.406544
-0.405397
-0.404164
-0.402791
-0.401283
-0.399667
-0.397995
-0.396331
-0.394795
-0.393509
-0.392661
-0.392473
-0.393207
-0.39509
-0.398211
-0.402524
-0.407751
-0.413491
-0.419305
-0.424793
-0.429649
-0.433693
-0.436784
-0.438869
-0.439863
-0.439709
-0.438318
-0.435623
-0.431609
-0.426423
-0.420481
-0.414486
-0.409438
-0.406222
-0.40537
-0.406777
-0.409745
-0.413293
-0.416516
-0.418791
-0.419799
-0.419509
-0.418061
-0.415715
-0.412831
-0.409791
-0.407034
-0.404922
-0.403741
-0.403688
-0.404767
-0.406873
-0.409822
-0.413324
-0.4171
-0.420889
-0.424454
-0.427593
