1.80018
1.80042
1.8007
1.80094
1.80112
1.80119
1.80116
1.80105
1.80091
1.80079
1.80072
1.80072
1.8008
1.80094
1.8011
1.80125
1.80133
1.8013
1.8011
1.80071
1.80008
1.7992
1.79805
1.79659
1.7948
1.79266
1.79014
1.78724
1.78396
1.78032
1.77641
1.77232
1.76824
1.76434
1.76087
1.75801
1.75593
1.75466
1.75409
1.75398
1.75393
1.75353
1.75238
1.75025
1.74716
1.74343
1.73973
1.73689
1.73573
1.73677
1.74017
1.74562
1.75256
1.76029
1.76816
1.77562
1.78231
1.78802
1.79269
1.79632
1.79901
1.80084
1.80192
1.80231
1.80208
1.80128
1.79994
1.79809
1.79575
1.79297
1.78983
1.78646
1.78304
1.77982
1.77708
1.77515
1.77431
1.77472
1.77637
1.77907
1.78249
1.78621
1.78986
1.79312
1.79579
1.7978
1.79918
1.80006
1.80063
1.80111
1.80173
1.80266
1.80399
1.80571
1.80765
1.80956
1.81106
1.81175
1.81125
1.80926
1.80567
1.80059
1.79441
1.78771
1.7811
1.77498
1.76941
1.76412
1.75875
1.75309
1.74732
1.74204
1.73808
1.73621
1.73687
1.73996
1.74497
1.75114
1.75777
1.76435
1.7706
1.77637
1.78166
1.78651
1.79095
1.79505
1.79886
1.80246
1.80595
1.80952
1.81334
1.81752
1.82203
1.82667
1.8311
1.83495
1.83794
1.83985
1.84064
1.84038
1.83924
1.83747
1.83538
1.83324
1.8313
1.82971
1.82848
1.82755
1.82679
1.82608
1.82532
1.82448
1.82363
1.82283
1.82217
1.82174
1.82159
1.82174
1.82216
1.82282
1.82365
1.82455
1.82537
1.82593
1.82602
1.82544
1.82402
1.82169
1.8185
1.81468
1.81066
1.80697
1.80421
1.80284
1.80311
1.80492
1.80783
1.81119
1.81417
1.81598
1.81594
1.81371
1.80943
1.80389
1.79849
1.79479
1.79398
1.79631
1.80116
1.80754
1.81456
1.82161
1.82837
1.8346
1.84011
1.84469
1.84821
1.8506
1.85191
1.85227
1.85191
1.85111
1.85017
1.84935
1.84888
1.84889
1.84943
1.85045
1.85185
1.85352
1.85534
1.85721
1.85903
1.86072
1.86224
1.86352
1.8645
1.86516
1.86545
1.86535
1.86488
1.86406
1.86295
1.86162
1.86016
1.85862
1.85703
1.85536
1.85354
1.8515
1.84919
1.84666
1.84412
1.84183
1.84007
1.83896
1.83837
1.83789
1.83699
1.83512
1.83184
1.82691
1.82025
1.81204
1.80276
1.79339
1.78545
1.78083
1.7812
1.78719
1.798
1.81175
1.82629
1.83991
1.85166
1.86124
1.86876
1.87446
1.87862
1.8814
1.88287
1.88297
1.88157
1.87844
1.87333
1.86601
1.85643
1.84492
1.83236
1.82034
1.81079
1.80528
1.80436
1.80744
1.8132
1.82031
1.82776
1.83487
1.84123
1.84662
1.85095
1.85424
1.85656
1.85806
1.85889
1.85921
1.85916
1.85886
1.85839
1.85781
1.85714
1.85636
1.85541
1.85422
1.85267
1.85068
1.84812
1.84494
1.84108
1.83657
1.83147
1.82591
1.82003
1.81397
1.80784
1.80174
1.79579
1.79016
1.78511
1.78097
1.77804
1.7765
1.77634
1.77732
1.77905
1.78108
1.78306
1.78478
1.78619
1.7874
1.78855
1.78975
1.79101
1.79225
1.79334
1.79413
1.79456
1.79461
1.79434
1.79386
1.79326
1.79258
1.79186
1.79106
1.79014
1.78906
1.78782
1.78642
1.78492
1.78338
1.78186
1.78037
1.7789
1.7774
1.77576
1.77387
1.77166
1.76907
1.76609
1.76281
1.75938
1.75602
1.75298
1.75054
1.74891
1.7482
1.74841
1.74938
1.75087
1.7526
1.7543
1.75575
1.75678
1.7573
1.75726
1.75664
1.75545
1.75368
1.75134
1.74843
1.745
1.74116
1.73709
1.73313
1.72966
1.7271
1.72574
1.72568
1.72679
1.72879
1.7313
1.734
1.73667
1.73913
1.74133
1.74322
1.74478
1.746
1.74688
1.74743
1.74766
1.74761
1.74729
1.74677
1.74608
1.74528
1.74441
1.74351
1.74263
1.74178
1.74099
1.74025
1.73955
1.73887
1.73817
1.73739
1.73649
1.73541
1.73408
1.73244
1.73046
1.7281
1.72538
1.72234
1.71908
1.71574
1.71253
1.70967
1.70742
1.70598
1.7055
1.70604
1.70754
1.70986
1.71278
1.71608
1.71954
1.72296
1.72621
1.72918
1.73184
1.73416
1.73615
1.73784
1.73927
1.74048
1.74152
1.74243
1.74324
1.74399
1.74471
1.74541
1.7461
1.74678
1.74744
1.74804
1.74855
1.74891
1.74904
1.74885
1.74825
1.74714
1.74545
1.74319
1.74047
1.73755
1.73487
1.73293
1.73219
1.73287
1.73486
1.7377
1.74076
1.74339
1.74511
1.74568
1.74516
1.74384
1.7422
1.7408
1.74013
1.74046
1.74181
1.74398
1.74665
1.74951
1.75232
1.75494
1.75727
1.7593
1.76099
1.76235
1.76337
1.76407
1.76447
1.76458
1.76445
1.76409
1.76353
1.76283
1.76203
1.7612
1.76047
1.75995
1.75979
1.76013
1.76108
1.76269
1.76491
1.76763
1.77069
1.77386
1.77693
1.77967
1.78192
1.78353
1.78441
1.78455
1.78395
1.78273
1.78104
1.7791
1.77715
1.77543
1.77408
1.77318
1.77264
1.77233
1.77202
1.77154
1.77075
1.76961
1.76821
1.7668
1.76569
1.76524
1.76575
1.76736
1.76999
1.77339
1.77719
1.78101
1.78453
1.78748
1.78973
1.79117
1.79175
1.79144
1.79023
1.7881
1.78506
1.78116
1.77652
1.77135
1.76598
1.76084
1.75635
1.75283
1.7504
1.74892
1.74808
1.74756
1.74712
1.74668
1.74626
1.74595
1.74576
1.74561
1.74533
1.74476
1.74379
1.74248
1.74108
1.74003
1.73988
1.7411
1.74392
1.74828
1.75378
1.75988
1.76602
1.77176
1.77684
1.78116
1.78472
1.7876
1.78991
1.79174
1.79319
1.7943
1.79511
1.79561
1.79575
1.79547
1.79467
1.79325
1.79108
1.78808
1.78421
1.77956
1.77434
1.76898
1.76403
1.76007
1.75757
1.75671
1.7573
1.7589
1.7609
1.76266
1.76362
1.76333
1.76143
1.75778
1.75246
1.74588
1.73889
1.73268
1.7285
1.7272
1.72888
1.73291
1.7383
1.74405
1.7495
1.75426
1.75821
1.76137
1.76386
1.76585
1.76759
1.76929
1.77114
1.77323
1.77551
1.77786
1.78008
1.78201
1.78351
1.7845
1.78496
1.78492
1.78447
1.78368
1.78268
1.78156
1.78044
1.7794
1.7785
1.77777
1.77723
1.77686
1.77665
1.7766
1.77672
1.77704
1.7776
1.77845
1.77962
1.78115
1.78303
1.78527
1.78783
1.79069
1.79377
1.797
1.80027
1.80348
1.80652
1.80927
1.81163
1.81352
1.81486
1.81557
1.81555
1.81476
1.81312
1.81063
1.80736
1.80348
1.79925
1.79505
1.79132
1.78847
1.7869
1.78688
1.78851
1.79167
1.796
1.801
1.80611
1.81086
1.81489
1.81801
1.82017
1.82147
1.82208
1.82228
1.82238
1.82263
1.82317
1.824
1.82499
1.82594
1.82663
1.82695
1.82688
1.8265
1.82595
1.82544
1.82513
1.82515
1.82555
1.82631
1.82732
1.82844
1.82953
1.8305
1.83127
1.83184
1.83222
1.83243
1.83249
1.83236
1.83201
1.83138
1.83045
1.82922
1.82771
1.82599
1.82411
1.82214
1.82014
1.81812
1.81612
1.81414
1.81224
1.81052
1.80915
1.80832
1.80826
1.80913
1.81101
1.81388
1.8176
1.82192
1.82654
1.83109
1.83524
1.83865
1.84106
1.84235
1.8425
1.84173
1.8404
1.83904
1.83819
1.83833
1.83969
1.8422
1.84557
1.84933
1.85296
1.856
1.85802
1.85865
1.8576
1.85464
1.84971
1.84304
1.83522
1.82721
1.82013
1.81483
1.81167
1.81046
1.81078
1.81231
1.81491
1.81856
1.82315
1.82847
1.83421
1.84003
1.84561
1.85072
1.85513
1.85869
1.86128
1.8628
1.86315
1.86227
1.8601
1.85664
1.85195
1.84619
1.83968
1.83285
1.82625
1.82043
1.81583
1.8127
1.81101
1.81053
1.81086
1.81161
1.81243
1.8131
1.81355
1.81391
1.81439
1.81529
1.81689
1.81935
1.82264
1.8266
1.83091
1.83523
1.83924
1.8427
1.84549
1.84758
1.84905
1.85001
1.8506
1.85097
1.8512
1.85138
1.8515
1.85156
1.85152
1.85131
1.85089
1.85022
1.84925
1.84796
1.84634
1.84441
1.8422
1.83978
1.83719
1.83451
1.83174
1.8289
1.82595
1.82286
1.81963
1.81629
1.81294
1.80975
1.80693
1.80468
1.80319
1.80256
1.8028
1.80382
1.80544
1.80742
1.80954
1.81154
1.81323
1.81443
1.81502
1.81491
1.81408
1.81254
1.81035
1.80764
1.80456
1.80127
1.79795
1.7947
1.79159
1.78865
1.78584
1.78315
1.78059
1.7782
1.77608
1.77434
1.77312
1.77254
1.77268
1.77359
1.77527
1.77764
1.78059
1.78396
1.78757
1.79123
1.79479
1.79812
1.80117
1.8039
1.80636
1.80859
1.81064
1.81256
1.81438
1.81608
1.81765
1.81904
1.82019
1.82101
1.82143
1.82135
1.82068
1.81933
1.8172
1.81422
1.81032
1.80548
1.7997
1.79305
1.78565
1.77775
1.76972
1.76203
1.75519
1.7496
1.74546
1.74287
1.74195
1.74289
1.74586
1.75081
1.75738
1.76496
1.77288
1.78058
1.78767
1.79389
1.79911
1.80327
1.80638
1.80847
1.80961
1.80989
1.80939
1.80822
1.80649
1.80432
1.80185
1.79923
1.7966
1.79408
1.79176
1.78971
1.78795
1.78645
1.78516
1.78401
1.7829
1.78176
1.78052
1.77915
1.77764
1.77602
1.77434
1.77269
1.77115
1.76986
1.76901
1.76882
1.76956
1.77144
1.77457
1.77889
1.78412
1.78986
1.79566
1.80115
1.806
1.81004
1.81313
1.81521
1.81621
1.81606
1.81467
1.81196
1.80794
1.80276
1.79682
1.79084
1.78579
1.78257
1.78172
1.78312
1.78609
1.78964
1.79286
1.79514
1.79615
1.79586
1.79441
1.79207
1.78918
1.78614
1.78338
1.78127
1.7801
1.78004
1.78112
1.78323
1.78618
1.78968
1.79346
1.79725
1.80081
1.80395
