1.20012
1.20028
1.20047
1.20063
1.20074
1.20079
1.20077
1.2007
1.20061
1.20053
1.20048
1.20048
1.20053
1.20062
1.20074
1.20083
1.20089
1.20086
1.20073
1.20047
1.20005
1.19947
1.1987
1.19772
1.19653
1.1951
1.19343
1.19149
1.1893
1.18688
1.18427
1.18155
1.17882
1.17623
1.17391
1.17201
1.17062
1.16977
1.1694
1.16932
1.16929
1.16902
1.16825
1.16683
1.16477
1.16229
1.15982
1.15793
1.15715
1.15785
1.16011
1.16375
1.16837
1.17353
1.17877
1.18375
1.18821
1.19201
1.19512
1.19755
1.19934
1.20056
1.20128
1.20154
1.20139
1.20085
1.19996
1.19872
1.19716
1.19531
1.19322
1.19098
1.1887
1.18654
1.18472
1.18344
1.18287
1.18315
1.18425
1.18605
1.18832
1.19081
1.19324
1.19541
1.19719
1.19853
1.19945
1.20004
1.20042
1.20074
1.20115
1.20177
1.20266
1.20381
1.2051
1.20637
1.20737
1.20783
1.2075
1.20617
1.20378
1.20039
1.19627
1.19181
1.1874
1.18332
1.17961
1.17608
1.1725
1.16872
1.16488
1.16136
1.15872
1.15747
1.15791
1.15997
1.16331
1.16742
1.17185
1.17624
1.1804
1.18425
1.18778
1.191
1.19397
1.1967
1.19924
1.20164
1.20397
1.20635
1.20889
1.21168
1.21469
1.21778
1.22073
1.2233
1.22529
1.22657
1.22709
1.22692
1.22616
1.22498
1.22358
1.22216
1.22087
1.21981
1.21899
1.21837
1.21786
1.21739
1.21688
1.21632
1.21575
1.21522
1.21478
1.2145
1.2144
1.21449
1.21477
1.21521
1.21577
1.21637
1.21691
1.21728
1.21735
1.21696
1.21602
1.21446
1.21233
1.20979
1.2071
1.20464
1.2028
1.2019
1.20208
1.20328
1.20522
1.20746
1.20945
1.21065
1.21063
1.20914
1.20629
1.2026
1.19899
1.19653
1.19599
1.19754
1.20077
1.20503
1.2097
1.21441
1.21891
1.22307
1.22674
1.2298
1.23214
1.23373
1.2346
1.23485
1.23461
1.23408
1.23344
1.2329
1.23259
1.2326
1.23295
1.23363
1.23457
1.23568
1.2369
1.23814
1.23935
1.24048
1.24149
1.24234
1.243
1.24344
1.24363
1.24357
1.24325
1.24271
1.24197
1.24108
1.24011
1.23908
1.23802
1.23691
1.2357
1.23433
1.23279
1.23111
1.22941
1.22788
1.22671
1.22597
1.22558
1.22526
1.22466
1.22341
1.22123
1.21794
1.2135
1.20802
1.20184
1.19559
1.1903
1.18722
1.18746
1.19146
1.19867
1.20784
1.21752
1.2266
1.23444
1.24083
1.24584
1.24964
1.25241
1.25427
1.25525
1.25532
1.25438
1.25229
1.24888
1.24401
1.23762
1.22994
1.22157
1.21356
1.20719
1.20352
1.20291
1.20496
1.2088
1.21354
1.21851
1.22324
1.22749
1.23108
1.23397
1.23616
1.23771
1.23871
1.23926
1.23947
1.23944
1.23924
1.23893
1.23854
1.2381
1.23757
1.23694
1.23615
1.23512
1.23378
1.23208
1.22996
1.22739
1.22438
1.22098
1.21727
1.21335
1.20931
1.20523
1.20116
1.19719
1.19344
1.19007
1.18731
1.18536
1.18434
1.18423
1.18488
1.18603
1.18739
1.18871
1.18985
1.1908
1.1916
1.19237
1.19316
1.194
1.19483
1.19556
1.19609
1.19637
1.1964
1.19623
1.19591
1.1955
1.19506
1.19457
1.19404
1.19343
1.19271
1.19188
1.19095
1.18995
1.18892
1.1879
1.18691
1.18594
1.18493
1.18384
1.18258
1.18111
1.17938
1.17739
1.17521
1.17292
1.17068
1.16865
1.16703
1.16594
1.16547
1.16561
1.16625
1.16724
1.1684
1.16953
1.1705
1.17119
1.17153
1.17151
1.17109
1.1703
1.16912
1.16756
1.16562
1.16334
1.16077
1.15806
1.15542
1.15311
1.1514
1.15049
1.15045
1.1512
1.15252
1.1542
1.156
1.15778
1.15942
1.16089
1.16215
1.16318
1.164
1.16459
1.16496
1.16511
1.16507
1.16486
1.16451
1.16405
1.16352
1.16294
1.16234
1.16175
1.16119
1.16066
1.16017
1.1597
1.15925
1.15878
1.15826
1.15766
1.15694
1.15605
1.15496
1.15364
1.15207
1.15025
1.14823
1.14605
1.14383
1.14169
1.13978
1.13828
1.13732
1.137
1.13736
1.13836
1.1399
1.14185
1.14405
1.14636
1.14864
1.15081
1.15279
1.15456
1.15611
1.15744
1.15856
1.15952
1.16032
1.16101
1.16162
1.16216
1.16266
1.16314
1.16361
1.16407
1.16452
1.16496
1.16536
1.1657
1.16594
1.16603
1.1659
1.1655
1.16476
1.16363
1.16212
1.16031
1.15837
1.15658
1.15529
1.15479
1.15525
1.15657
1.15847
1.1605
1.16226
1.1634
1.16379
1.16344
1.16256
1.16147
1.16053
1.16009
1.16031
1.16121
1.16266
1.16444
1.16634
1.16822
1.16996
1.17152
1.17287
1.174
1.1749
1.17558
1.17605
1.17631
1.17639
1.1763
1.17606
1.17569
1.17522
1.17468
1.17414
1.17365
1.1733
1.17319
1.17342
1.17406
1.17512
1.1766
1.17842
1.18046
1.18258
1.18462
1.18645
1.18794
1.18902
1.18961
1.1897
1.1893
1.18849
1.18736
1.18606
1.18477
1.18362
1.18272
1.18212
1.18176
1.18155
1.18135
1.18103
1.1805
1.17974
1.17881
1.17787
1.17713
1.17683
1.17717
1.17824
1.17999
1.18226
1.18479
1.18734
1.18968
1.19166
1.19315
1.19411
1.1945
1.1943
1.19349
1.19207
1.19004
1.18744
1.18435
1.1809
1.17732
1.17389
1.1709
1.16855
1.16693
1.16594
1.16539
1.16504
1.16475
1.16445
1.16417
1.16397
1.16384
1.16374
1.16355
1.16317
1.16253
1.16165
1.16072
1.16002
1.15992
1.16073
1.16262
1.16552
1.16919
1.17325
1.17734
1.18117
1.18456
1.18744
1.18981
1.19174
1.19327
1.1945
1.19546
1.1962
1.19674
1.19707
1.19717
1.19698
1.19645
1.1955
1.19405
1.19205
1.18948
1.18637
1.18289
1.17932
1.17602
1.17338
1.17172
1.17114
1.17154
1.1726
1.17393
1.17511
1.17575
1.17555
1.17429
1.17186
1.1683
1.16392
1.15926
1.15512
1.15233
1.15146
1.15258
1.15528
1.15886
1.1627
1.16633
1.16951
1.17214
1.17425
1.17591
1.17724
1.17839
1.17953
1.18076
1.18215
1.18367
1.18524
1.18672
1.18801
1.18901
1.18966
1.18997
1.18995
1.18964
1.18912
1.18845
1.18771
1.18696
1.18626
1.18566
1.18518
1.18482
1.18457
1.18443
1.1844
1.18448
1.18469
1.18507
1.18563
1.18642
1.18743
1.18869
1.19018
1.19189
1.19379
1.19585
1.198
1.20018
1.20232
1.20434
1.20618
1.20775
1.20902
1.20991
1.21038
1.21037
1.20984
1.20875
1.20709
1.20491
1.20232
1.1995
1.1967
1.19421
1.19231
1.19127
1.19125
1.19234
1.19445
1.19733
1.20066
1.20407
1.20724
1.20993
1.21201
1.21345
1.21431
1.21472
1.21486
1.21492
1.21509
1.21545
1.216
1.21666
1.21729
1.21775
1.21797
1.21792
1.21766
1.2173
1.21696
1.21675
1.21677
1.21704
1.21754
1.21821
1.21896
1.21969
1.22033
1.22085
1.22122
1.22148
1.22162
1.22166
1.22157
1.22134
1.22092
1.2203
1.21948
1.21848
1.21733
1.21607
1.21476
1.21343
1.21208
1.21075
1.20943
1.20816
1.20702
1.2061
1.20555
1.20551
1.20609
1.20734
1.20926
1.21173
1.21461
1.21769
1.22073
1.22349
1.22577
1.22738
1.22823
1.22834
1.22782
1.22694
1.22602
1.22546
1.22555
1.22646
1.22814
1.23038
1.23289
1.23531
1.23733
1.23868
1.2391
1.2384
1.23643
1.23314
1.22869
1.22348
1.21814
1.21342
1.20989
1.20778
1.20697
1.20719
1.20821
1.20994
1.21237
1.21543
1.21898
1.22281
1.22668
1.23041
1.23381
1.23675
1.23913
1.24085
1.24186
1.2421
1.24151
1.24007
1.23776
1.23463
1.23079
1.22645
1.2219
1.2175
1.21362
1.21055
1.20847
1.20734
1.20702
1.20724
1.20774
1.20829
1.20873
1.20903
1.20927
1.20959
1.2102
1.21126
1.2129
1.21509
1.21773
1.22061
1.22349
1.22616
1.22847
1.23032
1.23172
1.2327
1.23334
1.23373
1.23398
1.23414
1.23425
1.23434
1.23438
1.23434
1.23421
1.23393
1.23348
1.23283
1.23197
1.23089
1.22961
1.22814
1.22652
1.2248
1.223
1.22116
1.21927
1.2173
1.21524
1.21309
1.21086
1.20863
1.2065
1.20462
1.20312
1.20212
1.20171
1.20187
1.20255
1.20362
1.20495
1.20636
1.2077
1.20882
1.20962
1.21001
1.20994
1.20939
1.20836
1.2069
1.20509
1.20304
1.20085
1.19863
1.19647
1.1944
1.19243
1.19056
1.18877
1.18706
1.18547
1.18406
1.1829
1.18208
1.18169
1.18179
1.18239
1.18351
1.18509
1.18706
1.18931
1.19171
1.19415
1.19653
1.19875
1.20078
1.2026
1.20424
1.20573
1.20709
1.20837
1.20958
1.21072
1.21177
1.2127
1.21346
1.21401
1.21428
1.21423
1.21379
1.21288
1.21147
1.20948
1.20688
1.20365
1.1998
1.19536
1.19043
1.18517
1.17981
1.17469
1.17013
1.1664
1.16364
1.16191
1.1613
1.16192
1.1639
1.16721
1.17159
1.17664
1.18192
1.18705
1.19178
1.19593
1.19941
1.20218
1.20425
1.20565
1.20641
1.20659
1.20626
1.20548
1.20432
1.20288
1.20124
1.19949
1.19773
1.19605
1.19451
1.19314
1.19197
1.19097
1.19011
1.18934
1.1886
1.18784
1.18701
1.1861
1.18509
1.18401
1.1829
1.18179
1.18077
1.17991
1.17934
1.17921
1.1797
1.18096
1.18305
1.18593
1.18941
1.19324
1.19711
1.20076
1.204
1.20669
1.20875
1.21014
1.21081
1.21071
1.20978
1.20798
1.20529
1.20184
1.19788
1.1939
1.19053
1.18838
1.18781
1.18875
1.19073
1.19309
1.19524
1.19676
1.19743
1.19724
1.19627
1.19471
1.19279
1.19076
1.18892
1.18751
1.18673
1.18669
1.18741
1.18882
1.19078
1.19312
1.19564
1.19817
1.20054
1.20263
