0 0.301203 0.00416761
1 0.347766 0.133008
2 0.397618 0.155588
3 0.248716 0.127552
4 0.0807509 0.13683
5 0.395909 0.134847
6 0.253348 0.118754
7 0.425565 0.141261
8 0.282716 0.146202
9 0.398205 0.148469
10 0.412971 0.148447
11 0.512107 0.135412
12 0.420935 0.146656
13 0.110684 0.0904871
14 0.12077 0.161002
15 0.155372 0.129691
16 0.273965 0.157315
17 0.151541 0.13869
18 0.360359 0.146524
19 0.406585 0.112001
20 0.276743 0.152039
21 0.412793 0.131532
22 0.338332 0.118446
23 0.338053 0.129506
24 0.282445 0.092453
25 0.24316 0.130021
26 0.184282 0.102527
27 0.399124 0.140708
28 0.393844 0.113041
29 0.554869 0.140842
30 0.349016 0.101295
31 0.497151 0.0976401
32 0.323378 0.093161
33 0.256002 0.177332
34 0.336618 0.080252
35 0.281569 0.101174
36 0.397426 0.131932
37 0.512434 0.097565
38 0.332115 0.114329
39 0.469097 0.0980365
40 0.520887 0.118843
41 0.169107 0.0943558
42 0.487155 0.100554
43 0.306612 0.0868718
44 0.302115 0.101294
45 0.550179 0.1151
46 0.346149 0.0859407
47 0.199881 0.117694
48 0.430528 0.0933031
49 0.415039 0.112277
50 0.247172 0.1287
51 0.278276 0.0944545
52 0.2981 0.110259
53 0.140822 0.0952197
54 0.382197 0.0948512
55 0.29016 0.133425
56 0.286281 0.102955
57 0.164744 0.0846995
58 0.292913 0.0925415
59 0.348981 0.130664
60 0.266889 0.101038
61 0.555549 0.154351
62 0.397385 0.155215
63 0.394163 0.137239
64 0.523367 0.147271
65 0.343023 0.101956
66 0.291565 0.112022
67 0.125574 0.174307
68 0.418285 0.11559
69 0.585653 0.123076
70 0.416755 0.119749
71 0.317538 0.160797
72 0.202276 0.150426
73 0.455817 0.12193
74 0.310009 0.160452
75 0.427829 0.128039
76 0.357068 0.118156
77 0.262087 0.125857
78 0.235671 0.126146
79 0.124419 0.137149
80 0.430793 0.128623
81 0.25265 0.122693
82 0.390115 0.147727
83 0.187729 0.15745
84 0.341683 0.153602
85 0.059418 0.122669
86 0.337459 0.126392
87 0.197169 0.133838
88 0.31015 0.118491
89 0.421306 0.142663
90 0.319372 0.102085
91 0.54316 0.111429
92 0.412448 0.0754936
93 0.4395 0.132309
94 0.327085 0.0732277
95 0.180697 0.107692
96 0.538155 0.0800152
97 0.180627 0.132086
98 0.352853 0.116248
99 0.272309 0.0789417
100 0.182055 0.114229
101 0.400867 0.0934002
102 0.109349 0.144556
103 0.302462 0.102061
104 0.464601 0.131798
105 0.154582 0.1194
106 0.323266 0.11173
107 0.342308 0.11471
108 0.290596 0.100768
109 0.480347 0.0971855
110 0.377214 0.0993211
111 0.290207 0.120281
112 0.419613 0.0916028
113 0.483942 0.0909264
114 0.284459 0.091491
115 0.410398 0.0941886
116 0.285269 0.109311
117 0.273515 0.09121
118 0.412182 0.0968801
119 0.403762 0.0737863
120 0.239916 0.0763088
121 0.494231 0.0879147
122 0.342433 0.113994
123 0.222419 0.114536
124 0.318732 0.103754
125 0.209696 0.108448
126 0.238089 0.0933265
127 0.385624 0.0874265
128 0.271684 0.095562
129 0.26822 0.0802056
130 0.13323 0.107311
131 0.319899 0.119943
132 0.3262 0.120366
133 0.217985 0.102953
134 0.405319 0.067027
135 0.398902 0.131504
136 0.377627 0.105078
137 0.269184 0.104353
138 0.217366 0.0909269
139 0.304878 0.11864
140 0.426706 0.0785307
141 0.401578 0.104845
142 0.38747 0.109247
143 0.216543 0.105772
144 0.380929 0.106918
145 0.347992 0.10244
146 0.449947 0.106318
147 0.474023 0.0882072
148 0.214639 0.0601778
149 0.210599 0.116498
150 0.37761 0.10937
151 0.253083 0.108921
152 0.315616 0.114165
153 0.207952 0.105521
154 0.299292 0.127573
155 0.206844 0.0885217
156 0.370599 0.123694
157 0.347163 0.122875
158 0.142219 0.0890018
159 0.430756 0.107184
160 0.283416 0.060097
161 0.164094 0.139247
162 0.249242 0.130447
163 0.311576 0.111482
164 0.236117 0.0841192
165 0.415146 0.117216
166 0.406645 0.128117
167 0.129868 0.116269
168 0.360887 0.093837
169 0.176196 0.0761308
170 0.217113 0.105001
171 0.449188 0.108809
172 0.423601 0.0827257
173 0.218792 0.105675
174 0.319792 0.125654
175 0.402597 0.134019
176 0.396933 0.117869
177 0.262809 0.0996248
178 0.241368 0.105421
179 0.285856 0.0878855
180 0.366133 0.0955679
181 0.449272 0.111978
182 0.398234 0.093372
183 0.310559 0.110221
184 0.426209 0.109484
185 0.386434 0.0911741
186 0.224196 0.0924454
187 0.276864 0.0994234
188 0.349134 0.119622
189 0.395293 0.0983971
190 0.282115 0.111426
191 0.285962 0.103427
192 0.407576 0.0899862
193 0.319266 0.12993
194 0.258391 0.106591
195 0.418603 0.145396
196 0.355547 0.0877518
197 0.111083 0.119262
198 0.0631928 0.100906
199 0.34102 0.108297
200 0.316347 0.118657
201 0.0484653 0.153243
202 0.54227 0.106727
203 0.389293 0.129268
204 0.39407 0.120757
205 0.453926 0.133636
206 0.134971 0.125314
207 0.482207 0.0964713
208 0.633182 0.0912927
209 0.212593 0.125894
210 0.301561 0.134485
211 0.355999 0.115968
212 0.513274 0.0936249
213 0.570874 0.113243
214 0.132534 0.0930065
215 0.293981 0.139988
216 0.306755 0.0767679
217 0.272892 0.142887
218 0.277374 0.0918052
219 0.393103 0.104956
220 0.575936 0.107347
221 0.323072 0.143777
222 0.291427 0.162782
223 0.23247 0.116048
224 0.314729 0.129005
225 0.263189 0.181641
226 0.207338 0.108798
227 0.431653 0.135078
228 0.150824 0.133898
229 0.0574224 0.149968
230 0.492607 0.11175
231 0.359345 0.157959
232 0.256186 0.114184
233 0.288115 0.11575
234 0.363087 0.153551
235 0.295001 0.170743
236 0.279428 0.131881
237 0.564861 0.150688
238 0.296226 0.102434
239 0.423795 0.0779477
240 0.415813 0.121023
241 0.26345 0.0975132
242 0.438629 0.134101
243 0.590751 0.105951
244 0.407105 0.0882319
245 0.329404 0.108053
246 0.216973 0.118972
247 0.31258 0.127126
248 0.247973 0.0898901
249 0.21516 0.0913228
250 0.440376 0.138092
251 0.364697 0.120282
252 0.162501 0.0716777
253 0.144935 0.0967137
254 0.413925 0.100557
255 0.427564 0.12208
256 0.387443 0.104062
257 0.443799 0.0898888
258 0.455051 0.112626
259 0.392403 0.0835673
260 0.195657 0.129914
261 0.34729 0.10861
262 0.360769 0.104418
263 0.593281 0.146331
264 0.281281 0.140147
265 0.381769 0.111052
266 0.282845 0.113832
267 0.385984 0.118873
268 0.273279 0.125407
269 0.396761 0.0838898
270 0.23202 0.105416
271 0.362188 0.113096
272 0.385243 0.0981927
273 0.384713 0.111064
274 0.326066 0.157209
275 0.370609 0.126435
276 0.559853 0.134614
277 0.356333 0.0938745
278 0.470767 0.103135
279 0.318457 0.11986
280 0.209979 0.102727
281 0.185489 0.15215
282 0.347043 0.132087
283 0.0812039 0.0902696
284 0.182335 0.139806
285 0.0869782 0.161789
286 0.222238 0.139374
287 0.252858 0.0869364
288 0.280829 0.140085
289 0.421464 0.103844
290 0.331941 0.122501
291 0.248283 0.123341
292 0.186006 0.154028
293 0.211131 0.176532
294 0.34671 0.149582
295 0.381871 0.15539
296 0.321901 0.104821
297 0.523965 0.141628
298 0.254319 0.156854
299 0.292402 0.00380937
