0 0.299167 0.00417829
1 -0.0900505 0.163055
2 0.263562 0.14459
3 0.190822 0.167672
4 0.468692 0.14818
5 0.308325 0.187985
6 0.416338 0.137498
7 0.25995 0.132107
8 0.468453 0.141963
9 0.295374 0.11711
10 0.63269 0.168479
11 0.376624 0.160387
12 0.461525 0.131857
13 0.336725 0.178934
14 0.330422 0.126053
15 0.442664 0.126999
16 0.472001 0.139194
17 0.410359 0.156404
18 0.365363 0.157395
19 -0.00362094 0.110231
20 0.42653 0.113955
21 0.582332 0.0989897
22 0.536405 0.140658
23 0.408031 0.136994
24 0.264723 0.119611
25 0.21214 0.162072
26 0.462152 0.115237
27 0.406483 0.150405
28 0.352818 0.149024
29 0.211373 0.103068
30 0.246438 0.127966
31 0.45332 0.118515
32 0.23728 0.109028
33 0.379205 0.162865
34 0.131349 0.131745
35 0.0895929 0.105225
36 0.503571 0.119678
37 0.466211 0.146984
38 0.384417 0.145731
39 0.290722 0.134236
40 0.384054 0.101058
41 0.199927 0.160031
42 0.443841 0.148453
43 0.310096 0.159954
44 0.0430704 0.121157
45 0.460585 0.0989495
46 0.333813 0.136988
47 0.5059 0.108612
48 0.241067 0.128839
49 0.275552 0.125863
50 0.5042 0.106816
51 0.407489 0.0674039
52 0.400455 0.104436
53 0.310045 0.0866383
54 0.0473744 0.138041
55 0.332751 0.135875
56 0.174337 0.124102
57 0.352022 0.141847
58 0.303786 0.0970793
59 0.152233 0.122742
60 0.307457 0.135715
61 0.592347 0.139625
62 0.436847 0.161598
63 0.293083 0.157331
64 0.235074 0.146122
65 0.561639 0.160378
66 0.157966 0.182252
67 0.344822 0.151733
68 0.557943 0.127745
69 0.343759 0.128715
70 0.406721 0.156823
71 0.272488 0.153718
72 0.345849 0.139605
73 0.5226 0.162923
74 0.444225 0.142258
75 0.300932 0.154011
76 0.135761 0.107801
77 0.445684 0.15823
78 0.526577 0.141914
79 0.439915 0.12999
80 0.407796 0.150258
81 0.144806 0.139133
82 0.352344 0.148973
83 0.300365 0.127039
84 0.338728 0.116113
85 0.279312 0.155967
86 0.353777 0.105506
87 0.380503 0.131419
88 0.323004 0.155384
89 0.26042 0.0974728
90 0.326367 0.106427
91 0.116986 0.148041
92 0.499115 0.105776
93 0.057113 0.117292
94 0.245948 0.14487
95 0.277527 0.11388
96 0.220706 0.109394
97 0.391075 0.151975
98 0.585779 0.0812459
99 0.0798922 0.148052
100 0.46403 0.150461
101 0.100785 0.134674
102 0.444943 0.146916
103 0.34788 0.103193
104 0.43981 0.156286
105 0.199954 0.133701
106 0.365824 0.131953
107 0.363055 0.115623
108 0.299836 0.113645
109 0.43461 0.116424
110 0.246804 0.0910795
111 0.360267 0.125312
112 0.0768348 0.147284
113 0.593555 0.114486
114 0.318284 0.115673
115 0.377721 0.127362
116 0.334368 0.175632
117 0.244482 0.140228
118 0.341942 0.117116
119 0.432344 0.132759
120 0.451312 0.0986502
121 0.170458 0.150141
122 0.237793 0.0953102
123 0.393327 0.103826
124 0.440545 0.101716
125 0.107924 0.141756
126 0.343747 0.11822
127 0.232557 0.126802
128 0.258803 0.118667
129 0.314726 0.123669
130 0.415898 0.119977
131 0.266872 0.106663
132 0.348804 0.111722
133 0.303647 0.122441
134 0.443194 0.123439
135 0.122301 0.11407
136 0.149542 0.132906
137 0.199457 0.123165
138 0.524757 0.12349
139 0.488475 0.0867509
140 0.169304 0.129141
141 0.24911 0.103452
142 0.304734 0.145342
143 0.476864 0.0808534
144 0.313014 0.123964
145 0.0602162 0.115352
146 0.421132 0.12967
147 0.183866 0.118325
148 0.194387 0.130794
149 0.480958 0.109536
150 0.389545 0.0864994
151 0.468099 0.118655
152 0.217299 0.103866
153 0.375386 0.130674
154 0.363973 0.152084
155 0.29181 0.112668
156 0.00304846 0.167517
157 0.308393 0.116992
158 0.370178 0.103332
159 0.40764 0.124073
160 0.341701 0.140344
161 0.284678 0.102851
162 0.314875 0.0819418
163 0.206098 0.151522
164 0.248944 0.113626
165 0.254311 0.109505
166 -0.119243 0.121311
167 0.196069 0.118552
168 0.340181 0.0859349
169 0.309746 0.0907264
170 0.29295 0.0991041
171 0.388771 0.110186
172 0.357168 0.139809
173 0.362349 0.107808
174 0.341574 0.105656
175 0.0766386 0.102751
176 0.463409 0.121796
177 0.477711 0.119843
178 0.247549 0.0922003
179 0.320825 0.087445
180 0.197863 0.122277
181 0.59774 0.135338
182 0.126772 0.0889614
183 0.214058 0.120098
184 0.073113 0.141611
185 0.359175 0.118735
186 0.119924 0.13809
187 0.0295868 0.0962736
188 0.31485 0.138702
189 0.459525 0.0989566
190 0.388981 0.128263
191 0.461776 0.146997
192 0.178685 0.128673
193 0.199042 0.118096
194 0.339506 0.104777
195 0.180141 0.16005
196 0.222108 0.12076
197 0.445196 0.111319
198 0.552506 0.126721
199 0.328539 0.112812
200 0.26194 0.107267
201 0.168128 0.13413
202 0.309338 0.113891
203 0.285776 0.0892078
204 0.128515 0.124847
205 0.554215 0.160437
206 0.527664 0.123921
207 0.16548 0.128329
208 0.476976 0.137907
209 0.173415 0.129323
210 0.28626 0.148028
211 0.344183 0.138741
212 0.220431 0.126818
213 0.358251 0.119991
214 0.280916 0.0965928
215 0.403095 0.1878
216 0.0490394 0.13004
217 -0.0219772 0.153088
218 0.271633 0.148757
219 0.235433 0.118797
220 0.433651 0.123465
221 0.249456 0.147334
222 0.443047 0.187685
223 0.591695 0.109356
224 0.334376 0.116728
225 0.546683 0.179043
226 0.25226 0.163276
227 0.031362 0.171167
228 0.278943 0.182631
229 0.25976 0.14061
230 0.39007 0.103404
231 0.577725 0.157884
232 0.333595 0.111074
233 0.136724 0.133891
234 0.299981 0.150322
235 0.392182 0.134827
236 0.499074 0.123706
237 0.0817408 0.139674
238 0.437783 0.0794037
239 0.344988 0.120353
240 0.374468 0.0998913
241 0.54337 0.114373
242 0.199204 0.124566
243 0.328211 0.104614
244 0.351923 0.116973
245 0.230047 0.13098
246 0.23745 0.15633
247 0.410743 0.103147
248 0.385541 0.124799
249 0.331451 0.1487
250 0.372202 0.145042
251 0.492002 0.124492
252 0.482013 0.128801
253 0.359479 0.133789
254 0.278963 0.123733
255 0.129812 0.136938
256 0.192611 0.136523
257 0.266499 0.149283
258 0.255389 0.115902
259 0.427828 0.145933
260 0.427657 0.157017
261 0.337911 0.130195
262 0.28214 0.146586
263 0.127773 0.124674
264 0.434234 0.122922
265 0.184539 0.131598
266 0.377625 0.13256
267 0.17831 0.128856
268 0.368319 0.110274
269 0.220214 0.112142
270 0.226308 0.148275
271 0.344426 0.155113
272 0.391584 0.123485
273 0.504858 0.138582
274 0.487951 0.0913123
275 0.44127 0.176449
276 0.450331 0.138058
277 0.22695 0.132981
278 0.115186 0.124063
279 0.25945 0.151498
280 0.364416 0.141502
281 0.187866 0.153789
282 0.32172 0.132375
283 0.383765 0.139826
284 0.524945 0.13502
285 0.312576 0.143358
286 0.246921 0.14824
287 0.552434 0.143017
288 0.512783 0.136514
289 0.23031 0.158272
290 -0.29999 0.165643
291 0.467405 0.173554
292 0.149975 0.154802
293 0.294592 0.11534
294 0.17361 0.178566
295 0.42162 0.125852
296 0.464475 0.142288
297 0.117083 0.157036
298 0.344885 0.177047
299 0.297147 0.00314748
