0 -0.469171 0.00967029
1 -0.565481 0.009199
2 -0.629354 0.00662617
3 -0.667793 0.00668527
4 -0.704438 0.00435329
5 -0.733162 0.00407157
6 -0.749676 0.00513583
7 -0.761975 0.0045059
8 -0.774027 0.00489083
9 -0.778396 0.00492423
10 -0.781454 0.00481303
11 -0.782654 0.00530739
12 -0.785921 0.00399361
13 -0.785928 0.00443113
14 -0.788407 0.0031949
15 -0.789887 0.0032051
16 -0.788904 0.0034723
17 -0.782796 0.0033962
18 -0.784725 0.00367113
19 -0.785047 0.0039782
20 -0.787103 0.00411495
21 -0.790597 0.00359391
22 -0.788035 0.00343254
23 -0.789962 0.00341142
24 -0.786032 0.00312194
25 -0.783049 0.00411702
26 -0.78636 0.0035383
27 -0.782988 0.00450866
28 -0.784323 0.00359742
29 -0.781452 0.00418903
30 -0.781032 0.00465792
31 -0.776866 0.00423768
32 -0.776368 0.00391458
33 -0.778208 0.00399173
34 -0.783721 0.00422215
35 -0.782889 0.00377441
36 -0.784044 0.00432792
37 -0.783786 0.00405588
38 -0.783345 0.00484936
39 -0.780308 0.00397311
40 -0.780702 0.00363979
41 -0.780302 0.00433987
42 -0.778455 0.00363272
43 -0.78253 0.00349603
44 -0.780191 0.00281338
45 -0.780061 0.00319863
46 -0.77734 0.0032536
47 -0.77894 0.00347273
48 -0.781019 0.00355585
49 -0.778039 0.00405606
50 -0.780183 0.00395616
51 -0.780086 0.00381838
52 -0.782522 0.00439256
53 -0.783017 0.00452441
54 -0.780449 0.0057042
55 -0.780946 0.00445568
56 -0.782413 0.00455336
57 -0.783693 0.00471288
58 -0.785717 0.00520229
59 -0.781445 0.00494675
60 -0.780817 0.00509912
61 -0.781959 0.004578
62 -0.779615 0.00356642
63 -0.778875 0.00440001
64 -0.778267 0.00532356
65 -0.775007 0.00424099
66 -0.77626 0.00490643
67 -0.780726 0.00476001
68 -0.781723 0.0040314
69 -0.784407 0.00378018
70 -0.779594 0.00356184
71 -0.7776 0.0038914
72 -0.779932 0.00439663
73 -0.778336 0.00465122
74 -0.779168 0.00423808
75 -0.775126 0.0036858
76 -0.782742 0.00304755
77 -0.785034 0.0038269
78 -0.784001 0.00324029
79 -0.782773 0.00446565
80 -0.779291 0.00370243
81 -0.779636 0.00374497
82 -0.781103 0.00470297
83 -0.781256 0.00478709
84 -0.784322 0.00530028
85 -0.78255 0.0051386
86 -0.776582 0.00412904
87 -0.776967 0.00315627
88 -0.77736 0.00415687
89 -0.778112 0.00393699
90 -0.781476 0.00414219
91 -0.781206 0.00342695
92 -0.785361 0.00354968
93 -0.78357 0.00416079
94 -0.78107 0.00410736
95 -0.781172 0.00472224
96 -0.778028 0.00428428
97 -0.780085 0.0047749
98 -0.784237 0.0044594
99 -0.785256 0.00381019
100 -0.783763 0.00482499
101 -0.781099 0.00401573
102 -0.778915 0.00492238
103 -0.776247 0.00512715
104 -0.781924 0.00524685
105 -0.777285 0.00459151
106 -0.778476 0.00417849
107 -0.7771 0.00437816
108 -0.775007 0.00430605
109 -0.776071 0.00456289
110 -0.775385 0.00500173
111 -0.7771 0.0047574
112 -0.774025 0.00393107
113 -0.773106 0.00383855
114 -0.777139 0.00350959
115 -0.778009 0.00409869
116 -0.77596 0.00409658
117 -0.781356 0.00382675
118 -0.78377 0.00297483
119 -0.784536 0.00291813
120 -0.78093 0.00346881
121 -0.783313 0.00298758
122 -0.781761 0.002974
123 -0.785991 0.00284253
124 -0.786635 0.00321917
125 -0.78325 0.00279666
126 -0.780427 0.00325225
127 -0.782846 0.00344979
128 -0.783868 0.00327134
129 -0.783623 0.00349808
130 -0.782716 0.00299602
131 -0.780017 0.00265563
132 -0.783592 0.00247606
133 -0.782983 0.00241403
134 -0.783439 0.00245602
135 -0.783601 0.00359521
136 -0.781821 0.00346934
137 -0.780251 0.00473992
138 -0.77672 0.00385754
139 -0.782645 0.00284138
140 -0.779326 0.00234065
141 -0.777971 0.00265211
142 -0.779028 0.00355508
143 -0.777435 0.00422224
144 -0.780911 0.00386433
145 -0.780955 0.00379257
146 -0.781615 0.00288059
147 -0.784845 0.00271205
148 -0.784756 0.00305733
149 -0.786738 0.00346576
150 -0.788553 0.003735
151 -0.785524 0.00320661
152 -0.781069 0.00403564
153 -0.779963 0.0039334
154 -0.777522 0.0043709
155 -0.775703 0.00487076
156 -0.77759 0.00434602
157 -0.77582 0.00350154
158 -0.77745 0.00311027
159 -0.778157 0.00246238
160 -0.777162 0.00344435
161 -0.779002 0.0036683
162 -0.778456 0.00392349
163 -0.77597 0.00376677
164 -0.781781 0.00347195
165 -0.777287 0.00357532
166 -0.775951 0.00358658
167 -0.775252 0.00272017
168 -0.776159 0.00367239
169 -0.779821 0.00332293
170 -0.778928 0.00329173
171 -0.780943 0.00365481
172 -0.778177 0.00336309
173 -0.779681 0.00416643
174 -0.784844 0.00505343
175 -0.784191 0.00371168
176 -0.78526 0.00404281
177 -0.785109 0.00431797
178 -0.786791 0.00393398
179 -0.784535 0.00440252
180 -0.783733 0.00372864
181 -0.783009 0.00335239
182 -0.781775 0.00302556
183 -0.780476 0.00319617
184 -0.778302 0.00340126
185 -0.779437 0.00343248
186 -0.778286 0.00364358
187 -0.775521 0.00384489
188 -0.776783 0.00363233
189 -0.782445 0.00325564
190 -0.787092 0.00270401
191 -0.780896 0.00407807
192 -0.781055 0.00312291
193 -0.778818 0.00263484
194 -0.782743 0.0030488
195 -0.783005 0.00349888
196 -0.776896 0.00367838
197 -0.779509 0.00383207
198 -0.78193 0.00387957
199 -0.78151 0.00333199
200 -0.77935 0.00324162
201 -0.780403 0.00382784
202 -0.779551 0.00386467
203 -0.776082 0.00433661
204 -0.779655 0.00453449
205 -0.783868 0.00512691
206 -0.78101 0.00376954
207 -0.781689 0.00437756
208 -0.78233 0.00458243
209 -0.783403 0.00355236
210 -0.779422 0.00353387
211 -0.774118 0.004583
212 -0.778302 0.00443529
213 -0.782862 0.00400623
214 -0.781127 0.00361704
215 -0.778489 0.00405233
216 -0.778001 0.00340347
217 -0.77863 0.00436128
218 -0.782475 0.00346721
219 -0.782238 0.00401272
220 -0.783386 0.00367564
221 -0.784931 0.00317751
222 -0.789227 0.00425406
223 -0.786868 0.00492786
224 -0.78572 0.00497756
225 -0.785327 0.00416662
226 -0.783994 0.00447721
227 -0.779142 0.00371426
228 -0.775427 0.00361249
229 -0.779259 0.00437461
230 -0.780804 0.00460528
231 -0.782662 0.00321261
232 -0.78321 0.00513125
233 -0.781952 0.00543429
234 -0.782052 0.00442918
235 -0.780067 0.00428073
236 -0.779367 0.00530812
237 -0.775473 0.00500204
238 -0.779235 0.00492116
239 -0.780512 0.0052953
240 -0.777097 0.00623654
241 -0.778095 0.00445614
242 -0.78055 0.00450661
243 -0.78342 0.00437649
244 -0.781754 0.00359665
245 -0.784781 0.00375812
246 -0.785103 0.00455509
247 -0.782389 0.00368616
248 -0.781981 0.00260395
249 -0.78059 0.00270748
250 -0.784979 0.00261845
251 -0.783457 0.00267577
252 -0.785263 0.00355527
253 -0.782587 0.00371971
254 -0.780594 0.00414184
255 -0.783679 0.00424593
256 -0.779436 0.00396333
257 -0.782006 0.00356309
258 -0.781218 0.00367395
259 -0.781248 0.00310835
260 -0.77703 0.00358521
261 -0.77904 0.00315818
262 -0.778446 0.00284691
263 -0.775119 0.00336437
264 -0.781161 0.0030386
265 -0.783442 0.00341312
266 -0.784493 0.00375141
267 -0.788865 0.00379583
268 -0.794795 0.00345019
269 -0.789062 0.00348406
270 -0.790571 0.00272681
271 -0.796287 0.00332023
272 -0.791261 0.00371444
273 -0.785691 0.00497821
274 -0.783689 0.00497064
275 -0.785186 0.00489615
276 -0.782801 0.00458674
277 -0.787767 0.0035996
278 -0.793187 0.00320108
279 -0.793336 0.00340104
280 -0.791826 0.00422362
281 -0.789696 0.00421058
282 -0.790897 0.00471708
283 -0.787179 0.00393458
284 -0.790869 0.00391822
285 -0.785149 0.00474165
286 -0.782133 0.0039853
287 -0.783349 0.00466654
288 -0.785397 0.00549894
289 -0.778363 0.00503874
290 -0.770937 0.00531321
291 -0.75755 0.00446912
292 -0.749612 0.00525659
293 -0.742139 0.0053164
294 -0.719185 0.00493587
295 -0.699787 0.00608915
296 -0.663642 0.00760608
297 -0.620647 0.00829022
298 -0.551779 0.00936179
299 -0.458447 0.0106878
