0 -0.754931 0.00340164
1 -0.757839 0.00301768
2 -0.758425 0.00260944
3 -0.760001 0.00277291
4 -0.762217 0.00247037
5 -0.761987 0.002735
6 -0.763758 0.00295431
7 -0.7679 0.00290023
8 -0.768454 0.00288298
9 -0.766054 0.00277356
10 -0.767656 0.00243809
11 -0.767955 0.00274343
12 -0.769056 0.00263467
13 -0.766915 0.00273867
14 -0.766544 0.00278766
15 -0.768565 0.00308708
16 -0.769216 0.00441044
17 -0.770775 0.00362436
18 -0.771623 0.00348712
19 -0.771891 0.00361887
20 -0.774108 0.00354922
21 -0.776809 0.0033811
22 -0.776565 0.00336078
23 -0.775829 0.00274385
24 -0.773983 0.00267773
25 -0.772993 0.00283386
26 -0.772951 0.00316144
27 -0.77581 0.00293233
28 -0.772506 0.00278194
29 -0.77315 0.00286454
30 -0.773148 0.00236906
31 -0.774002 0.00245569
32 -0.776321 0.00225315
33 -0.777008 0.00218185
34 -0.77799 0.00193913
35 -0.779457 0.00239507
36 -0.778034 0.00219698
37 -0.778787 0.0019587
38 -0.777805 0.00245074
39 -0.778734 0.00260182
40 -0.77925 0.00285956
41 -0.781817 0.00267217
42 -0.781395 0.00239271
43 -0.780186 0.00335246
44 -0.781019 0.00347795
45 -0.780863 0.00360426
46 -0.782675 0.00301573
47 -0.780358 0.00280864
48 -0.779685 0.00279361
49 -0.780815 0.00320984
50 -0.781313 0.00270455
51 -0.781772 0.00240822
52 -0.780504 0.00192765
53 -0.778962 0.00190395
54 -0.780899 0.00194478
55 -0.780273 0.00216947
56 -0.778829 0.00199974
57 -0.77763 0.00213112
58 -0.777961 0.00239658
59 -0.779421 0.00253597
60 -0.779175 0.0024994
61 -0.781388 0.00246256
62 -0.78206 0.00240595
63 -0.783352 0.00263141
64 -0.783011 0.002934
65 -0.78387 0.00312628
66 -0.780812 0.00294087
67 -0.778994 0.00296828
68 -0.779987 0.0027522
69 -0.777835 0.00268077
70 -0.780986 0.0029345
71 -0.779701 0.00347909
72 -0.77833 0.00316811
73 -0.778726 0.00292952
74 -0.778372 0.00251776
75 -0.778661 0.00278184
76 -0.77858 0.00318897
77 -0.777423 0.00294676
78 -0.775442 0.00255694
79 -0.776682 0.00259728
80 -0.777299 0.00313496
81 -0.77766 0.00363608
82 -0.777466 0.00395203
83 -0.777688 0.00377281
84 -0.776406 0.0040322
85 -0.777064 0.00403452
86 -0.777675 0.00349169
87 -0.780165 0.00320413
88 -0.779057 0.00312731
89 -0.780329 0.00298536
90 -0.780277 0.00275394
91 -0.780592 0.00269863
92 -0.778981 0.00257565
93 -0.779101 0.00246794
94 -0.779227 0.00224536
95 -0.781415 0.00240912
96 -0.783931 0.00218838
97 -0.784449 0.00256748
98 -0.784092 0.00280772
99 -0.783532 0.00275154
100 -0.784903 0.00279997
101 -0.784199 0.00280975
102 -0.782576 0.00257987
103 -0.781029 0.00267181
104 -0.782263 0.00302009
105 -0.780931 0.00284223
106 -0.780656 0.00283809
107 -0.780988 0.00347403
108 -0.78066 0.00357327
109 -0.780736 0.00387494
110 -0.781354 0.00359434
111 -0.784624 0.00360542
112 -0.7836 0.00322281
113 -0.783446 0.00335228
114 -0.782696 0.00352431
115 -0.782824 0.00371261
116 -0.782985 0.00360021
117 -0.785708 0.00330573
118 -0.784663 0.00302634
119 -0.782929 0.00275835
120 -0.782232 0.00264734
121 -0.782486 0.00274241
122 -0.781909 0.00299209
123 -0.782204 0.00285752
124 -0.782952 0.00280393
125 -0.783915 0.00219167
126 -0.784273 0.00211293
127 -0.785754 0.00231866
128 -0.786854 0.00235625
129 -0.786979 0.00234243
130 -0.786127 0.00181977
131 -0.785325 0.00174217
132 -0.785601 0.00183339
133 -0.785913 0.00146417
134 -0.78528 0.00198839
135 -0.786489 0.00225986
136 -0.787123 0.00222571
137 -0.786373 0.0024428
138 -0.786889 0.00265605
139 -0.785716 0.00264053
140 -0.786738 0.00260123
141 -0.786549 0.00196737
142 -0.787069 0.00229462
143 -0.78618 0.00270592
144 -0.785637 0.00284167
145 -0.785842 0.00322105
146 -0.785516 0.00322021
147 -0.7857 0.00306726
148 -0.785036 0.00288085
149 -0.78476 0.00353742
150 -0.785501 0.00334193
151 -0.786285 0.00313391
152 -0.786195 0.00356993
153 -0.78502 0.00364372
154 -0.785151 0.00304096
155 -0.783671 0.00319712
156 -0.784568 0.00318773
157 -0.784456 0.00310826
158 -0.784983 0.00344354
159 -0.785476 0.00336641
160 -0.785504 0.00359513
161 -0.783307 0.00312752
162 -0.782251 0.00301897
163 -0.782463 0.00325805
164 -0.782799 0.00316107
165 -0.782676 0.00309495
166 -0.781838 0.0031292
167 -0.781149 0.00284754
168 -0.779715 0.00316475
169 -0.780457 0.00281252
170 -0.780397 0.00319809
171 -0.781557 0.00299081
172 -0.781109 0.00331662
173 -0.779197 0.00310422
174 -0.779253 0.00306798
175 -0.779448 0.00289775
176 -0.781358 0.0023765
177 -0.78246 0.00219891
178 -0.782551 0.00246344
179 -0.783756 0.00283892
180 -0.785896 0.00300796
181 -0.785836 0.00284325
182 -0.783442 0.0026387
183 -0.78156 0.00311527
184 -0.781252 0.00297472
185 -0.781558 0.00248697
186 -0.781224 0.00244987
187 -0.78223 0.00247068
188 -0.782561 0.00259947
189 -0.786711 0.00291292
190 -0.783623 0.00288245
191 -0.782796 0.00284023
192 -0.781881 0.00252067
193 -0.78138 0.00256644
194 -0.779486 0.00294629
195 -0.778982 0.00229054
196 -0.780101 0.00226849
197 -0.780731 0.00251686
198 -0.782727 0.00250345
199 -0.781818 0.0029921
200 -0.782445 0.00302182
201 -0.781665 0.00318498
202 -0.78003 0.00269034
203 -0.779676 0.00299847
204 -0.781715 0.00293007
205 -0.780572 0.00240463
206 -0.781697 0.00236879
207 -0.78312 0.00222251
208 -0.781648 0.00215857
209 -0.782174 0.00197753
210 -0.781201 0.0024901
211 -0.779951 0.00253214
212 -0.779333 0.00250431
213 -0.779821 0.00249921
214 -0.778807 0.00231247
215 -0.779085 0.00247922
216 -0.78081 0.00204162
217 -0.779734 0.00262472
218 -0.780236 0.00264227
219 -0.77856 0.00269831
220 -0.77685 0.00275829
221 -0.777917 0.00242928
222 -0.777226 0.00243085
223 -0.777594 0.00230566
224 -0.777822 0.00241622
225 -0.77906 0.00222188
226 -0.780194 0.00272249
227 -0.780626 0.00275069
228 -0.779588 0.00256519
229 -0.779605 0.00215445
230 -0.778922 0.00192462
231 -0.780021 0.00177093
232 -0.780786 0.00183669
233 -0.781267 0.00235488
234 -0.781755 0.00234107
235 -0.781857 0.00242905
236 -0.780214 0.00255142
237 -0.77952 0.00274341
238 -0.778819 0.0028857
239 -0.778918 0.00308066
240 -0.779521 0.00262757
241 -0.778897 0.00264917
242 -0.777051 0.00296273
243 -0.775913 0.00298685
244 -0.775486 0.00315862
245 -0.774993 0.00302336
246 -0.775114 0.00344393
247 -0.772657 0.00317172
248 -0.775843 0.00298058
249 -0.774987 0.00282444
250 -0.776222 0.00270915
251 -0.777844 0.00288889
252 -0.778514 0.00272302
253 -0.778541 0.0024984
254 -0.779693 0.00308687
255 -0.779394 0.00325592
256 -0.780377 0.00313386
257 -0.781675 0.00271342
258 -0.784422 0.00319787
259 -0.782827 0.0032478
260 -0.782182 0.00368384
261 -0.781383 0.0035863
262 -0.78484 0.00351061
263 -0.784191 0.00355355
264 -0.782625 0.00369814
265 -0.781599 0.00374389
266 -0.782727 0.00404198
267 -0.780132 0.00403224
268 -0.778971 0.00383131
269 -0.779796 0.00339646
270 -0.781293 0.00364165
271 -0.781909 0.00355588
272 -0.779569 0.00360176
273 -0.779855 0.00363538
274 -0.78107 0.00391814
275 -0.77963 0.00359179
276 -0.778494 0.00395218
277 -0.777317 0.00360378
278 -0.778261 0.00334986
279 -0.779887 0.0036395
280 -0.779255 0.00368158
281 -0.780017 0.00355727
282 -0.779052 0.00323684
283 -0.778284 0.00320773
284 -0.779594 0.0031898
285 -0.780078 0.0033185
286 -0.778779 0.00294538
287 -0.775931 0.003459
288 -0.776769 0.00341463
289 -0.775283 0.0036926
290 -0.77501 0.00347651
291 -0.773223 0.00346717
292 -0.772818 0.00339162
293 -0.76947 0.00299233
294 -0.767035 0.00339477
295 -0.767316 0.00370243
296 -0.76656 0.0038191
297 -0.763382 0.00349231
298 -0.762789 0.0042547
299 -0.760026 0.00385374
