0 -0.766307 0.00393161
1 -0.768921 0.0050131
2 -0.770997 0.00437136
3 -0.767648 0.00422489
4 -0.771463 0.00337623
5 -0.771243 0.00380378
6 -0.775336 0.00489931
7 -0.774366 0.00533209
8 -0.774863 0.00534389
9 -0.777144 0.00514656
10 -0.779961 0.00455498
11 -0.786692 0.00442384
12 -0.78408 0.00464068
13 -0.78382 0.00444087
14 -0.783672 0.00442747
15 -0.784072 0.00492577
16 -0.782987 0.00495028
17 -0.782492 0.00395344
18 -0.786309 0.00348261
19 -0.782824 0.00322498
20 -0.781965 0.00342095
21 -0.784969 0.00294549
22 -0.78536 0.00424789
23 -0.782651 0.00368797
24 -0.785558 0.00404182
25 -0.782521 0.00537464
26 -0.785088 0.00472226
27 -0.783243 0.00332956
28 -0.782479 0.00319976
29 -0.780632 0.00335784
30 -0.779913 0.0040951
31 -0.78095 0.00347257
32 -0.785212 0.0037168
33 -0.782872 0.00371995
34 -0.78828 0.00408235
35 -0.786345 0.00425572
36 -0.787863 0.00417813
37 -0.786891 0.00370256
38 -0.785041 0.00452308
39 -0.786953 0.0050822
40 -0.789472 0.00526844
41 -0.791232 0.00455543
42 -0.78729 0.00490108
43 -0.787939 0.00451797
44 -0.783297 0.00520596
45 -0.78247 0.00490619
46 -0.784142 0.0045136
47 -0.784598 0.00394379
48 -0.782664 0.0036224
49 -0.783993 0.00352357
50 -0.78626 0.00379977
51 -0.783458 0.00365384
52 -0.78296 0.00358072
53 -0.781821 0.00336457
54 -0.775451 0.00294729
55 -0.778147 0.00276017
56 -0.777072 0.00360005
57 -0.777358 0.00378121
58 -0.779709 0.00350563
59 -0.778718 0.00436481
60 -0.77903 0.00450497
61 -0.778659 0.00454457
62 -0.777959 0.0048397
63 -0.776625 0.0049327
64 -0.778603 0.00488509
65 -0.778157 0.00361078
66 -0.775703 0.00431324
67 -0.778116 0.00551795
68 -0.77959 0.00466565
69 -0.779452 0.00571408
70 -0.780253 0.0045906
71 -0.78061 0.00449244
72 -0.779396 0.00468999
73 -0.776929 0.00375992
74 -0.772454 0.00435795
75 -0.780149 0.00415324
76 -0.778187 0.0042389
77 -0.779704 0.00411885
78 -0.77933 0.00524673
79 -0.782972 0.00425299
80 -0.781667 0.00417207
81 -0.781076 0.00386883
82 -0.779753 0.00433082
83 -0.779816 0.00398005
84 -0.78357 0.00442933
85 -0.784904 0.00531345
86 -0.782576 0.00400727
87 -0.784871 0.00407258
88 -0.78325 0.00358728
89 -0.78389 0.0045909
90 -0.785271 0.0042577
91 -0.787827 0.00396897
92 -0.787856 0.00380369
93 -0.786901 0.00388629
94 -0.784178 0.00391602
95 -0.78342 0.00304274
96 -0.777531 0.00275079
97 -0.775359 0.00293572
98 -0.77472 0.0025198
99 -0.774038 0.00305805
100 -0.773928 0.00347325
101 -0.775718 0.00407919
102 -0.781555 0.00317177
103 -0.782665 0.00335911
104 -0.78292 0.00346661
105 -0.784651 0.00340778
106 -0.782175 0.00345215
107 -0.783916 0.00328702
108 -0.78707 0.00417985
109 -0.784292 0.00426597
110 -0.782517 0.00384911
111 -0.786599 0.00324439
112 -0.78322 0.00359387
113 -0.782982 0.00377476
114 -0.783995 0.00412524
115 -0.785574 0.00423737
116 -0.784193 0.00400227
117 -0.784694 0.00396016
118 -0.785512 0.00416538
119 -0.786321 0.00439144
120 -0.784387 0.00443685
121 -0.784434 0.00371323
122 -0.789524 0.00335903
123 -0.790232 0.00342362
124 -0.790687 0.0041014
125 -0.793058 0.00407062
126 -0.789401 0.00320821
127 -0.789054 0.00282077
128 -0.789412 0.00393544
129 -0.786223 0.00375236
130 -0.783889 0.00295722
131 -0.784401 0.00310483
132 -0.785591 0.00370592
133 -0.782203 0.00401788
134 -0.779916 0.00258035
135 -0.779212 0.0024745
136 -0.778317 0.00206425
137 -0.778898 0.00346205
138 -0.77804 0.00432756
139 -0.781741 0.00378168
140 -0.784601 0.00352624
141 -0.783292 0.00385119
142 -0.784472 0.00393277
143 -0.787065 0.00405259
144 -0.786109 0.00394342
145 -0.788279 0.00355734
146 -0.785504 0.00306664
147 -0.788511 0.00326046
148 -0.786109 0.00311838
149 -0.781724 0.00364124
150 -0.785229 0.00431245
151 -0.7853 0.00422931
152 -0.788013 0.00427197
153 -0.783325 0.00358356
154 -0.781296 0.00455434
155 -0.784985 0.00419506
156 -0.785403 0.00318607
157 -0.784434 0.00259838
158 -0.782158 0.00259204
159 -0.783178 0.00310599
160 -0.78237 0.00289769
161 -0.780714 0.0025697
162 -0.780797 0.00295303
163 -0.779244 0.00289219
164 -0.779486 0.00251421
165 -0.776386 0.00230115
166 -0.775096 0.00239435
167 -0.779029 0.00233304
168 -0.780242 0.00222351
169 -0.784095 0.00276727
170 -0.785552 0.00276948
171 -0.785702 0.00289383
172 -0.782356 0.00340375
173 -0.780712 0.00296865
174 -0.780414 0.00345582
175 -0.780993 0.00325626
176 -0.782435 0.0028942
177 -0.785879 0.00297198
178 -0.778055 0.00297092
179 -0.779283 0.00357745
180 -0.776351 0.00263184
181 -0.774617 0.00379257
182 -0.78048 0.00374882
183 -0.777337 0.00296197
184 -0.777594 0.00351085
185 -0.776678 0.00362412
186 -0.776075 0.00392504
187 -0.775553 0.00384715
188 -0.77581 0.00363456
189 -0.777293 0.00297332
190 -0.777868 0.00369928
191 -0.776875 0.00424579
192 -0.77739 0.00389401
193 -0.778169 0.00341521
194 -0.77979 0.00283581
195 -0.780066 0.00258462
196 -0.772151 0.00343224
197 -0.778504 0.0036015
198 -0.77993 0.00363962
199 -0.778687 0.0032547
200 -0.776751 0.00343118
201 -0.777988 0.00424082
202 -0.775178 0.00475273
203 -0.773716 0.00363402
204 -0.776858 0.00371979
205 -0.779627 0.00438096
206 -0.780122 0.00448684
207 -0.785039 0.00387561
208 -0.780996 0.00349958
209 -0.779293 0.00466255
210 -0.780126 0.00481082
211 -0.782843 0.00555422
212 -0.78366 0.00508645
213 -0.782558 0.00473188
214 -0.780619 0.00405934
215 -0.776666 0.00421807
216 -0.771896 0.0034383
217 -0.77291 0.00394373
218 -0.777478 0.00306464
219 -0.775386 0.00279524
220 -0.77977 0.00373618
221 -0.780152 0.00496848
222 -0.780617 0.00406653
223 -0.776269 0.00417375
224 -0.781355 0.00358586
225 -0.782271 0.00449034
226 -0.784107 0.00496907
227 -0.781166 0.00509092
228 -0.777066 0.00449229
229 -0.782452 0.00337739
230 -0.78178 0.00460017
231 -0.780591 0.00427725
232 -0.778158 0.00356164
233 -0.78208 0.00479566
234 -0.780365 0.00403885
235 -0.780055 0.00525381
236 -0.77591 0.00518311
237 -0.779536 0.00522467
238 -0.78331 0.00496238
239 -0.78397 0.0047562
240 -0.780597 0.00410941
241 -0.782362 0.0041234
242 -0.778611 0.00368953
243 -0.776591 0.00436694
244 -0.779127 0.00428872
245 -0.777549 0.00422159
246 -0.779968 0.00394184
247 -0.77837 0.00419393
248 -0.778779 0.00436678
249 -0.779552 0.00371593
250 -0.778178 0.00417855
251 -0.778979 0.00328933
252 -0.780043 0.00296061
253 -0.777434 0.00362266
254 -0.776518 0.00381396
255 -0.775526 0.00286128
256 -0.774853 0.00345044
257 -0.777609 0.00415491
258 -0.779423 0.0043723
259 -0.775065 0.00400753
260 -0.773807 0.00420267
261 -0.773781 0.00377063
262 -0.777298 0.00347297
263 -0.773768 0.0038125
264 -0.77434 0.0035166
265 -0.768755 0.0051267
266 -0.768783 0.00498312
267 -0.772884 0.00457876
268 -0.773678 0.00341809
269 -0.776371 0.00380772
270 -0.775631 0.00403049
271 -0.778116 0.00364898
272 -0.777308 0.00357524
273 -0.775566 0.00393943
274 -0.782236 0.00317406
275 -0.781963 0.00333243
276 -0.781095 0.00309153
277 -0.785416 0.00315138
278 -0.784549 0.00396655
279 -0.783007 0.00443873
280 -0.781998 0.00420552
281 -0.778283 0.00342409
282 -0.780406 0.0045447
283 -0.775768 0.00442967
284 -0.775992 0.00472707
285 -0.770173 0.00421733
286 -0.774158 0.00446256
287 -0.774138 0.00429966
288 -0.773203 0.00431325
289 -0.77449 0.00517238
290 -0.771473 0.00522513
291 -0.77038 0.00497602
292 -0.775146 0.00577013
293 -0.77486 0.00515077
294 -0.773504 0.00521183
295 -0.774362 0.00419882
296 -0.768532 0.00470763
297 -0.766986 0.00429836
298 -0.761023 0.00432774
299 -0.754665 0.00361254
