-6.36346
-6.35902
-6.35129
-6.33996
-6.32371
-6.30168
-6.27409
-6.23853
-6.19793
-6.14991
-6.09477
-6.03058
-5.96181
-5.88663
-5.809
-5.7308
-5.65859
-5.59496
-5.54257
-5.50387
-5.47821
-5.46648
-5.46623
-5.47219
-5.48615
-5.50339
-5.52109
-5.53929
-5.55489
-5.56874
-5.5796
-5.58818
-5.5947
-5.59897
-5.60122
-5.60293
-5.60348
-5.60221
-5.60074
-5.5989
-5.59364
-5.58729
-5.57675
-5.56476
-5.55112
-5.53638
-5.52183
-5.50784
-5.495
-5.48581
-5.48062
-5.47785
-5.47842
-5.4825
-5.48917
-5.49789
-5.50758
-5.51725
-5.52638
-5.53422
-5.53931
-5.54284
-5.54497
-5.54491
-5.54282
-5.5402
-5.5369
-5.53392
-5.5317
-5.53047
-5.53102
-5.53312
-5.53784
-5.54402
-5.55084
-5.55827
-5.56553
-5.57078
-5.57637
-5.57956
-5.58283
-5.58513
-5.58756
-5.58919
-5.592
-5.59391
-5.59648
-5.59996
-5.60272
-5.6049
-5.60549
-5.6059
-5.60466
-5.60194
-5.59926
-5.59774
-5.59405
-5.59048
-5.58773
-5.58544
-5.58437
-5.58415
-5.5847
-5.58419
-5.58369
-5.58217
-5.58046
-5.57627
-5.57185
-5.56624
-5.56067
-5.55438
-5.54598
-5.53631
-5.52421
-5.51229
-5.49935
-5.48727
-5.47494
-5.4662
-5.45999
-5.45604
-5.45555
-5.45706
-5.46083
-5.46488
-5.46959
-5.47347
-5.4774
-5.48205
-5.48688
-5.49158
-5.497
-5.50298
-5.50954
-5.51725
-5.52469
-5.53209
-5.53816
-5.54317
-5.54807
-5.55247
-5.55627
-5.56075
-5.56437
-5.56724
-5.56839
-5.56925
-5.5681
-5.56628
-5.56421
-5.56023
-5.5557
-5.55379
-5.55204
-5.55353
-5.55762
-5.56524
-5.57655
-5.58931
-5.60337
-5.61878
-5.6329
-5.64381
-5.652
-5.65661
-5.65778
-5.65573
-5.65165
-5.64547
-5.63701
-5.62847
-5.62021
-5.61306
-5.60699
-5.60268
-5.6011
-5.60018
-5.59906
-5.59976
-5.60061
-5.60133
-5.60173
-5.60131
-5.60064
-5.59935
-5.59749
-5.5953
-5.59316
-5.59148
-5.58994
-5.59194
-5.59453
-5.59842
-5.60369
-5.60942
-5.61577
-5.62137
-5.62574
-5.62885
-5.63014
-5.63073
-5.63064
-5.63024
-5.62793
-5.62642
-5.62594
-5.62676
-5.62724
-5.62801
-5.62917
-5.62968
-5.63048
-5.63086
-5.62915
-5.62783
-5.62497
-5.62203
-5.61815
-5.61429
-5.6108
-5.60702
-5.60277
-5.59949
-5.59578
-5.59083
-5.58362
-5.57588
-5.56813
-5.56027
-5.55413
-5.5504
-5.54911
-5.54882
-5.55032
-5.55147
-5.55425
-5.55867
-5.56266
-5.56854
-5.57698
-5.58897
-5.60286
-5.61681
-5.63174
-5.64499
-5.65637
-5.66478
-5.66893
-5.67017
-5.66693
-5.66002
-5.65141
-5.64005
-5.62842
-5.61725
-5.60691
-5.59871
-5.59197
-5.58571
-5.58115
-5.57748
-5.57556
-5.57508
-5.57599
-5.57794
-5.58082
-5.58388
-5.58801
-5.59033
-5.5921
-5.5927
-5.59468
-5.59562
-5.59768
-5.60319
-5.61023
-5.6175
-5.62554
-5.63264
-5.63955
-5.64422
-5.64751
-5.64833
-5.64912
-5.64854
-5.64573
-5.63996
-5.63281
-5.62528
-5.61575
-5.60586
-5.59556
-5.58443
-5.57421
-5.56459
-5.55758
-5.55122
-5.54564
-5.54237
-5.54006
-5.53818
-5.5371
-5.53732
-5.53967
-5.54333
-5.54828
-5.55476
-5.56185
-5.56755
-5.57148
-5.57459
-5.57786
-5.58181
-5.58658
-5.59284
-5.60188
-5.60937
-5.61409
-5.61415
-5.61083
-5.60614
-5.59995
-5.59376
-5.59072
-5.58951
-5.59082
-5.5937
-5.59879
-5.60406
-5.60941
-5.61289
-5.61416
-5.61293
-5.60927
-5.60352
-5.59626
-5.58908
-5.58272
-5.57514
-5.57087
-5.56652
-5.5656
-5.56557
-5.56766
-5.57163
-5.57722
-5.58232
-5.58901
-5.59647
-5.60274
-5.60859
-5.61391
-5.61809
-5.62026
-5.62214
-5.6227
-5.62301
-5.62215
-5.6206
-5.61864
-5.61754
-5.6164
-5.61539
-5.61419
-5.61207
-5.61014
-5.60646
-5.60134
-5.59488
-5.5867
-5.57744
-5.56763
-5.55823
-5.5481
-5.53828
-5.52835
-5.51682
-5.50506
-5.4916
-5.4777
-5.4626
-5.44693
-5.43412
-5.42624
-5.42414
-5.4281
-5.43735
-5.45138
-5.46728
-5.48441
-5.50239
-5.51916
-5.53452
-5.54694
-5.55628
-5.5628
-5.56677
-5.56832
-5.5678
-5.56603
-5.56484
-5.56194
-5.56069
-5.5584
-5.55577
-5.55205
-5.54734
-5.54299
-5.53784
-5.53406
-5.52997
-5.52696
-5.52646
-5.52756
-5.52897
-5.53082
-5.53213
-5.53309
-5.5323
-5.53123
-5.53025
-5.52968
-5.5309
-5.53401
-5.53788
-5.54328
-5.54913
-5.55317
-5.55596
-5.55647
-5.5545
-5.55028
-5.54341
-5.53523
-5.5255
-5.51613
-5.50696
-5.49941
-5.49415
-5.49299
-5.4965
-5.5039
-5.51479
-5.52868
-5.54309
-5.55662
-5.56883
-5.57878
-5.58638
-5.59102
-5.59314
-5.59201
-5.58815
-5.58236
-5.57195
-5.55958
-5.54641
-5.53265
-5.52081
-5.51146
-5.50402
-5.5011
-5.50175
-5.50453
-5.50867
-5.51483
-5.52093
-5.52738
-5.53398
-5.53972
-5.54536
-5.55047
-5.55561
-5.55953
-5.56362
-5.56728
-5.56993
-5.57295
-5.574
-5.5743
-5.57362
-5.57324
-5.57125
-5.56843
-5.56473
-5.56098
-5.55594
-5.54979
-5.54332
-5.53628
-5.52934
-5.5243
-5.51988
-5.51799
-5.51693
-5.51805
-5.51972
-5.52275
-5.52632
-5.52736
-5.51781
-5.49629
-5.46562
-5.42563
-5.37958
-5.33239
-5.29021
-5.25713
-5.23401
-5.22298
-5.22102
-5.22587
-5.23406
-5.24332
-5.25279
-5.26121
-5.26516
-5.26558
-5.26116
-5.251
-5.23669
-5.21975
-5.20007
-5.17951
-5.16039
-5.14202
-5.12549
-5.11093
-5.10164
-5.09538
-5.09331
-5.09598
-5.10266
-5.11427
-5.12919
-5.14883
-5.17198
-5.19776
-5.22387
-5.2479
-5.26744
-5.28182
-5.29244
-5.29691
-5.29763
-5.29592
-5.29339
-5.29049
-5.29
-5.28761
-5.28533
-5.28374
-5.27944
-5.27315
-5.26662
-5.26148
-5.25934
-5.26067
-5.265
-5.26933
-5.27399
-5.27467
-5.27117
-5.26351
-5.25354
-5.24067
-5.22608
-5.21282
-5.20101
-5.18948
-5.18053
-5.17413
-5.17043
-5.16936
-5.1688
-5.16817
-5.16657
-5.16626
-5.16765
-5.17222
-5.17951
-5.18932
-5.19981
-5.20875
-5.21494
-5.21755
-5.21567
-5.2082
-5.19957
-5.18969
-5.18127
-5.17394
-5.16751
-5.16203
-5.15744
-5.15352
-5.14883
-5.14541
-5.14397
-5.14485
-5.14765
-5.15084
-5.15433
-5.15452
-5.15301
-5.14502
-5.13228
-5.11283
-5.09051
-5.06767
-5.04805
-5.03637
-5.03368
-5.04177
-5.05981
-5.0846
-5.1135
-5.14357
-5.17164
-5.19696
-5.21883
-5.23628
-5.24981
-5.2599
-5.26736
-5.27282
-5.27716
-5.28304
-5.28728
-5.29479
-5.30342
-5.31129
-5.31777
-5.32205
-5.32294
-5.32092
-5.31564
-5.31105
-5.30642
-5.30336
-5.29832
-5.29277
-5.28501
-5.2733
-5.25529
-5.23446
-5.2125
-5.19412
-5.18279
-5.18007
-5.18799
-5.20311
-5.22313
-5.24289
-5.26112
-5.27789
-5.29198
-5.301
-5.30825
-5.31276
-5.31492
-5.31304
-5.30849
-5.3037
-5.30072
-5.2995
-5.30279
-5.31
-5.31797
-5.32776
-5.33678
-5.34459
-5.35065
-5.35353
-5.35423
-5.3503
-5.34384
-5.33221
-5.31742
-5.29861
-5.27723
-5.25295
-5.22712
-5.2048
-5.18438
-5.17097
-5.16642
-5.17438
-5.19206
-5.21576
-5.24271
-5.26763
-5.28962
-5.30611
-5.31836
-5.32632
-5.32871
-5.32727
-5.32043
-5.30967
-5.2965
-5.28104
-5.26539
-5.25079
-5.24004
-5.23139
-5.22404
-5.21666
-5.20849
-5.19779
-5.18472
-5.16921
-5.15012
-5.13302
-5.11931
-5.10986
-5.10672
-5.10978
-5.11657
-5.12534
-5.13598
-5.14549
-5.15433
-5.16139
-5.167
-5.17279
-5.1784
-5.18584
-5.19335
-5.19947
-5.20282
-5.20439
-5.20454
-5.20334
-5.20122
-5.19962
-5.19881
-5.19804
-5.1963
-5.19226
-5.18547
-5.17686
-5.16741
-5.15912
-5.15705
-5.16056
-5.17077
-5.18679
-5.2039
-5.21997
-5.23067
-5.2362
-5.2357
-5.22712
-5.2119
-5.19338
-5.17168
-5.14929
-5.12842
-5.1126
-5.10278
-5.1002
-5.10463
-5.11439
-5.12765
-5.14453
-5.16317
-5.18172
-5.20072
-5.21799
-5.23336
-5.24704
-5.25777
-5.26558
-5.26888
-5.26823
-5.26416
-5.25865
-5.25314
-5.24799
-5.24741
-5.24587
-5.24615
-5.24886
-5.25131
-5.25378
-5.25474
-5.25294
-5.2496
-5.24193
-5.23005
-5.2175
-5.20343
-5.19091
-5.1812
-5.17562
-5.17069
-5.16522
-5.16178
-5.16011
-5.16232
-5.16873
-5.17632
-5.18334
-5.18738
-5.18634
-5.17904
-5.16738
-5.14901
-5.12823
-5.10436
-5.08155
-5.05756
-5.03746
-5.02104
-5.00804
-4.99917
-4.99606
-4.99815
-5.00595
-5.01665
-5.03134
-5.04818
-5.06811
-5.09395
-5.1249
-5.16063
-5.19752
-5.22931
-5.25347
-5.26792
-5.27201
-5.2702
-5.26078
-5.25143
-5.24185
-5.23533
-5.23476
-5.23922
-5.2484
-5.2632
-5.28174
-5.303
-5.32021
-5.33396
-5.34216
-5.34645
-5.34578
-5.34069
-5.33007
-5.31839
-5.30281
-5.28386
-5.26214
-5.24231
-5.22035
-5.19817
-5.17788
-5.16035
-5.14948
-5.14711
-5.15403
-5.17046
-5.1928
-5.21681
-5.23986
-5.26072
-5.27674
-5.28733
-5.29249
-5.29397
-5.29093
-5.2838
-5.27491
-5.26325
-5.25056
-5.24016
-5.2339
-5.23196
-5.23403
-5.23896
-5.24338
-5.24625
-5.24521
-5.24175
-5.23495
-5.22602
-5.21682
-5.20937
-5.20449
-5.20478
-5.21011
-5.2205
-5.23526
-5.25031
-5.26597
-5.27773
-5.28474
-5.28381
-5.27542
-5.26082
-5.24134
-5.22248
-5.20605
-5.1926
-5.18218
-5.1721
-5.16082
-5.14922
-5.13624
-5.12524
-5.11571
-5.10962
-5.10794
-5.10845
-5.10978
-5.11148
-5.11334
-5.11252
-5.11223
-5.11252
-5.11462
-5.12003
-5.13075
-5.14309
-5.15777
-5.17236
-5.18851
-5.20309
-5.21725
-5.23186
-5.24653
-5.26065
-5.27272
-5.28305
-5.28859
-5.29204
-5.29056
-5.28658
-5.2773
-5.26605
-5.25076
-5.23337
-5.21302
-5.18957
-5.16587
-5.14296
-5.12248
-5.10629
-5.0954
-5.09037
-5.09349
-5.10263
-5.11544
-5.129
-5.14138
-5.1503
-5.15417
-5.15524
-5.15244
-5.14768
-5.14117
-5.13567
-5.13243
-5.13195
-5.13632
-5.14319
-5.15252
-5.16031
-5.16985
-5.17908
-5.18838
-5.19654
-5.20258
-5.20548
-5.20576
-5.20411
-5.20205
-5.19662
-5.19472
-5.19363
-5.19416
-5.19632
-5.19759
-5.19959
-5.20398
-5.21066
-5.2184
-5.22599
-5.23345
-5.23903
-5.2409
-5.23963
-5.23464
-5.22758
-5.21947
-5.20968
-5.2023
-5.19741
-5.19884
-5.20237
-5.20889
-5.21776
-5.22563
-5.23103
-5.2315
-5.22635
-5.21536
-5.19788
-5.17182
-5.13933
-5.10392
-5.07121
-5.04679
-5.03193
-5.02857
-5.03091
-5.0368
-5.04461
-5.05301
-5.06364
-5.07837
-5.09512
-5.11221
-5.12981
-5.14426
-5.15311
-5.15556
-5.14818
-5.13186
-5.10694
-5.07589
-5.04199
-5.01198
-4.99162
-4.9864
-4.99566
-5.01645
-5.03972
-5.05799
-5.06699
-5.06702
-5.05838
-5.04397
-5.02609
-5.00804
-4.99474
-4.9886
-4.98852
-4.99393
-5.00234
-5.01186
-5.02185
-5.02872
-5.03408
-5.0362
-5.03605
-5.0331
-5.02904
-5.02148
-5.01411
-5.00457
-4.99406
-4.98404
-4.97334
-4.96987
-4.97446
-4.98724
-5.00538
-5.02237
-5.03343
-5.03533
-5.02915
-5.01859
-5.00671
-4.99372
-4.98561
-4.9819
-4.9848
-4.99334
-5.00721
-5.02316
-5.03762
-5.04877
-5.05875
-5.0701
-5.08409
-5.103
-5.1265
-5.15134
-5.17504
-5.19868
-5.21817
-5.23693
-5.25358
-5.26896
-5.2821
-5.29221
-5.29616
-5.29323
-5.28461
-5.26972
-5.24962
-5.2266
-5.20043
-5.17219
-5.14166
-5.11131
-5.08489
-5.06339
-5.0479
-5.04175
-5.04157
-5.04518
-5.04766
-5.04839
-5.04632
-5.04428
-5.04225
-5.04265
-5.0496
-5.06377
-5.08112
-5.09837
-5.11263
-5.11877
-5.11761
-5.11003
-5.0992
-5.08608
-5.07577
-5.07014
-5.06984
-5.07685
-5.08665
-5.09833
-5.10762
-5.11313
-5.11212
-5.10706
-5.0996
-5.09289
-5.09262
-5.10068
-5.11709
-5.1376
-5.15715
-5.16921
-5.16999
-5.1563
-5.13628
-5.11368
-5.09344
-5.08253
-5.08054
-5.08384
-5.08879
-5.09069
-5.08954
-5.08195
-5.06872
-5.05128
-5.0347
-5.01858
-5.00826
-5.00569
-5.00848
-5.01415
-5.02218
-5.02922
-5.03604
-5.04373
-5.05225
-5.06043
-5.07063
-5.07976
-5.08992
-5.10262
-5.12023
-5.13866
-5.15746
-5.17602
-5.19122
-5.20438
-5.21036
-5.21036
-5.20553
-5.19534
-5.18051
-5.16452
-5.1488
-5.13404
-5.1221
-5.11482
-5.11144
-5.11292
-5.11645
-5.12203
-5.12436
-5.12151
-5.11506
-5.10403
-5.09019
-5.07686
-5.06656
-5.06023
-5.05962
-5.06252
-5.06872
-5.07879
-5.08966
-5.10244
-5.11969
-5.13845
-5.15692
-5.17069
-5.18017
-5.18217
-5.17947
-5.17454
-5.17118
-5.17011
-5.17319
-5.17866
-5.18354
-5.18742
-5.18647
-5.17953
-5.16327
-5.14036
-5.11226
-5.08447
-5.06186
-5.04895
-5.04596
-5.05126
-5.05906
-5.06508
-5.0663
-5.06304
-5.05562
-5.04717
-5.04315
-5.04567
-5.0523
-5.05995
-5.06531
-5.06899
-5.0713
-5.07209
-5.07293
-5.07542
-5.07932
-5.08496
-5.09307
-5.10006
-5.10709
-5.11248
-5.11591
-5.11868
-5.12222
-5.12941
-5.14267
-5.15978
-5.18201
-5.20639
-5.23087
-5.25197
-5.266
-5.27423
-5.27455
-5.26652
-5.25029
-5.22792
-5.19949
-5.16964
-5.14246
-5.12076
-5.1046
-5.09054
-5.07485
-5.0579
-5.0365
-5.01235
-4.9876
-4.96073
-4.93175
-4.90065
-4.87441
-4.85534
-4.84829
-4.85531
-4.87851
-4.91569
-4.96147
-5.01275
-5.06502
-5.11539
-5.15868
-5.19238
-5.21764
-5.2307
-5.23409
-5.22857
-5.21596
-5.19994
-5.18102
-5.16093
-5.14123
-5.12398
-5.10963
-5.09859
-5.09027
-5.08474
-5.08152
-5.08043
-5.0799
-5.08319
-5.08712
-5.09223
-5.0958
-5.09546
-5.09133
-5.08254
-5.07269
-5.06364
-5.0604
-5.06226
-5.06966
-5.08216
-5.09818
-5.11418
-5.13179
-5.148
-5.16406
-5.17454
-5.18066
-5.17886
-5.16757
-5.15061
-5.12647
-5.10074
-5.07663
-5.05763
-5.04661
-5.04304
-5.04866
-5.05572
-5.0632
-5.06615
-5.06183
-5.05126
-5.03665
-5.01866
-5.00037
-4.98502
-4.97318
-4.96572
-4.96426
-4.96987
-4.98386
-5.00281
-5.02746
-5.05267
-5.07769
-5.09683
-5.10959
-5.11452
-5.11258
-5.10209
-5.08967
-5.07638
-5.0665
-5.06294
-5.06562
-5.0759
-5.09096
-5.1072
-5.12082
-5.1313
-5.1358
-5.13361
-5.12525
-5.11165
-5.09613
-5.07811
-5.05985
-5.0419
-5.02184
-4.99705
-4.96898
-4.93597
-4.90238
-4.87151
-4.84885
-4.8398
-4.84585
-4.86297
-4.88973
-4.91963
-4.94904
-4.97646
-4.99937
-5.01967
-5.03856
-5.05658
-5.07314
-5.08936
-5.10327
-5.11442
-5.12031
-5.12178
-5.11688
-5.10749
-5.0949
-5.07917
-5.06543
-5.05708
-5.05506
-5.06262
-5.0774
-5.09805
-5.12074
-5.14066
-5.15271
-5.15575
-5.15063
-5.13794
-5.1241
-5.11077
-5.09823
-5.08696
-5.0774
-5.06893
-5.06331
-5.0599
-5.05376
-5.04808
-5.04155
-5.03547
-5.02914
-5.02303
-5.01703
-5.0095
-5.00071
-4.99002
-4.97562
-4.96067
-4.94462
-4.93122
-4.91901
-4.91215
-4.91089
-4.91655
-4.92938
-4.94695
-4.9691
-4.99302
-5.0173
-5.03949
-5.05855
-5.07435
-5.08663
-5.09509
-5.10415
-5.11396
-5.12705
-5.14077
-5.15568
-5.16878
-5.17822
-5.18351
-5.18261
-5.17711
-5.16821
-5.15665
-5.14339
-5.13231
-5.12458
-5.12053
-5.12071
-5.12245
-5.12538
-5.1263
-5.11989
-5.10905
-5.09207
-5.07225
-5.04956
-5.0286
-5.01217
-5.00319
-5.00133
-5.00522
-5.01352
-5.02339
-5.03277
-5.04247
-5.04924
-5.05628
-5.06166
-5.06501
-5.0705
-5.07797
-5.08482
-5.0902
-5.09376
-5.0938
-5.09124
-5.08677
-5.0837
-5.07943
-5.0741
-5.06871
-5.06481
-5.06434
-5.06746
-5.07112
-5.07157
-5.06791
-5.05861
-5.04851
-5.04398
-5.04841
-5.06338
-5.08569
-5.11029
-5.12877
-5.13981
-5.1418
-5.13549
-5.12282
-5.10744
-5.0897
-5.07112
-5.05382
-5.03886
-5.02455
-5.00935
-4.99474
-4.98112
-4.9703
-4.96345
-4.96202
-4.96986
-4.98539
-5.00333
-5.02439
-5.04142
-5.05356
-5.0603
-5.06416
-5.06617
-5.0682
-5.0685
-5.06622
-5.05818
-5.04516
-5.02883
-5.00974
-4.9917
-4.97693
-4.96945
-4.96889
-4.97352
-4.9836
-4.99584
-5.01106
-5.02658
-5.04286
-5.05572
-5.06604
-5.07315
-5.07494
-5.07281
-5.06719
-5.05705
-5.04558
-5.03274
-5.01889
-5.00571
-4.99399
-4.98541
-4.98085
-4.97662
-4.97432
-4.97155
-4.96925
-4.96833
-4.96752
-4.96356
-4.95763
-4.94841
-4.93518
-4.92419
-4.91535
-4.91115
-4.91324
-4.9207
-4.93188
-4.94776
-4.97029
-4.9975
-5.02914
-5.05611
-5.07872
-5.09211
-5.09314
-5.08395
-5.0645
-5.03798
-5.00845
-4.97815
-4.94992
-4.92462
-4.90576
-4.89357
-4.88475
-4.87931
-4.87699
-4.87965
-4.88503
-4.89779
-4.917
-4.94166
-4.97084
-4.99935
-5.02648
-5.05045
-5.06856
-5.08149
-5.08893
-5.08967
-5.08389
-5.07335
-5.05846
-5.0433
-5.03204
-5.02672
-5.02801
-5.03502
-5.04531
-5.05685
-5.06576
-5.07097
-5.06971
-5.06144
-5.04884
-5.03174
-5.01461
-4.99776
-4.98265
-4.97044
-4.96115
-4.95605
-4.95616
-4.96165
-4.97195
-4.98419
-4.99858
-5.01467
-5.03321
-5.05191
-5.06869
-5.08353
-5.09458
-5.10114
-5.10437
-5.1053
-5.10528
-5.1055
-5.10251
-5.09216
-5.07218
-5.04223
-5.00858
-4.97357
-4.94427
-4.92276
-4.90831
-4.90004
-4.8949
-4.88943
-4.88798
-4.88825
-4.8919
-4.89691
-4.90151
-4.9056
-4.91006
-4.91372
-4.9196
-4.92613
-4.93483
-4.94402
-4.95331
-4.95958
-4.96408
-4.96735
-4.96891
-4.96883
-4.97052
-4.97396
-4.98373
-5.00155
-5.02795
-5.06189
-5.09884
-5.13062
-5.1537
-5.16636
-5.16737
-5.15638
-5.1356
-5.11138
-5.08898
-5.0719
-5.06221
-5.05827
-5.05898
-5.05949
-5.05729
-5.04802
-5.03589
-5.02438
-5.01344
-5.00638
-5.00347
-5.00292
-5.00172
-5.00129
-4.99899
-4.99676
-4.99501
-4.99233
-4.9931
-4.99489
-4.99571
-4.99622
-4.99952
-5.00574
-5.01566
-5.02641
-5.03507
-5.03888
-5.03735
-5.03126
-5.02332
-5.02139
-5.02825
-5.04554
-5.07303
-5.10281
-5.13025
-5.15194
-5.16809
-5.17731
-5.18232
-5.18355
-5.18229
-5.18013
-5.17593
-5.1695
-5.16092
-5.14879
-5.13361
-5.11735
-5.09883
-5.08055
-5.0604
-5.0418
-5.02346
-5.00365
-4.98164
-4.95736
-4.93391
-4.91085
-4.89027
-4.87322
-4.86239
-4.86203
-4.87243
-4.89438
-4.92501
-4.95937
-4.99373
-5.02514
-5.05138
-5.07025
-5.081
-5.08414
-5.08084
-5.07178
-5.06019
-5.04758
-5.0373
-5.03012
-5.02689
-5.0266
-5.03023
-5.03227
-5.03312
-5.02997
-5.02294
-5.01235
-4.99896
-4.98701
-4.97735
-4.97231
-4.9701
-4.97188
-4.9763
-4.98518
-5.00154
-5.02292
-5.04919
-5.07615
-5.10051
-5.11788
-5.12599
-5.127
-5.12209
-5.11436
-5.10506
-5.09656
-5.0865
-5.07492
-5.06237
-5.05049
-5.03991
-5.03051
-5.02618
-5.02304
-5.02279
-5.02377
-5.02653
-5.0294
-5.03111
-5.0334
-5.03388
-5.0322
-5.02791
-5.02126
-5.01113
-4.99861
-4.98465
-4.97067
-4.95733
-4.94616
-4.93883
-4.93324
-4.92959
-4.92723
-4.92454
-4.9217
-4.91719
-4.91344
-4.90949
-4.91025
-4.91873
-4.93578
-4.96127
-4.99373
-5.02849
-5.06184
-5.09078
-5.1122
-5.12677
-5.13499
-5.13749
-5.13649
-5.12904
-5.11442
-5.09234
-5.06659
-5.03964
-5.01752
-5.0045
-5.00194
-5.00805
-5.01886
-5.03146
-5.04091
-5.04711
-5.04739
-5.04519
-5.03959
-5.03449
-5.03142
-5.03162
-5.03776
-5.04453
-5.05075
-5.05363
-5.05275
-5.04899
-5.04387
-5.04084
-5.04135
-5.0446
-5.05008
-5.0529
-5.04982
-5.039
-5.02146
-5.00209
-4.9853
-4.97841
-4.98584
-5.00843
-5.04407
-5.08373
-5.11996
-5.14665
-5.1595
-5.16028
-5.15277
-5.13997
-5.12698
-5.11806
-5.11156
-5.10841
-5.10795
-5.10821
-5.10709
-5.10518
-5.10075
-5.09474
-5.08589
-5.07571
-5.0638
-5.05052
-5.03716
-5.02232
-5.00925
-4.99565
-4.98253
-4.96814
-4.95558
-4.9443
-4.93988
-4.94076
-4.94966
-4.96569
-4.98566
-5.00556
-5.02459
-5.04078
-5.05181
-5.05805
-5.05912
-5.05741
-5.05274
-5.04616
-5.03964
-5.03566
-5.03404
-5.03346
-5.03559
-5.03805
-5.04241
-5.04667
-5.04935
-5.05145
-5.05043
-5.0482
-5.04603
-5.0433
-5.04181
-5.04328
-5.04743
-5.05505
-5.06215
-5.06882
-5.073
-5.07372
-5.07046
-5.06176
-5.04477
-5.02089
-4.98869
-4.95085
-4.91347
-4.87865
-4.85348
-4.84254
-4.84543
-4.86079
-4.88447
-4.91041
-4.93641
-4.96132
-4.98285
-5.00024
-5.01468
-5.02483
-5.03254
-5.04168
-5.04922
-5.05621
-5.0594
-5.05719
-5.0491
-5.03469
-5.01642
-4.99736
-4.97823
-4.96074
-4.94566
-4.93779
-4.9375
-4.94551
-4.95969
-4.97487
-4.98811
-4.99506
-4.99778
-4.99682
-4.99403
-4.98946
-4.98578
-4.98213
-4.97809
-4.9714
-4.96173
-4.94905
-4.93526
-4.922
-4.91289
-4.91273
-4.92185
-4.94093
-4.96708
-4.99443
-5.02114
-5.04356
-5.05926
-5.06811
-5.07001
-5.06867
-5.06622
-5.0663
-5.06855
-5.07391
-5.08229
-5.08929
-5.09451
-5.09501
-5.08843
-5.07725
-5.06231
-5.04526
-5.02986
-5.01812
-5.01043
-5.00819
-5.01145
-5.02056
-5.03458
-5.05216
-5.07134
-5.08975
-5.10611
-5.11954
-5.12832
-5.13265
-5.13319
-5.12915
-5.12144
-5.10788
-5.09217
-5.07246
-5.04856
-5.02498
-5.00135
-4.97795
-4.95781
-4.94292
-4.93467
-4.93285
-4.93861
-4.95207
-4.97074
-4.99494
-5.01753
-5.03899
-5.05689
-5.07012
-5.07918
-5.08663
-5.09597
-5.10615
-5.11794
-5.13013
-5.13798
-5.14141
-5.14042
-5.13438
-5.12441
-5.11268
-5.10146
-5.0931
-5.08638
-5.08187
-5.07946
-5.07665
-5.07483
-5.07522
-5.07535
-5.07521
-5.07234
-5.06377
-5.05071
-5.03598
-5.01933
-5.00656
-4.99943
-5.00208
-5.01289
-5.02921
-5.04528
-5.05687
-5.05979
-5.05563
-5.04481
-5.02949
-5.01302
-4.99928
-4.9906
-4.98778
-4.99026
-4.99629
-5.00547
-5.01456
-5.02293
-5.03007
-5.03441
-5.03726
-5.03902
-5.04157
-5.04331
-5.04662
-5.04969
-5.05251
-5.05553
-5.06084
-5.07077
-5.08533
-5.1051
-5.12729
-5.15
-5.16811
-5.18069
-5.18332
-5.17596
-5.15848
-5.1297
-5.09558
-5.05755
-5.01803
-4.98034
-4.94553
-4.91553
-4.89467
-4.88375
-4.88573
-4.8988
-4.92196
-4.95252
-4.98605
-5.0184
-5.04402
-5.0622
-5.07006
-5.06768
-5.05755
-5.04177
-5.02441
-5.00737
-4.99234
-4.98012
-4.97038
-4.96539
-4.96677
-4.97572
-4.99574
-5.02308
-5.05576
-5.08542
-5.10872
-5.12382
-5.12716
-5.12538
-5.11879
-5.11051
-5.10145
-5.09052
-5.07888
-5.06619
-5.05593
-5.04882
-5.04837
-5.05399
-5.06247
-5.07289
-5.08375
-5.09235
-5.09807
-5.10237
-5.10153
-5.09705
-5.09066
-5.08576
-5.08002
-5.07562
-5.07404
-5.07444
-5.07577
-5.08003
-5.08768
-5.09638
-5.10276
-5.10585
-5.10467
-5.09649
-5.07972
-5.05738
-5.03115
-5.00421
-4.97867
-4.95728
-4.94139
-4.93088
-4.92679
-4.93192
-4.94172
-4.95366
-4.96423
-4.97434
-4.98195
-4.98677
-4.98917
-4.99024
-4.9896
-4.98756
-4.98499
-4.98288
-4.97731
-4.97042
-4.96094
-4.95006
-4.93934
-4.93045
-4.92481
-4.92357
-4.92564
-4.93331
-4.94586
-4.9635
-4.9831
-5.00276
-5.02226
-5.04062
-5.05958
-5.07612
-5.08965
-5.10018
-5.10626
-5.10776
-5.10484
-5.09619
-5.08137
-5.06519
-5.05027
-5.0351
-5.02098
-5.00943
-4.99974
-4.99272
-4.99029
-4.98871
-4.9887
-4.98908
-4.98769
-4.98353
-4.97599
-4.96292
-4.94448
-4.92018
-4.89155
-4.86325
-4.83848
-4.82372
-4.8216
-4.83165
-4.85058
-4.87517
-4.90073
-4.92454
-4.94438
-4.95876
-4.97055
-4.97754
-4.9826
-4.98855
-4.996
-5.00572
-5.01796
-5.03397
-5.05148
-5.06707
-5.07617
-5.07831
-5.07439
-5.06648
-5.05758
-5.04995
-5.04599
-5.0458
-5.04665
-5.04537
-5.0415
-5.03497
-5.02453
-5.01092
-4.99365
-4.97335
-4.95134
-4.92793
-4.90458
-4.88446
-4.87206
-4.86766
-4.874
-4.89062
-4.91619
-4.94574
-4.97661
-5.00358
-5.0266
-5.04562
-5.06252
-5.07816
-5.09346
-5.10904
-5.1243
-5.14031
-5.1544
-5.16835
-5.18173
-5.19386
-5.20424
-5.21042
-5.21133
-5.20552
-5.19327
-5.17408
-5.15044
-5.12323
-5.09515
-5.06988
-5.04873
-5.03332
-5.025
-5.02361
-5.02828
-5.03879
-5.05099
-5.06092
-5.06659
-5.06934
-5.0667
-5.0612
-5.05425
-5.04822
-5.04201
-5.03919
-5.03967
-5.04301
-5.05111
-5.06253
-5.07533
-5.08692
-5.0979
-5.10654
-5.11197
-5.11297
-5.11007
-5.10462
-5.0969
-5.08836
-5.07908
-5.06873
-5.05833
-5.04682
-5.034
-5.0217
-5.01217
-5.00978
-5.0119
-5.01681
-5.02113
-5.02338
-5.02133
-5.01813
-5.01555
-5.01468
-5.01881
-5.02706
-5.0386
-5.05089
-5.06303
-5.069
-5.06698
-5.057
-5.04176
-5.02359
-5.00982
-5.00364
-5.00823
-5.01729
-5.02879
-5.04056
-5.05097
-5.06024
-5.07082
-5.08118
-5.0918
-5.101
-5.1038
-5.10243
-5.09549
-5.08132
-5.06328
-5.04016
-5.0116
-4.98026
-4.94876
-4.92362
-4.9092
-4.90946
-4.92576
-4.95276
-4.98718
-5.02248
-5.05484
-5.07859
-5.09306
-5.09742
-5.09367
-5.0819
-5.0668
-5.05026
-5.03419
-5.02168
-5.01496
-5.01283
-5.01374
-5.01752
-5.02451
-5.03354
-5.04472
-5.05738
-5.06762
-5.07322
-5.07251
-5.06382
-5.04948
-5.03451
-5.0244
-5.02466
-5.03526
-5.05327
-5.07234
-5.08862
-5.09848
-5.09625
-5.08401
-5.06307
-5.03873
-5.01629
-4.99894
-4.99036
-4.99248
-5.00141
-5.01465
-5.02825
-5.03864
-5.04413
-5.0461
-5.04354
-5.03893
-5.03287
-5.02594
-5.0186
-5.01203
-5.00813
-5.00854
-5.01708
