-4.71475
-4.71475
-4.71475
-4.71475
-4.71384
-4.71173
-4.70931
-4.70493
-4.70236
-4.69994
-4.69843
-4.69587
-4.69602
-4.69541
-4.69541
-4.69435
-4.6948
-4.6954
-4.6957
-4.69631
-4.69616
-4.69706
-4.69843
-4.69737
-4.69828
-4.69888
-4.69858
-4.69919
-4.69888
-4.69934
-4.69964
-4.70039
-4.70145
-4.70206
-4.7019
-4.70206
-4.70175
-4.70039
-4.69994
-4.7007
-4.70009
-4.70085
-4.69994
-4.69994
-4.70009
-4.70009
-4.70024
-4.69994
-4.69888
-4.69888
-4.69979
-4.69979
-4.69979
-4.70024
-4.7007
-4.7013
-4.70175
-4.70191
-4.70206
-4.70221
-4.70145
-4.7013
-4.70191
-4.70221
-4.70191
-4.70191
-4.70145
-4.701
-4.70055
-4.69994
-4.69964
-4.69919
-4.69964
-4.70009
-4.70024
-4.7007
-4.7013
-4.7007
-4.70145
-4.70085
-4.70115
-4.701
-4.70115
-4.7004
-4.70055
-4.69949
-4.69888
-4.69919
-4.69904
-4.69889
-4.69798
-4.69798
-4.69753
-4.69677
-4.69707
-4.69919
-4.69934
-4.69934
-4.69949
-4.69919
-4.69919
-4.69934
-4.69994
-4.69964
-4.69995
-4.7001
-4.701
-4.70025
-4.69995
-4.69904
-4.69889
-4.69904
-4.69844
-4.69813
-4.69693
-4.69708
-4.69677
-4.69707
-4.69602
-4.69662
-4.69722
-4.69723
-4.69783
-4.69798
-4.69859
-4.69844
-4.69859
-4.69798
-4.69768
-4.69828
-4.69904
-4.69934
-4.69979
-4.7001
-4.70025
-4.701
-4.70131
-4.70176
-4.70146
-4.70085
-4.70085
-4.70085
-4.70055
-4.70116
-4.70131
-4.70146
-4.70101
-4.70161
-4.70161
-4.70221
-4.70357
-4.70357
-4.70297
-4.70418
-4.70387
-4.70433
-4.70417
-4.70402
-4.70418
-4.70312
-4.70191
-4.70206
-4.70237
-4.70206
-4.70237
-4.70267
-4.70297
-4.70312
-4.70372
-4.70402
-4.70312
-4.70251
-4.70191
-4.70161
-4.70115
-4.701
-4.70206
-4.70236
-4.70131
-4.70131
-4.70116
-4.701
-4.701
-4.70085
-4.70116
-4.70146
-4.70161
-4.70161
-4.70146
-4.70116
-4.69995
-4.70085
-4.7007
-4.70025
-4.69995
-4.69949
-4.6998
-4.7001
-4.7004
-4.70085
-4.70085
-4.70131
-4.70191
-4.70267
-4.70161
-4.70116
-4.70131
-4.70221
-4.70221
-4.70206
-4.70206
-4.70146
-4.70146
-4.70161
-4.7004
-4.7004
-4.69964
-4.69949
-4.69889
-4.69859
-4.69874
-4.69859
-4.69798
-4.69859
-4.69934
-4.6998
-4.69919
-4.69919
-4.6998
-4.69995
-4.7004
-4.701
-4.70161
-4.70116
-4.70116
-4.7001
-4.70025
-4.70146
-4.70116
-4.701
-4.70116
-4.70236
-4.70327
-4.70282
-4.70312
-4.70282
-4.70297
-4.70343
-4.70343
-4.70448
-4.70478
-4.70463
-4.70524
-4.70463
-4.70433
-4.70418
-4.70387
-4.70433
-4.70478
-4.70433
-4.70433
-4.70403
-4.70418
-4.70433
-4.70433
-4.70403
-4.70372
-4.70327
-4.70418
-4.70403
-4.70418
-4.70372
-4.70463
-4.70372
-4.70251
-4.70297
-4.70327
-4.70267
-4.70251
-4.70191
-4.70221
-4.70176
-4.70161
-4.7007
-4.70146
-4.70252
-4.70297
-4.70206
-4.70131
-4.70161
-4.70116
-4.70131
-4.70161
-4.70115
-4.70115
-4.70085
-4.70191
-4.70221
-4.70191
-4.70267
-4.70327
-4.70327
-4.70297
-4.70266
-4.70297
-4.70297
-4.70282
-4.70327
-4.70418
-4.70433
-4.70388
-4.70372
-4.70418
-4.70463
-4.70418
-4.70327
-4.70418
-4.70448
-4.70479
-4.70418
-4.70373
-4.70433
-4.70433
-4.70372
-4.70448
-4.70463
-4.70478
-4.70433
-4.70463
-4.70463
-4.70524
-4.70539
-4.70539
-4.70524
-4.70493
-4.70448
-4.70388
-4.70403
-4.70493
-4.70388
-4.70478
-4.70387
-4.70448
-4.70403
-4.70388
-4.70403
-4.70448
-4.70342
-4.70327
-4.70357
-4.70282
-4.70221
-4.70206
-4.70206
-4.70146
-4.70191
-4.70221
-4.70312
-4.70342
-4.70327
-4.70267
-4.70267
-4.70236
-4.70206
-4.70176
-4.70116
-4.70176
-4.70191
-4.70206
-4.70222
-4.70176
-4.70101
-4.70025
-4.70025
-4.6998
-4.69995
-4.7004
-4.69995
-4.70025
-4.7001
-4.70071
-4.70071
-4.6995
-4.69874
-4.69874
-4.69904
-4.69949
-4.6998
-4.70055
-4.70025
-4.69965
-4.69965
-4.69935
-4.6995
-4.69935
-4.6992
-4.69935
-4.6998
-4.7001
-4.69995
-4.6995
-4.7001
-4.69919
-4.7001
-4.70025
-4.70055
-4.7004
-4.69995
-4.7004
-4.70025
-4.70116
-4.70086
-4.70025
-4.70055
-4.70101
-4.70086
-4.70101
-4.70116
-4.70191
-4.70191
-4.70222
-4.70252
-4.70237
-4.70252
-4.70282
-4.70237
-4.70252
-4.70297
-4.70237
-4.70206
-4.70161
-4.70116
-4.70101
-4.70055
-4.7007
-4.70055
-4.70116
-4.70131
-4.70131
-4.7007
-4.7004
-4.70055
-4.70055
-4.7007
-4.70161
-4.70206
-4.70191
-4.70176
-4.70146
-4.70146
-4.70146
-4.70206
-4.70252
-4.70327
-4.70493
-4.70448
-4.70403
-4.70388
-4.70312
-4.70297
-4.70281
-4.7013
-4.70085
-4.70085
-4.70055
-4.69995
-4.7004
-4.7004
-4.7007
-4.70131
-4.70131
-4.70146
-4.70131
-4.70146
-4.7007
-4.70055
-4.70055
-4.70025
-4.70116
-4.70101
-4.70101
-4.70085
-4.70176
-4.70176
-4.70161
-4.70131
-4.70176
-4.70176
-4.70146
-4.70146
-4.70116
-4.7007
-4.70131
-4.70116
-4.70176
-4.70131
-4.70131
-4.70055
-4.7004
-4.7007
-3.87653
-3.87638
-3.87517
-3.87532
-3.87517
-3.87486
-3.87456
-3.87486
-3.87516
-3.8741
-3.87425
-3.87471
-3.87577
-3.87637
-3.87637
-3.87668
-3.87758
-3.87698
-3.87683
-3.87652
-3.87532
-3.87441
-3.87441
-3.87395
-3.8735
-3.8741
-3.8741
-3.87395
-3.87319
-3.8744
-3.87455
-3.87425
-3.87395
-3.87319
-3.87319
-3.87244
-3.87244
-3.87244
-3.87274
-3.87289
-3.87274
-3.87199
-3.87139
-3.87275
-3.87305
-3.87335
-3.87335
-3.87319
-3.87244
-3.87349
-3.87229
-3.87153
-3.87259
-3.87259
-3.87214
-3.87198
-3.87213
-3.87259
-3.87304
-3.87365
-3.87319
-3.87425
-3.8744
-3.8744
-3.87425
-3.87501
-3.87486
-3.8738
-3.87395
-3.8747
-3.87425
-3.87425
-3.87425
-3.8744
-3.87531
-3.87591
-3.87652
-3.87622
-3.87636
-3.87606
-3.87591
-3.87546
-3.87546
-3.87561
-3.87546
-3.87546
-3.87592
-3.87622
-3.87471
-3.87455
-3.8741
-3.8747
-3.87516
-3.87516
-3.87516
-3.87561
-3.87652
-3.87621
-3.87621
-3.87667
-3.87757
-3.87863
-3.87893
-3.87954
-3.87848
-3.87924
-3.87864
-3.87924
-3.87864
-3.87863
-3.87833
-3.87757
-3.87757
-3.87696
-3.87681
-3.87727
-3.87742
-3.87758
-3.87773
-3.87712
-3.87682
-3.87712
-3.87743
-3.87803
-3.87878
-3.87954
-3.87984
-3.87954
-3.88044
-3.87878
-3.87924
-3.87984
-3.87939
-3.87848
-3.87773
-3.87697
-3.87682
-3.87607
-3.87712
-3.87788
-3.87939
-3.87863
-3.87848
-3.87894
-3.87969
-3.87879
-3.87863
-3.87818
-3.87818
-3.87818
-3.87727
-3.87742
-3.87727
-3.87773
-3.87682
-3.87577
-3.87607
-3.87698
-3.87592
-3.87592
-3.87592
-3.87637
-3.87562
-3.87441
-3.8738
-3.87395
-3.87304
-3.87304
-3.8738
-3.87335
-3.8741
-3.87456
-3.87501
-3.87546
-3.87501
-3.87516
-3.87411
-3.87441
-3.8738
-3.87426
-3.87441
-3.87486
-3.87426
-3.87274
-3.8738
-3.8735
-3.8738
-3.87334
-3.87395
-3.8738
-3.87275
-3.8726
-3.87199
-3.87229
-3.87169
-3.87139
-3.87124
-3.87003
-3.86988
-3.86942
-3.86987
-3.87153
-3.87259
-3.87304
-3.87259
-3.87335
-3.8738
-3.8741
-3.87426
-3.87486
-3.87516
-3.87577
-3.87637
-3.87471
-3.8744
-3.8744
-3.8735
-3.87289
-3.87304
-3.87304
-3.87289
-3.87395
-3.87426
-3.87486
-3.87486
-3.87441
-3.87456
-3.87425
-3.87501
-3.87531
-3.87471
-3.8732
-3.87274
-3.87365
-3.87486
-3.87516
-3.87486
-3.87425
-3.87365
-3.8735
-3.8735
-3.8735
-3.8738
-3.8738
-3.87304
-3.8738
-3.87334
-3.87259
-3.87259
-3.87199
-3.87214
-3.87139
-3.87154
-3.87245
-3.87199
-3.87093
-3.87139
-3.87169
-3.87199
-3.87183
-3.87214
-3.87198
-3.87198
-3.87244
-3.87274
-3.87229
-3.87244
-3.87259
-3.87214
-3.87259
-3.87244
-3.87199
-3.87199
-3.87184
-3.87229
-3.87229
-3.87229
-3.87199
-3.87199
-3.87214
-3.87154
-3.87365
-3.8729
-3.87244
-3.8735
-3.87395
-3.87471
-3.87501
-3.87456
-3.87546
-3.87562
-3.87501
-3.87607
-3.87591
-3.87561
-3.87531
-3.87652
-3.87667
-3.87516
-3.87425
-3.87274
-3.87199
-3.87244
-3.87244
-3.87244
-3.87244
-3.87229
-3.87184
-3.87305
-3.87275
-3.8738
-3.8738
-3.87516
-3.8741
-3.87455
-3.87546
-3.87591
-3.87591
-3.87637
-3.87637
-3.87682
-3.87607
-3.87652
-3.87682
-3.87682
-3.87727
-3.87637
-3.87561
-3.87562
-3.87486
-3.87441
-3.87396
-3.87275
-3.87365
-3.87229
-3.8732
-3.87304
-3.87274
-3.87365
-3.8741
-3.87365
-3.8738
-3.87426
-3.87637
-3.87607
-3.87607
-3.87547
-3.87622
-3.87698
-3.87773
-3.87683
-3.87818
-3.87849
-3.87773
-3.87592
-3.87713
-3.87683
-3.87637
-3.87682
-3.87697
-3.87773
-3.87803
-3.87743
-3.87743
-3.87758
-3.87728
-3.87698
-3.87758
-3.87774
-3.87743
-3.87683
-3.87743
-3.87789
-3.87789
-3.87879
-3.87834
-3.87667
-3.87531
-3.87456
-3.87395
-3.8738
-3.87456
-3.87486
-3.87547
-3.87517
-3.87577
-3.87592
-3.87577
-3.87577
-3.87622
-3.87622
-3.87682
-3.87697
-3.87682
-3.87697
-3.87562
-3.87577
-3.87562
-3.87653
-3.87668
-3.87683
-3.87713
-3.87637
-3.87667
-3.87697
-3.87682
-3.87728
-3.87758
-3.87758
-3.87834
-3.87788
-3.87818
-3.87743
-3.87682
-3.87728
-3.87728
-3.87667
-3.87637
-3.87713
-3.87637
-3.87667
-3.87682
-3.87652
-3.87607
-3.87713
-3.87667
-3.87667
-3.87592
-3.87667
-3.87592
-3.87471
-3.87395
-3.87365
-3.8738
-3.87365
-3.87426
-3.8732
-3.87365
-3.87305
-3.87381
-3.8729
-3.87335
-3.8729
-3.87335
-3.87366
-3.87305
-3.8732
-3.8735
-3.87365
-3.87365
-3.87305
-3.87153
-3.87138
-3.87154
-3.87169
-3.87154
-3.87169
-3.87169
-3.87094
-3.87169
-3.87215
-3.8729
-3.8726
-3.87245
-3.87229
-3.87169
-3.87245
-3.87275
-3.87366
-3.87214
-3.87214
-3.87199
-3.87245
-3.8729
-3.87305
-3.87245
-3.87184
-3.87169
-3.87275
-3.87079
-3.87139
-3.87109
-3.87094
-3.87184
-3.87184
-3.87214
-3.87335
-3.87456
-3.87471
-3.87381
-3.87351
-3.87351
-3.8729
-3.8726
-3.87184
-3.87169
-3.87214
-3.87123
-3.87138
-3.87078
-3.54769
-3.54739
-3.54739
-3.5483
-3.54875
-3.54921
-3.54875
-3.548
-3.54785
-3.54861
-3.54845
-3.5483
-3.5483
-3.54875
-3.54965
-3.54905
-3.54951
-3.54875
-3.54845
-3.54906
-3.5492
-3.54935
-3.55041
-3.55056
-3.54966
-3.55011
-3.55057
-3.55072
-3.55163
-3.55117
-3.55072
-3.55011
-3.54996
-3.54981
-3.55041
-3.5504
-3.5501
-3.54889
-3.54935
-3.55026
-3.55072
-3.55011
-3.54981
-3.54936
-3.54966
-3.54996
-3.5498
-3.55041
-3.55161
-3.55176
-3.55162
-3.55101
-3.55056
-3.55147
-3.55117
-3.55162
-3.55117
-3.55086
-3.55026
-3.55086
-3.54981
-3.55026
-3.54966
-3.54935
-3.55041
-3.5495
-3.55056
-3.55071
-3.54995
-3.54981
-3.54996
-3.55042
-3.54981
-3.5486
-3.5483
-3.54905
-3.54814
-3.54889
-3.54874
-3.54874
-3.54814
-3.54844
-3.5492
-3.5495
-3.5489
-3.5489
-3.54965
-3.54965
-3.5498
-3.55056
-3.55086
-3.55041
-3.55162
-3.55071
-3.55086
-3.55041
-3.55041
-3.55071
-3.55177
-3.55177
-3.55101
-3.55101
-3.55071
-3.5501
-3.55026
-3.54995
-3.54965
-3.54844
-3.54753
-3.54844
-3.54919
-3.54829
-3.54844
-3.54829
-3.5492
-3.54935
-3.54965
-3.54905
-3.54935
-3.54874
-3.54738
-3.54723
-3.54829
-3.54829
-3.54799
-3.5489
-3.54875
-3.5489
-3.5489
-3.5495
-3.54875
-3.54874
-3.54889
-3.54844
-3.5495
-3.54935
-3.54996
-3.55011
-3.55086
-3.55056
-3.55101
-3.55146
-3.55131
-3.55206
-3.55266
-3.55312
-3.55282
-3.55298
-3.55343
-3.55449
-3.55328
-3.55433
-3.55493
-3.55327
-3.55236
-3.55191
-3.55146
-3.55146
-3.55071
-3.55146
-3.55131
-3.55086
-3.5501
-3.55146
-3.55115
-3.5513
-3.55221
-3.55221
-3.55131
-3.55161
-3.55131
-3.55116
-3.55146
-3.55161
-3.55055
-3.55116
-3.5504
-3.54964
-3.54934
-3.55115
-3.55131
-3.5507
-3.5507
-3.5501
-3.55176
-3.55161
-3.55146
-3.55236
-3.55297
-3.55251
-3.55266
-3.55312
-3.55312
-3.55327
-3.55417
-3.55417
-3.55433
-3.55342
-3.55418
-3.55418
-3.55342
-3.55403
-3.55418
-3.55372
-3.55357
-3.55387
-3.55387
-3.55462
-3.55417
-3.55327
-3.55357
-3.55266
-3.5516
-3.55266
-3.55327
-3.55357
-3.55221
-3.55237
-3.55176
-3.55161
-3.55115
-3.551
-3.55009
-3.55009
-3.55009
-3.54874
-3.54798
-3.54693
-3.54708
-3.54648
-3.54708
-3.54723
-3.54737
-3.54677
-3.54616
-3.54556
-3.54632
-3.54693
-3.54693
-3.54602
-3.54572
-3.54526
-3.5442
-3.5436
-3.5436
-3.54345
-3.5433
-3.54239
-3.54239
-3.5433
-3.54375
-3.5439
-3.5442
-3.5439
-3.54345
-3.54421
-3.5436
-3.54391
-3.54421
-3.54421
-3.54421
-3.54375
-3.5436
-3.5445
-3.54375
-3.54375
-3.5439
-3.54496
-3.54602
-3.54542
-3.54602
-3.54678
-3.54769
-3.54859
-3.5504
-3.55085
-3.551
-3.551
-3.55115
-3.55191
-3.55252
-3.55222
-3.55312
-3.55237
-3.55131
-3.55176
-3.55207
-3.55191
-3.5501
-3.5507
-3.55145
-3.55206
-3.55115
-3.5507
-3.55115
-3.55101
-3.55116
-3.55101
-3.55146
-3.55086
-3.5495
-3.55026
-3.5498
-3.54995
-3.54995
-3.54965
-3.55055
-3.55116
-3.55131
-3.551
-3.551
-3.55085
-3.55055
-3.54964
-3.54874
-3.54798
-3.54768
-3.54632
-3.54708
-3.54692
-3.54738
-3.54753
-3.54708
-3.54738
-3.54708
-3.54738
-3.54677
-3.54738
-3.54723
-3.54708
-3.54768
-3.54889
-3.54844
-3.54904
-3.54874
-3.5501
-3.54935
-3.54965
-3.5492
-3.54739
-3.54769
-3.54678
-3.54708
-3.54768
-3.54798
-3.54798
-3.54662
-3.54768
-3.54723
-3.54844
-3.54965
-3.5498
-3.54995
-3.55086
-3.55101
-3.55116
-3.55237
-3.55327
-3.55312
-3.55237
-3.55146
-3.55176
-3.5507
-3.55086
-3.5498
-3.5501
-3.5492
-3.5489
-3.54875
-3.54935
-3.54753
-3.54753
-3.54738
-3.54798
-3.54904
-3.54858
-3.54843
-3.54844
-3.54859
-3.54829
-3.5492
-3.5498
-3.54995
-3.54995
-3.54965
-3.55055
-3.5501
-3.54934
-3.54919
-3.54889
-3.54768
-3.54799
-3.54753
-3.54798
-3.54798
-3.54737
-3.54707
-3.54722
-3.54602
-3.54647
-3.54678
-3.54693
-3.54753
-3.54678
-3.54617
-3.54602
-3.54617
-3.54587
-3.54663
-3.54723
-3.54814
-3.54784
-3.54799
-3.54708
-3.54678
-3.54723
-3.54632
-3.54617
-3.54693
-3.54677
-3.54753
-3.54723
-3.54693
-3.54693
-3.54724
-3.54679
-3.54648
-3.54678
-3.54572
-3.54618
-3.54693
-3.54708
-3.54723
-3.54799
-3.54829
-3.54935
-3.55086
-3.54905
-3.54829
-3.54769
-3.54814
-3.54829
-3.54829
-3.54844
-3.54799
-3.54814
-3.54875
-3.54784
-3.54784
-3.54708
-3.54799
-3.54753
-3.54814
-3.54844
-3.54874
-3.54935
-3.54889
-3.5489
-3.54844
-3.54814
-3.54754
-3.54724
-3.54784
-3.54859
-3.54769
-3.54768
-3.54723
-3.54814
-3.54799
-3.54844
-3.54829
-3.54769
-3.54784
-3.54754
-3.54814
-3.54965
-3.55086
-3.55055
-3.55055
-3.55055
-3.55025
-3.55055
-3.55025
-3.55116
-3.55252
-3.55116
-3.55132
-3.55131
-3.55297
-3.55343
-3.55373
-3.55342
-3.55342
-3.55312
-3.55237
-3.55192
-3.55116
-3.54996
-3.55041
-3.54965
-3.39872
-3.39827
-3.3963
-3.3957
-3.39615
-3.396
-3.39585
-3.39661
-3.39691
-3.39691
-3.396
-3.39676
-3.39691
-3.39721
-3.39797
-3.39842
-3.39842
-3.39842
-3.39827
-3.39782
-3.39843
-3.39797
-3.39751
-3.39766
-3.39705
-3.3966
-3.39691
-3.39873
-3.39888
-3.39918
-3.39903
-3.39858
-3.39812
-3.39918
-3.39978
-3.39948
-3.39917
-3.39978
-3.40023
-3.39978
-3.40008
-3.40084
-3.40204
-3.40249
-3.40144
-3.40174
-3.40265
-3.40159
-3.40295
-3.40295
-3.40265
-3.40159
-3.40099
-3.40023
-3.40039
-3.40039
-3.40099
-3.40054
-3.40024
-3.40084
-3.40084
-3.40114
-3.40084
-3.40159
-3.40219
-3.40159
-3.40159
-3.40054
-3.40054
-3.40008
-3.40084
-3.40009
-3.40009
-3.40114
-3.40144
-3.40205
-3.40265
-3.40144
-3.40099
-3.40069
-3.40023
-3.40023
-3.39993
-3.39978
-3.40054
-3.39963
-3.39993
-3.39963
-3.39948
-3.40023
-3.40114
-3.40024
-3.40024
-3.40069
-3.40008
-3.40189
-3.40234
-3.40159
-3.40144
-3.40219
-3.4025
-3.40219
-3.40219
-3.40129
-3.40235
-3.40084
-3.40145
-3.40235
-3.40175
-3.4016
-3.40054
-3.39963
-3.40008
-3.40083
-3.40144
-3.40023
-3.39962
-3.40023
-3.40008
-3.40038
-3.40114
-3.40325
-3.4028
-3.4031
-3.40295
-3.4025
-3.4031
-3.40235
-3.40205
-3.40235
-3.40175
-3.4016
-3.40205
-3.4022
-3.4022
-3.40295
-3.4028
-3.40265
-3.4031
-3.4034
-3.40325
-3.40265
-3.40159
-3.40114
-3.40039
-3.40054
-3.40024
-3.39918
-3.39918
-3.39827
-3.39873
-3.39888
-3.39888
-3.39918
-3.39918
-3.39918
-3.39903
-3.39857
-3.39827
-3.39706
-3.39646
-3.39631
-3.39737
-3.39782
-3.39692
-3.39661
-3.39677
-3.39722
-3.39812
-3.39842
-3.39782
-3.39797
-3.39843
-3.39888
-3.39934
-3.39873
-3.39963
-3.39902
-3.39902
-3.39902
-3.39857
-3.39903
-3.39978
-3.39857
-3.39963
-3.39993
-3.40099
-3.4016
-3.40129
-3.40099
-3.40175
-3.40175
-3.40295
-3.40295
-3.40326
-3.40311
-3.40341
-3.4022
-3.40129
-3.40129
-3.40129
-3.40054
-3.40099
-3.40038
-3.40038
-3.40008
-3.39917
-3.39887
-3.39963
-3.39903
-3.39828
-3.39858
-3.39964
-3.40009
-3.39918
-3.39887
-3.39948
-3.40038
-3.40144
-3.40129
-3.40159
-3.4016
-3.40235
-3.40099
-3.40069
-3.4022
-3.4025
-3.40295
-3.40356
-3.40371
-3.4022
-3.40205
-3.40144
-3.40205
-3.40295
-3.40129
-3.40114
-3.40114
-3.40039
-3.39918
-3.39902
-3.39872
-3.39933
-3.39994
-3.40039
-3.40039
-3.40054
-3.40069
-3.40008
-3.40114
-3.40144
-3.40068
-3.40129
-3.40084
-3.40009
-3.39903
-3.39903
-3.39828
-3.39827
-3.39812
-3.39797
-3.39873
-3.39903
-3.39903
-3.39933
-3.39888
-3.39812
-3.39858
-3.39827
-3.39888
-3.39767
-3.39782
-3.39843
-3.39858
-3.39828
-3.39737
-3.39797
-3.39812
-3.39827
-3.39767
-3.39661
-3.39661
-3.396
-3.39585
-3.39616
-3.39631
-3.39677
-3.39767
-3.39873
-3.39903
-3.39873
-3.39873
-3.39949
-3.39979
-3.40024
-3.39978
-3.39978
-3.39978
-3.40008
-3.39993
-3.40145
-3.40099
-3.40115
-3.401
-3.40145
-3.40205
-3.40145
-3.40129
-3.40054
-3.40084
-3.40069
-3.4016
-3.40174
-3.40159
-3.4028
-3.4028
-3.40326
-3.40341
-3.40402
-3.40402
-3.40281
-3.40221
-3.40145
-3.40114
-3.40054
-3.40114
-3.40069
-3.39978
-3.39918
-3.39978
-3.40069
-3.40039
-3.40205
-3.4019
-3.4022
-3.4019
-3.4022
-3.40205
-3.40084
-3.40099
-3.40084
-3.40069
-3.40069
-3.40145
-3.40175
-3.40205
-3.4022
-3.4022
-3.40144
-3.40069
-3.40144
-3.4019
-3.40265
-3.40341
-3.40311
-3.40281
-3.40175
-3.4022
-3.40144
-3.40144
-3.4022
-3.40265
-3.4028
-3.40341
-3.40356
-3.40371
-3.40417
-3.40356
-3.40281
-3.40175
-3.40039
-3.401
-3.4013
-3.4013
-3.40039
-3.40039
-3.39978
-3.39948
-3.39948
-3.39948
-3.39933
-3.39888
-3.39948
-3.39949
-3.40054
-3.40024
-3.40115
-3.40069
-3.40069
-3.40069
-3.40054
-3.40281
-3.40356
-3.40402
-3.40372
-3.40341
-3.40341
-3.40311
-3.40326
-3.40356
-3.40341
-3.40447
-3.40508
-3.40508
-3.40433
-3.40312
-3.40281
-3.40205
-3.40174
-3.40144
-3.40069
-3.40084
-3.4004
-3.4004
-3.40116
-3.40116
-3.40146
-3.40251
-3.40281
-3.40311
-3.40462
-3.40447
-3.40402
-3.40402
-3.40417
-3.40372
-3.40402
-3.40372
-3.40387
-3.40326
-3.40326
-3.40311
-3.40266
-3.40266
-3.4013
-3.4016
-3.4013
-3.4016
-3.4007
-3.40085
-3.39979
-3.40084
-3.40054
-3.40069
-3.40115
-3.40115
-3.40009
-3.40025
-3.40161
-3.40266
-3.40372
-3.40387
-3.40463
-3.40463
-3.40357
-3.40206
-3.4016
-3.4016
-3.4007
-3.40085
-3.40009
-3.40055
-3.40085
-3.40024
-3.4004
-3.39919
-3.39858
-3.39934
-3.39964
-3.39964
-3.39964
-3.39903
-3.39964
-3.39919
-3.39934
-3.39919
-3.39874
-3.39874
-3.39934
-3.39919
-3.40025
-3.40025
-3.39949
-3.40024
-3.39963
-3.39933
-3.39978
-3.39948
-3.39948
-3.40009
-3.39964
-3.39919
-3.39964
-3.39994
-3.39994
-3.40069
-3.40009
-3.39888
-3.40009
-3.40069
-3.39961
-3.39946
-3.39931
-3.39946
-3.39886
-3.3981
-3.3981
-3.39795
-3.3981
-3.39749
-3.39809
-3.39794
-3.39779
-3.39825
-3.39825
-3.3987
-3.39765
-3.39765
-3.3981
-3.39885
-3.39825
-3.39825
-3.3984
-3.39931
-3.39976
-3.40007
-3.40006
-3.40052
-3.40067
-3.40066
-3.40157
-3.40126
-3.40081
-3.40067
-3.39961
-3.39991
-3.40067
-3.40097
-3.40112
-3.40022
-3.39991
-3.39961
-3.40036
-3.40021
-3.39991
-3.40051
-3.39976
-3.39976
-3.39976
-3.39855
-3.3984
-3.39855
-3.39809
-3.39809
-3.3984
-3.39809
-3.39809
-3.39824
-3.39885
-3.3993
-3.39946
-3.39946
-3.39931
-3.39961
-3.40052
-3.40067
-3.40036
-3.40036
-3.40006
-3.40051
-3.39946
-3.40036
-3.40082
-3.39976
-3.40051
-3.40127
-3.40066
-3.40006
-3.39991
-3.40021
-3.39976
-3.3993
-3.39945
-3.39915
-3.40097
-3.40036
-3.40037
-3.40052
-3.40052
-3.40006
-3.39961
-3.40021
-3.39961
-3.39931
-3.40021
-3.39991
-3.39976
-3.40022
-3.40022
-3.39976
-3.39931
-3.39916
-3.40006
-3.40021
-3.40052
-3.40157
-3.40127
-3.40082
-3.40127
-3.40082
-3.40112
-3.40173
-3.40113
-3.40082
-3.40233
-3.40248
-3.40308
-3.40217
-3.40202
-3.40172
-3.40188
-3.40158
-3.40128
-3.39992
-3.39992
-3.40037
-3.40067
-3.40067
-3.40097
-3.40157
-3.40233
-3.40293
-3.40278
-3.40309
-3.40233
-3.40143
-3.40097
-3.39992
-3.39931
-3.39886
-3.39946
-3.39886
-3.39931
-3.39931
-3.39901
-3.39825
-3.39765
-3.3978
-3.39764
-3.3981
-3.3981
-3.39856
-3.39765
-3.39765
-3.39675
-3.39645
-3.3969
-3.39584
-3.39674
-3.39765
-3.39765
-3.39765
-3.39704
-3.39599
-3.39644
-3.39659
-3.39764
-3.39764
-3.39734
-3.39735
-3.3975
-3.39811
-3.39751
-3.39781
-3.39766
-3.39721
-3.39735
-3.3972
-3.39735
-3.39705
-3.39674
-3.39674
-3.39614
-3.39599
-3.39614
-3.39568
-3.39674
-3.39644
-3.3969
-3.39585
-3.39539
-3.39645
-3.39509
-3.39554
-3.39524
-3.39524
-3.39569
-3.39554
-3.39584
-3.39524
-3.39508
-3.39372
-3.39342
-3.39403
-3.39388
-3.39388
-3.39433
-3.39418
-3.39418
-3.39645
-3.3972
-3.3972
-3.39705
-3.39886
-3.39916
-3.39931
-3.40022
-3.40067
-3.39947
-3.39871
-3.39947
-3.40053
-3.40023
-3.39977
-3.40038
-3.40099
-3.40038
-3.40038
-3.40023
-3.40023
-3.39992
-3.40007
-3.40037
-3.39947
-3.39781
-3.39871
-3.39932
-3.39962
-3.39857
-3.39872
-3.39872
-3.39826
-3.39751
-3.39736
-3.39721
-3.3969
-3.3969
-3.39826
-3.39766
-3.39796
-3.39796
-3.39781
-3.39735
-3.3969
-3.39705
-3.39811
-3.3978
-3.3975
-3.3966
-3.39675
-3.3969
-3.39675
-3.3966
-3.39554
-3.39585
-3.3957
-3.3957
-3.39645
-3.3966
-3.3963
-3.39645
-3.39615
-3.39418
-3.39342
-3.39448
-3.39463
-3.39463
-3.39539
-3.39539
-3.39478
-3.39554
-3.39478
-3.39448
-3.39478
-3.39478
-3.39463
-3.39494
-3.39479
-3.39524
-3.39569
-3.39569
-3.39599
-3.39478
-3.39402
-3.39387
-3.39402
-3.39372
-3.39373
-3.39358
-3.39388
-3.39433
-3.39403
-3.39539
-3.39509
-3.39448
-3.39478
-3.39524
-3.39554
-3.39539
-3.39629
-3.39766
-3.39902
-3.39887
-3.39856
-3.39871
-3.39917
-3.39962
-3.39916
-3.39871
-3.39901
-3.39947
-3.39917
-3.39902
-3.39947
-3.39932
-3.39932
-3.39902
-3.39887
-3.39947
-3.39977
-3.39917
-3.39826
-3.39871
-3.39826
-3.39811
-3.39796
-3.39856
-3.39856
-3.39932
-3.39887
-3.39872
-3.39856
-3.39886
-3.39886
-3.39841
-3.39796
-3.39735
-3.39811
-3.39765
-3.39765
-3.39765
-3.3975
-3.3978
-3.39766
-3.3975
-3.39705
-3.39705
-3.3966
-3.3969
-3.39675
-3.39629
-3.39659
-3.39674
-3.39674
-3.39704
-3.39719
-3.39689
-3.3978
-3.39871
-3.39886
-3.39856
-3.39992
-3.39992
-3.39977
-3.39946
-3.40007
-3.39931
-3.39961
-3.39991
-3.39916
-3.39931
-3.39977
-3.40007
-3.39931
-3.39962
-3.40037
-3.40128
-3.40128
-3.40067
-3.40037
-3.39992
-3.39992
-3.39977
-3.39901
-3.39916
-3.39977
-3.40037
-3.40097
-3.40067
-3.40142
-3.40097
-3.40067
-3.40067
-3.40158
-3.40128
-3.40143
-3.40158
-3.40052
-3.40006
-3.39916
-3.39825
-3.3972
-3.39811
-3.39796
-3.39735
-3.3972
-3.39841
-3.39855
-3.39885
-3.39825
-3.39961
-3.39946
-3.39931
-3.39961
-3.39976
-3.39961
-3.40067
-3.40097
-3.40173
-3.40309
-3.40204
-3.40204
-3.40204
-3.40022
-3.39992
-3.40007
-3.39992
-3.40037
-3.40037
-3.40097
-3.40082
-3.40006
-3.39991
-3.3984
-3.39765
-3.3969
-3.39735
-3.39705
-3.39735
-3.39765
-3.39856
-3.3978
-3.3975
-3.39719
-3.39659
-3.39659
-3.39765
-3.3981
-3.39734
-3.39674
-3.3975
-3.3981
-3.3984
-3.39901
-3.39901
-3.39931
-3.40022
-3.40022
-3.39961
-3.39915
-3.3987
-3.39915
-3.3993
-3.39915
-3.39795
-3.3978
-3.39961
-3.39991
-3.40052
-3.40021
-3.40006
-3.40036
-3.39975
-3.39915
-3.40005
-3.40036
-3.40081
-3.40112
-3.40082
-3.40006
-3.40067
-3.40067
-3.40097
-3.40082
-3.40036
-3.40021
-3.40097
-3.40217
-3.40202
-3.40217
