1.64872
1.64428
1.63654
1.62521
1.60987
1.58995
1.56478
1.5336
1.49556
1.44996
1.39634
1.33471
1.2658
1.19122
1.11359
1.03645
0.963795
0.899562
0.84687
0.807565
0.78205
0.769412
0.767802
0.774817
0.787875
0.804503
0.822508
0.840109
0.856008
0.869406
0.879966
0.887787
0.893251
0.896916
0.899319
0.900872
0.901729
0.901814
0.9008
0.898208
0.893547
0.886447
0.876805
0.864815
0.851031
0.836292
0.821587
0.807899
0.796118
0.786931
0.780828
0.778066
0.778627
0.782259
0.788469
0.796586
0.805825
0.815342
0.824318
0.83201
0.837854
0.841537
0.843065
0.842701
0.84091
0.838294
0.835451
0.832922
0.831151
0.830529
0.831386
0.833936
0.838204
0.843927
0.850595
0.857577
0.864226
0.870082
0.874914
0.878713
0.88168
0.884133
0.886407
0.88879
0.891449
0.89442
0.897598
0.900774
0.903682
0.906017
0.907506
0.907921
0.907136
0.905166
0.902186
0.898547
0.894707
0.891138
0.88824
0.886247
0.885185
0.884814
0.884756
0.884543
0.88374
0.882073
0.879461
0.876018
0.871905
0.867198
0.861776
0.855339
0.847543
0.838171
0.827286
0.815212
0.802579
0.790194
0.778927
0.769576
0.762766
0.758819
0.757716
0.759079
0.762246
0.766447
0.771006
0.775488
0.779721
0.783763
0.787842
0.792238
0.797202
0.802887
0.809296
0.816242
0.823382
0.83033
0.836702
0.842312
0.847216
0.851612
0.855717
0.859593
0.863064
0.865781
0.867383
0.867637
0.866492
0.864071
0.860641
0.856661
0.852733
0.849619
0.848166
0.849209
0.853442
0.861217
0.872373
0.886189
0.901459
0.916719
0.930535
0.941747
0.949637
0.953944
0.954807
0.952611
0.947922
0.941443
0.933887
0.925954
0.918297
0.911452
0.905839
0.901677
0.899036
0.897818
0.897754
0.898451
0.899454
0.900324
0.900726
0.900458
0.899484
0.897894
0.895878
0.893695
0.891705
0.890328
0.889991
0.891082
0.893825
0.89817
0.903746
0.909921
0.915977
0.921266
0.925333
0.927996
0.929289
0.929427
0.928732
0.927578
0.926321
0.925268
0.924633
0.924548
0.925026
0.925948
0.927107
0.928225
0.92902
0.929252
0.928747
0.927433
0.925325
0.922537
0.919259
0.915702
0.91206
0.908433
0.904784
0.900901
0.89644
0.89103
0.884425
0.876685
0.868336
0.86032
0.853734
0.849393
0.847504
0.847668
0.849162
0.851367
0.854003
0.85721
0.861504
0.867531
0.875826
0.886606
0.899588
0.913987
0.928622
0.942174
0.953399
0.961355
0.965501
0.965691
0.962142
0.955387
0.946176
0.935422
0.924091
0.913071
0.903034
0.894378
0.887188
0.881379
0.876817
0.873449
0.871378
0.870756
0.871656
0.873911
0.877098
0.880611
0.88383
0.886305
0.887924
0.888974
0.890055
0.891893
0.895167
0.900224
0.906965
0.914835
0.923026
0.930728
0.93734
0.942456
0.945901
0.947629
0.947661
0.946028
0.942765
0.9379
0.931502
0.923669
0.914596
0.904558
0.893953
0.883276
0.873051
0.863739
0.855667
0.849004
0.843727
0.839706
0.836792
0.834907
0.834137
0.83466
0.836703
0.840364
0.845463
0.85149
0.857672
0.863221
0.867608
0.870868
0.873685
0.877179
0.882399
0.889573
0.897699
0.904891
0.9093
0.90997
0.907105
0.901814
0.895617
0.890037
0.886243
0.88488
0.886042
0.88937
0.894154
0.899428
0.904174
0.907501
0.908768
0.907692
0.904337
0.899042
0.892382
0.885051
0.877787
0.871269
0.866089
0.862642
0.861122
0.861546
0.863781
0.867602
0.872739
0.878896
0.885741
0.892898
0.899925
0.906379
0.911845
0.916026
0.918801
0.920228
0.92049
0.919888
0.918733
0.917328
0.915978
0.914874
0.914036
0.913327
0.912424
0.910911
0.908382
0.904543
0.899275
0.892661
0.884942
0.876431
0.86738
0.857977
0.848301
0.838334
0.827943
0.816873
0.80481
0.791499
0.776993
0.76189
0.747435
0.735376
0.727499
0.725099
0.728608
0.737556
0.750831
0.767033
0.784764
0.802736
0.819815
0.835022
0.84759
0.857087
0.86345
0.866971
0.868217
0.867854
0.866535
0.864744
0.86275
0.86059
0.858147
0.855217
0.851647
0.847388
0.842587
0.83759
0.832907
0.829114
0.826707
0.82591
0.826557
0.828111
0.829814
0.830972
0.831173
0.830387
0.829012
0.82773
0.827316
0.828388
0.831195
0.835516
0.840767
0.846159
0.8508
0.853897
0.854857
0.853341
0.849277
0.842853
0.834522
0.824944
0.814979
0.805653
0.798106
0.793454
0.792594
0.795948
0.803351
0.81409
0.827072
0.841024
0.854706
0.86707
0.877322
0.884919
0.889556
0.891079
0.88949
0.884881
0.877424
0.867466
0.855557
0.842533
0.829532
0.817843
0.808643
0.802713
0.800251
0.8009
0.803982
0.808725
0.814428
0.820532
0.826681
0.832671
0.838413
0.843906
0.849163
0.854157
0.858824
0.863063
0.866725
0.869679
0.871798
0.872998
0.873299
0.872762
0.871475
0.869488
0.866817
0.86342
0.859221
0.854178
0.848334
0.84186
0.835124
0.828641
0.822988
0.818723
0.81623
0.815624
0.816738
0.819167
0.82235
0.82562
1.65083
1.64143
1.62112
1.5903
1.55046
1.50472
1.45783
1.41535
1.38197
1.35991
1.34873
1.34631
1.3501
1.35768
1.36695
1.37611
1.38362
1.38818
1.38875
1.38464
1.37568
1.36229
1.34534
1.32612
1.30601
1.28629
1.26791
1.25154
1.23774
1.22724
1.22083
1.21906
1.22203
1.22947
1.24108
1.25676
1.2764
1.29954
1.32502
1.35097
1.37516
1.39545
1.41043
1.41969
1.42386
1.42428
1.42258
1.42019
1.41805
1.41651
1.41532
1.4138
1.41115
1.40685
1.40101
1.39463
1.38934
1.38676
1.38763
1.39135
1.39614
1.39973
1.40027
1.39677
1.38925
1.37854
1.36582
1.35228
1.33887
1.3263
1.31523
1.30628
1.29988
1.29603
1.29405
1.29288
1.29166
1.29035
1.2899
1.29159
1.29631
1.30405
1.31386
1.3242
1.33329
1.33948
1.34164
1.33945
1.33349
1.32502
1.31559
1.30657
1.29879
1.29236
1.28688
1.28183
1.277
1.27261
1.26919
1.26731
1.26728
1.26902
1.27191
1.27479
1.27604
1.27377
1.26639
1.25304
1.2342
1.21187
1.18934
1.17048
1.1588
1.15672
1.16496
1.18255
1.20718
1.23593
1.26584
1.29451
1.32014
1.34171
1.35886
1.37178
1.38112
1.38783
1.39298
1.39762
1.4026
1.4085
1.41555
1.42358
1.4319
1.43929
1.44432
1.44597
1.44409
1.43958
1.43393
1.42854
1.42397
1.41968
1.41429
1.40607
1.39361
1.37651
1.35582
1.33432
1.31594
1.30462
1.3028
1.31057
1.32584
1.34541
1.36607
1.38535
1.40182
1.415
1.42508
1.43233
1.43684
1.43854
1.43743
1.43408
1.4299
1.42677
1.42646
1.42974
1.4362
1.44462
1.45365
1.46223
1.46958
1.47519
1.47852
1.47906
1.4762
1.46943
1.45841
1.44317
1.4242
1.40237
1.3787
1.35438
1.331
1.31089
1.29717
1.29308
1.30043
1.31826
1.34302
1.37011
1.39564
1.41732
1.43443
1.44697
1.45508
1.45868
1.4574
1.451
1.4398
1.42497
1.40845
1.39234
1.3782
1.3667
1.35759
1.34994
1.3424
1.33363
1.32263
1.30895
1.29284
1.27541
1.25861
1.2449
1.23636
1.23383
1.23673
1.24353
1.25245
1.26203
1.27123
1.27947
1.28653
1.2926
1.29823
1.30415
1.31083
1.31804
1.32476
1.32962
1.33165
1.33089
1.32848
1.32606
1.32476
1.32456
1.32439
1.3228
1.31876
1.31197
1.30306
1.29361
1.28608
1.28325
1.28721
1.29818
1.3142
1.33191
1.34783
1.35929
1.36466
1.36325
1.35513
1.34097
1.32199
1.3
1.2773
1.25659
1.24047
1.2308
1.22822
1.23219
1.24165
1.25536
1.27209
1.29057
1.30958
1.32813
1.34555
1.36137
1.37505
1.38593
1.39328
1.39658
1.39594
1.39217
1.38666
1.381
1.37646
1.37376
1.37297
1.37371
1.37536
1.37736
1.37908
1.37973
1.37839
1.37413
1.36632
1.35504
1.34144
1.32752
1.3153
1.30589
1.2991
1.29402
1.29006
1.28753
1.28737
1.29034
1.29629
1.30388
1.3109
1.31494
1.31405
1.3072
1.29433
1.27626
1.25443
1.23056
1.20639
1.18345
1.16291
1.14558
1.13212
1.12326
1.11969
1.12178
1.12913
1.14058
1.15482
1.17135
1.19129
1.21668
1.24853
1.28501
1.3219
1.35445
1.37905
1.39396
1.39926
1.39655
1.38848
1.37823
1.3688
1.36259
1.36111
1.36512
1.37475
1.3894
1.40749
1.42662
1.44414
1.45789
1.46669
1.47023
1.4688
1.46295
1.45325
1.44021
1.42432
1.40613
1.38622
1.36519
1.34352
1.32179
1.30105
1.28337
1.27175
1.26908
1.27661
1.29303
1.31522
1.33953
1.36288
1.38313
1.39901
1.4099
1.41566
1.41654
1.41305
1.40592
1.39612
1.38491
1.37388
1.36484
1.35934
1.35801
1.36022
1.3644
1.36851
1.37078
1.37005
1.36598
1.35903
1.35025
1.34105
1.33315
1.32827
1.32796
1.33314
1.34368
1.35828
1.3747
1.3902
1.40211
1.40821
1.40713
1.39859
1.38369
1.36497
1.34581
1.32907
1.31578
1.3049
1.29452
1.28324
1.27088
1.25836
1.24706
1.23828
1.2328
1.23066
1.23117
1.2331
1.23511
1.23621
1.23615
1.23555
1.2357
1.2381
1.24396
1.25362
1.26642
1.28109
1.29644
1.31184
1.32717
1.34254
1.3579
1.37288
1.38685
1.39906
1.40879
1.41539
1.41838
1.41751
1.41277
1.4044
1.39269
1.37786
1.36001
1.33936
1.31652
1.29267
1.26946
1.24883
1.23264
1.22236
1.21884
1.22211
1.23109
1.24375
1.25746
1.26969
1.2786
1.28323
1.28354
1.28029
1.27478
1.26857
1.26322
1.26013
1.26026
1.26388
1.27044
1.27887
1.28817
1.2977
1.30708
1.31593
1.32364
1.32953
1.33303
1.33392
1.33241
1.3293
1.32583
1.32333
1.32255
1.32322
1.32448
1.32574
1.32744
1.33063
1.3361
1.34369
1.35218
1.35995
1.36552
1.368
1.36704
1.3628
1.35589
1.34733
1.33845
1.33092
1.32663
1.65115
1.65498
1.6615
1.66946
1.67688
1.68183
1.68274
1.67835
1.66751
1.64928
1.62337
1.59102
1.55562
1.52246
1.49714
1.48288
1.47906
1.48216
1.48835
1.49556
1.50381
1.51429
1.52796
1.54456
1.56255
1.5797
1.59369
1.60239
1.60393
1.59701
1.58114
1.55682
1.52593
1.49219
1.46157
1.44121
1.4363
1.44677
1.4671
1.48946
1.50728
1.51688
1.51721
1.50902
1.49431
1.47613
1.45823
1.44433
1.43698
1.43675
1.44231
1.45132
1.4613
1.47038
1.47755
1.48246
1.48504
1.48519
1.48284
1.47817
1.47167
1.46385
1.45491
1.44471
1.43363
1.42383
1.41931
1.42375
1.43729
1.45557
1.47241
1.48302
1.48552
1.48055
1.4703
1.45766
1.44558
1.43671
1.43316
1.43606
1.4452
1.45876
1.47396
1.48812
1.49987
1.50985
1.52045
1.53445
1.5532
1.57594
1.60048
1.62463
1.64707
1.66746
1.68607
1.70318
1.71855
1.73139
1.74044
1.74439
1.74221
1.7336
1.71901
1.69951
1.67634
1.65047
1.62254
1.59322
1.56378
1.53645
1.5142
1.49962
1.49331
1.49328
1.49598
1.49831
1.49874
1.49727
1.49493
1.4935
1.49527
1.50236
1.51548
1.53283
1.55038
1.56372
1.57002
1.56871
1.56113
1.54969
1.53734
1.52703
1.52125
1.5214
1.52735
1.5373
1.54838
1.55751
1.56227
1.56156
1.55605
1.54813
1.54159
1.54056
1.54802
1.56397
1.58477
1.60417
1.61577
1.6155
1.60302
1.58194
1.55875
1.54017
1.53017
1.52863
1.53238
1.53732
1.53999
1.53808
1.53064
1.51786
1.50118
1.48325
1.46743
1.45696
1.45348
1.45627
1.46284
1.47056
1.47791
1.48488
1.49227
1.50064
1.50988
1.51947
1.52936
1.54027
1.55328
1.56907
1.58736
1.60676
1.62532
1.64112
1.65262
1.65875
1.6589
1.65317
1.64237
1.62799
1.61186
1.59569
1.58092
1.56883
1.56064
1.55727
1.5586
1.56303
1.56785
1.57018
1.56809
1.56103
1.54986
1.53647
1.52329
1.51269
1.50636
1.505
1.50834
1.51545
1.52523
1.537
1.55084
1.56703
1.58518
1.60334
1.61847
1.6278
1.63041
1.62786
1.62339
1.62018
1.62002
1.6231
1.62857
1.63481
1.63944
1.63954
1.63245
1.61679
1.59328
1.56503
1.5371
1.51509
1.50279
1.5004
1.50494
1.51213
1.51816
1.52028
1.51732
1.51035
1.50297
1.49956
1.50207
1.50885
1.51665
1.52291
1.5266
1.528
1.52833
1.52903
1.53122
1.53542
1.54151
1.54887
1.55646
1.56319
1.56827
1.5717
1.57447
1.57847
1.58581
1.59816
1.61603
1.63826
1.66248
1.6859
1.70595
1.72058
1.7282
1.72777
1.71884
1.7017
1.67751
1.64864
1.61863
1.59146
1.56961
1.55269
1.53802
1.52263
1.50478
1.48413
1.46104
1.43583
1.40866
1.37984
1.35055
1.32371
1.30389
1.29623
1.30416
1.32782
1.36454
1.41047
1.46159
1.51401
1.56392
1.60782
1.64288
1.66738
1.6809
1.68413
1.67861
1.66632
1.64939
1.62987
1.60962
1.59022
1.57298
1.55878
1.54804
1.54063
1.53601
1.53353
1.53275
1.53358
1.53611
1.54019
1.54485
1.54827
1.54838
1.54395
1.53546
1.52531
1.51687
1.51302
1.51503
1.52259
1.53448
1.54929
1.56574
1.58275
1.59926
1.61396
1.62519
1.63101
1.62966
1.62019
1.60293
1.57969
1.55366
1.52895
1.50965
1.49863
1.49641
1.50097
1.50849
1.51476
1.5165
1.51203
1.50131
1.48579
1.46765
1.44921
1.43265
1.41991
1.4126
1.4119
1.41841
1.4321
1.45211
1.47661
1.50287
1.52758
1.54763
1.56069
1.56577
1.56323
1.55456
1.54214
1.529
1.51852
1.51391
1.51703
1.52747
1.54252
1.55861
1.57254
1.5821
1.586
1.58366
1.5753
1.562
1.54558
1.52802
1.51051
1.49271
1.47294
1.44937
1.42099
1.38844
1.3544
1.32353
1.30148
1.29273
1.29863
1.31695
1.34326
1.37285
1.40211
1.42893
1.45259
1.47349
1.49253
1.51041
1.52727
1.54273
1.55604
1.56628
1.57248
1.5738
1.5698
1.56071
1.54767
1.53285
1.51926
1.51016
1.50829
1.51509
1.53017
1.55112
1.57381
1.59342
1.60593
1.60927
1.60385
1.59221
1.57793
1.56384
1.55114
1.53973
1.52941
1.52064
1.51396
1.50904
1.50471
1.49979
1.49386
1.48733
1.48085
1.47474
1.46859
1.46151
1.45257
1.44128
1.42779
1.41284
1.39754
1.38324
1.37148
1.36401
1.36245
1.36781
1.38004
1.39806
1.42021
1.44458
1.46916
1.49195
1.51132
1.52651
1.53803
1.5474
1.55646
1.56673
1.57891
1.59278
1.60724
1.62049
1.63053
1.63567
1.63508
1.62897
1.61856
1.60579
1.59284
1.58175
1.57402
1.57028
1.57015
1.5722
1.57422
1.57378
1.56872
1.55773
1.54075
1.51927
1.49613
1.47487
1.45874
1.44976
1.44821
1.45285
1.4616
1.47223
1.48281
1.49206
1.49959
1.65756
1.6634
1.66871
1.6748
1.68181
1.68882
1.69434
1.69714
1.69689
1.69433
1.69077
1.68694
1.68252
1.67688
1.67074
1.66639
1.66593
1.66904
1.67285
1.67375
1.66948
1.66064
1.651
1.64632
1.65135
1.66677
1.68878
1.71156
1.72989
1.74063
1.74277
1.73691
1.7247
1.70827
1.68992
1.67165
1.65464
1.63908
1.62432
1.60957
1.59465
1.58028
1.56825
1.56096
1.56058
1.56813
1.58274
1.60174
1.62143
1.63846
1.65091
1.6587
1.66317
1.66594
1.66782
1.66812
1.66522
1.65764
1.64493
1.62799
1.6089
1.59057
1.57609
1.56786
1.56669
1.57193
1.582
1.5953
1.61052
1.6265
1.64202
1.65563
1.66595
1.67201
1.6735
1.67076
1.66454
1.65561
1.64459
1.63205
1.61865
1.60548
1.59406
1.58563
1.58031
1.57699
1.57439
1.57192
1.56977
1.5681
1.56638
1.56332
1.55739
1.54773
1.5351
1.5223
1.51301
1.50956
1.5118
1.5185
1.52938
1.54557
1.5681
1.59621
1.62679
1.65527
1.67727
1.68976
1.6914
1.68236
1.66397
1.63835
1.60837
1.57732
1.54849
1.52439
1.50614
1.49334
1.48467
1.47892
1.47585
1.4764
1.48223
1.49469
1.51405
1.53917
1.56774
1.59701
1.62444
1.6481
1.66681
1.67989
1.68688
1.68747
1.68169
1.6704
1.65566
1.64066
1.62894
1.62332
1.62476
1.63237
1.64372
1.65571
1.66537
1.67043
1.66947
1.66226
1.64967
1.63347
1.61588
1.59888
1.58377
1.57126
1.56197
1.55688
1.55713
1.56308
1.57368
1.58713
1.60212
1.61836
1.63584
1.65409
1.67177
1.68691
1.69782
1.70392
1.70625
1.70688
1.70746
1.70753
1.70408
1.69328
1.67284
1.6435
1.60895
1.57455
1.54525
1.52373
1.50974
1.50101
1.49512
1.49086
1.48835
1.48832
1.49091
1.49531
1.50021
1.50461
1.50831
1.51197
1.51665
1.52318
1.53157
1.54092
1.5499
1.55738
1.56278
1.56606
1.56762
1.56829
1.56953
1.57358
1.58335
1.60147
1.62878
1.66302
1.6992
1.73159
1.75542
1.76778
1.76773
1.75629
1.73642
1.71251
1.6895
1.67152
1.66078
1.65698
1.65738
1.65789
1.65493
1.64703
1.6352
1.62218
1.61094
1.60343
1.59991
1.59921
1.59952
1.59924
1.59754
1.59472
1.59206
1.59104
1.59196
1.59375
1.59532
1.59704
1.6005
1.60701
1.61633
1.62647
1.63468
1.63849
1.63681
1.63057
1.62323
1.62025
1.62681
1.64485
1.67173
1.70197
1.73016
1.75291
1.76906
1.77904
1.78404
1.78543
1.78431
1.7814
1.7769
1.77047
1.76159
1.74991
1.73548
1.71877
1.70056
1.68167
1.66273
1.64398
1.62504
1.60507
1.58336
1.55999
1.53593
1.51273
1.492
1.47555
1.46578
1.46543
1.47643
1.49853
1.52885
1.56306
1.59696
1.62747
1.65265
1.67122
1.68227
1.68541
1.68136
1.672
1.65995
1.6478
1.63751
1.63033
1.62681
1.62666
1.62878
1.63128
1.63197
1.62897
1.62149
1.61029
1.59751
1.58572
1.57681
1.57147
1.56941
1.57029
1.57456
1.58358
1.59874
1.62011
1.64593
1.67274
1.69649
1.71386
1.72318
1.72479
1.72064
1.71322
1.70452
1.69542
1.68581
1.67514
1.66319
1.65071
1.63922
1.63013
1.62413
1.62114
1.62059
1.62187
1.62433
1.62735
1.63027
1.63241
1.63304
1.63151
1.62721
1.61981
1.60938
1.59656
1.58245
1.56847
1.55589
1.54548
1.53739
1.53134
1.52693
1.52382
1.52143
1.5189
1.51544
1.51124
1.50805
1.5088
1.51654
1.53313
1.55846
1.59032
1.62493
1.65813
1.68661
1.70864
1.72396
1.73324
1.7371
1.7355
1.72774
1.71313
1.69195
1.6662
1.63986
1.61804
1.60502
1.60246
1.60872
1.61998
1.63198
1.64143
1.64657
1.64715
1.64404
1.6389
1.63379
1.63073
1.63108
1.63496
1.64097
1.64673
1.64991
1.64934
1.64557
1.64076
1.63758
1.63778
1.64119
1.64561
1.64782
1.64474
1.63467
1.61835
1.59928
1.58325
1.57667
1.5844
1.60774
1.64323
1.68333
1.71956
1.74549
1.75834
1.75883
1.75026
1.73716
1.72387
1.71344
1.70709
1.70439
1.70393
1.70405
1.70338
1.70116
1.69703
1.69087
1.68262
1.67244
1.66069
1.64786
1.6345
1.62102
1.60765
1.59435
1.58093
1.56745
1.55473
1.54451
1.53904
1.54022
1.54897
1.56455
1.58451
1.60546
1.62434
1.63917
1.64915
1.65433
1.65525
1.65279
1.64811
1.6426
1.63759
1.63406
1.63244
1.63276
1.63474
1.63796
1.64187
1.64582
1.64911
1.65105
1.65124
1.64962
1.64669
1.64366
1.64217
1.64364
1.64839
1.65541
1.66296
1.66948
1.67381
1.67498
1.67173
1.66241
1.64558
1.62064
1.58845
1.55136
1.51323
1.47902
1.45415
1.44276
1.44594
1.4613
1.48438
1.51077
1.53722
1.56168
1.58291
1.6003
1.61398
1.62474
1.63366
1.64159
1.64853
1.6566
1.65994
1.65788
1.64964
1.63583
1.61832
1.59926
1.58029
1.56264
1.54817
1.5397
1.53956
1.54771
1.56144
1.57662
1.58941
1.59741
1.60013
1.59872
1.59517
1.59121
1.58753
1.58373
1.57878
1.57164
1.56166
1.54898
1.53474
1.52133
1.51223
1.51116
1.52059
1.54012
1.56641
1.59482
1.62123
1.64289
1.65828
1.66699
1.66979
1.66876
1.66661
1.66594
1.66834
1.67401
1.68177
1.68953
1.69475
1.69525
1.68988
1.67885
1.66377
1.64717
1.63176
1.61972
1.61233
1.6101
1.61321
1.62171
1.63528
1.6527
1.67189
1.69044
1.7065
1.71903
1.72765
1.73229
1.73282
1.72908
1.72093
1.70842
1.69181
1.67165
1.6488
1.62446
1.60008
1.57729
1.55775
1.54302
1.53446
1.5331
1.53931
1.55262
1.57158
1.59397
1.61717
1.63863
1.65637
1.66961
1.67912
1.68702
1.69576
1.70654
1.71864
1.72991
1.73807
1.74165
1.74021
1.73416
1.72465
1.71337
1.70231
1.69304
1.68617
1.68135
1.67788
1.67538
1.67402
1.67395
1.67453
1.67409
1.67061
1.66264
1.64989
1.63365
1.61685
1.60348
1.59726
1.60006
1.61117
1.62733
1.6437
1.65559
1.65987
1.65571
1.64444
1.62882
1.61235
1.59831
1.58902
1.58545
1.58733
1.59351
1.60238
1.61223
1.62151
1.6291
1.6345
1.63795
1.64017
1.64211
1.64445
1.64731
1.65038
1.6535
1.65728
1.66319
1.67298
1.68769
1.707
1.72919
1.75145
1.77046
1.78303
1.78657
1.77952
1.76158
1.73386
1.69884
1.6599
1.62038
1.5827
1.54849
1.51954
1.49823
1.48716
1.48809
1.50115
1.52462
1.55518
1.58855
1.62029
1.64652
1.66439
1.6724
1.67048
1.6602
1.64457
1.62706
1.61032
1.5956
1.58337
1.57424
1.5694
1.57063
1.58003
1.599
1.62663
1.65886
1.68957
1.71333
1.72737
1.73207
1.72984
1.72356
1.71527
1.70576
1.69498
1.68304
1.67095
1.66085
1.65509
1.65495
1.65996
1.6686
1.67901
1.68942
1.69817
1.70389
1.70592
1.70433
1.69985
1.69361
1.6869
1.68086
1.67631
1.67382
1.67376
1.6763
1.68132
1.68821
1.69586
1.70254
1.70608
1.70429
1.6955
1.67934
1.657
1.63092
1.60398
1.57875
1.55721
1.54102
1.53141
1.52898
1.53321
1.5424
1.55403
1.56566
1.57562
1.58323
1.5885
1.59166
1.59288
1.5924
1.59066
1.58808
1.58461
1.57965
1.57246
1.56298
1.55225
1.54199
1.53355
1.52776
1.52547
1.52784
1.53581
1.54927
1.56675
1.58619
1.60601
1.62566
1.64507
1.66373
1.68043
1.69395
1.70373
1.70966
1.71146
1.70839
1.70004
1.68719
1.67177
1.65579
1.64047
1.62635
1.61404
1.60435
1.59794
1.59475
1.59393
1.59422
1.5943
1.5929
1.58889
1.58105
1.56813
1.54924
1.52449
1.49586
1.46726
1.4437
1.4297
1.42773
1.43762
1.45685
1.48144
1.50715
1.53066
1.55004
1.56473
1.57516
1.58245
1.58812
1.59376
1.60077
1.61018
1.62257
1.63768
1.65382
1.66805
1.6773
1.67975
1.67568
1.66731
1.65797
1.65079
1.64728
1.64679
1.64718
1.64621
1.64249
1.6355
1.62521
1.6116
1.59463
1.57449
1.55187
1.52816
1.50541
1.4862
1.47334
1.4694
1.47589
1.49267
1.51762
1.54718
1.57729
1.60471
1.62789
1.64706
1.66365
1.6793
1.69505
1.71109
1.72695
1.7422
1.75674
1.7707
1.78407
1.79636
1.80643
1.81276
1.81383
1.80847
1.79622
1.77748
1.75354
1.72648
1.69885
1.67329
1.65199
1.63657
1.62795
1.62642
1.63138
1.64099
1.65227
1.66205
1.66803
1.66941
1.66678
1.66143
1.65479
1.64815
1.6427
1.63957
1.63976
1.64385
1.65179
1.66276
1.67526
1.68761
1.69828
1.70617
1.71069
1.71169
1.7094
1.70425
1.69698
1.68844
1.67931
1.66972
1.65917
1.64706
1.63363
1.62073
1.6115
1.60836
1.61092
1.61614
1.62046
1.6218
1.62006
1.6167
1.61398
1.61416
1.61875
1.62791
1.64035
1.65369
1.66493
1.67104
1.66962
1.65979
1.64335
1.62504
1.61096
1.60539
1.60862
1.61783
1.62948
1.64095
1.6512
1.66062
1.67015
1.6802
1.69007
1.69791
1.70177
1.70039
1.69345
1.68109
1.66335
1.64009
1.61168
1.57988
1.54839
1.52265
1.50838
1.5094
1.52585
1.55436
1.58953
1.62558
1.65749
1.68153
1.6957
1.69976
1.69511
1.6841
1.66931
1.65307
1.6376
1.6251
1.61732
1.61473
1.61639
1.62078
1.62702
1.63544
1.64632
1.65837
1.66861
1.67391
1.67229
1.66361
1.64987
1.63536
1.6257
1.62552
1.63596
1.65412
1.6744
1.69082
1.69887
1.69634
1.68349
1.66286
1.63867
1.61594
1.59919
1.59121
1.59243
1.60105
1.61384
1.62713
1.63782
1.64406
1.64544
1.64287
1.63797
1.63205
1.62557
1.61839
1.61107
1.60596
1.60651
1.6149
