1.09914
1.09618
1.09103
1.08348
1.07324
1.05997
1.04319
1.0224
0.997043
0.966642
0.930892
0.889808
0.843864
0.794144
0.742394
0.690966
0.64253
0.599708
0.56458
0.538377
0.521366
0.512941
0.511868
0.516545
0.52525
0.536335
0.548338
0.560072
0.570672
0.579604
0.586644
0.591858
0.595501
0.597944
0.599546
0.600582
0.601153
0.601209
0.600533
0.598805
0.595698
0.590965
0.584536
0.576543
0.567354
0.557528
0.547725
0.538599
0.530745
0.524621
0.520552
0.51871
0.519085
0.521506
0.525646
0.531057
0.537216
0.543561
0.549545
0.554674
0.558569
0.561025
0.562043
0.561801
0.560607
0.558863
0.556967
0.555281
0.554101
0.553686
0.554257
0.555957
0.558802
0.562618
0.567063
0.571718
0.57615
0.580055
0.583276
0.585809
0.587787
0.589422
0.590938
0.592527
0.594299
0.59628
0.598399
0.600516
0.602455
0.604011
0.605004
0.605281
0.604758
0.603444
0.601457
0.599031
0.596471
0.594092
0.59216
0.590831
0.590123
0.589876
0.589837
0.589696
0.58916
0.588049
0.586307
0.584012
0.58127
0.578132
0.574517
0.570226
0.565029
0.558781
0.551524
0.543475
0.535053
0.526796
0.519285
0.513051
0.50851
0.505879
0.505144
0.506053
0.508164
0.510965
0.514004
0.516992
0.519814
0.522508
0.525228
0.528159
0.531468
0.535258
0.539531
0.544161
0.548921
0.553553
0.557801
0.561541
0.564811
0.567741
0.570478
0.573062
0.575376
0.577187
0.578255
0.578425
0.577661
0.576048
0.57376
0.571107
0.568489
0.566413
0.565444
0.566139
0.568961
0.574145
0.581582
0.590793
0.600973
0.611146
0.620357
0.627831
0.633091
0.635962
0.636538
0.635074
0.631948
0.627629
0.622592
0.617302
0.612198
0.607634
0.603892
0.601118
0.599357
0.598545
0.598503
0.598967
0.599636
0.600216
0.600484
0.600305
0.599656
0.598596
0.597252
0.595797
0.59447
0.593552
0.593328
0.594055
0.595883
0.59878
0.602497
0.606614
0.610651
0.614177
0.616889
0.618664
0.619526
0.619618
0.619155
0.618385
0.617548
0.616845
0.616422
0.616365
0.616684
0.617299
0.618071
0.618816
0.619347
0.619501
0.619165
0.618289
0.616884
0.615024
0.612839
0.610468
0.60804
0.605622
0.603189
0.600601
0.597627
0.59402
0.589616
0.584457
0.57889
0.573547
0.569156
0.566262
0.565003
0.565112
0.566108
0.567578
0.569335
0.571473
0.574336
0.578354
0.583884
0.59107
0.599726
0.609325
0.619082
0.628116
0.6356
0.640903
0.643667
0.643794
0.641428
0.636924
0.630784
0.623615
0.616061
0.608714
0.602023
0.596252
0.591459
0.587586
0.584545
0.5823
0.580919
0.580504
0.581104
0.582607
0.584732
0.587074
0.58922
0.59087
0.591949
0.592649
0.59337
0.594595
0.596778
0.600149
0.604643
0.60989
0.61535
0.620485
0.624893
0.628304
0.630601
0.631753
0.631774
0.630686
0.62851
0.625266
0.621002
0.615779
0.60973
0.603038
0.595968
0.588851
0.582034
0.575826
0.570445
0.566002
0.562485
0.559804
0.557861
0.556605
0.556091
0.55644
0.557802
0.560243
0.563642
0.56766
0.571781
0.57548
0.578405
0.580579
0.582456
0.584786
0.588266
0.593048
0.598466
0.603261
0.6062
0.606646
0.604737
0.601209
0.597078
0.593358
0.590829
0.58992
0.590695
0.592914
0.596102
0.599619
0.602783
0.605001
0.605845
0.605128
0.602892
0.599362
0.594921
0.590034
0.585191
0.580846
0.577393
0.575095
0.574081
0.574364
0.575854
0.578401
0.581826
0.585931
0.590494
0.595265
0.59995
0.604253
0.607896
0.610684
0.612534
0.613485
0.61366
0.613258
0.612488
0.611552
0.610652
0.609916
0.609357
0.608885
0.608283
0.607274
0.605588
0.603029
0.599517
0.595107
0.589961
0.584287
0.578253
0.571985
0.565534
0.558889
0.551962
0.544582
0.53654
0.527666
0.517995
0.507927
0.49829
0.490251
0.484999
0.483399
0.485738
0.491704
0.500554
0.511355
0.523176
0.535157
0.546544
0.556681
0.56506
0.571391
0.575633
0.577981
0.578811
0.578569
0.57769
0.576496
0.575166
0.573726
0.572098
0.570144
0.567765
0.564925
0.561724
0.558393
0.555271
0.552743
0.551138
0.550606
0.551038
0.552074
0.553209
0.553981
0.554115
0.553591
0.552674
0.55182
0.551544
0.552258
0.55413
0.55701
0.560512
0.564106
0.5672
0.569265
0.569904
0.568894
0.566184
0.561902
0.556348
0.549963
0.543319
0.537102
0.532071
0.528969
0.528396
0.530632
0.535567
0.542727
0.551381
0.560683
0.569804
0.578047
0.584881
0.589946
0.593037
0.594053
0.592993
0.589921
0.58495
0.578311
0.570371
0.561689
0.553021
0.545229
0.539096
0.535142
0.533501
0.533934
0.535988
0.53915
0.542952
0.547021
0.55112
0.555114
0.558942
0.562604
0.566108
0.569438
0.572549
0.575376
0.577816
0.579786
0.581199
0.581999
0.582199
0.581841
0.580983
0.579658
0.577878
0.575614
0.572814
0.569452
0.565556
0.56124
0.556749
0.552427
0.548659
0.545815
0.544154
0.543749
0.544492
0.546112
0.548233
0.550413
1.10056
1.09428
1.08075
1.0602
1.03364
1.00315
0.971886
0.943567
0.921312
0.906606
0.899155
0.897543
0.900067
0.905123
0.911302
0.917409
0.922416
0.925456
0.925834
0.923093
0.917123
0.90819
0.896897
0.884077
0.870673
0.857525
0.845276
0.834362
0.825158
0.818158
0.813886
0.812708
0.814687
0.819644
0.827388
0.837838
0.85093
0.866358
0.883347
0.90065
0.916773
0.9303
0.940288
0.946462
0.949242
0.949521
0.948386
0.946795
0.945368
0.944339
0.943547
0.942533
0.940767
0.937902
0.934007
0.929755
0.926228
0.924504
0.925085
0.927569
0.930758
0.933155
0.933513
0.93118
0.926169
0.919024
0.910545
0.901522
0.892581
0.884202
0.87682
0.870854
0.866588
0.864018
0.862702
0.861923
0.861104
0.860236
0.85993
0.861057
0.864206
0.869366
0.875909
0.882802
0.888859
0.892985
0.894426
0.892968
0.888996
0.883347
0.877057
0.871044
0.865857
0.861571
0.857917
0.854555
0.851335
0.84841
0.846129
0.844872
0.844853
0.846014
0.847938
0.849861
0.850691
0.849181
0.844259
0.835358
0.822799
0.807914
0.792894
0.780317
0.772532
0.771144
0.776639
0.788364
0.804788
0.823951
0.843896
0.863008
0.880092
0.894471
0.905904
0.914521
0.920747
0.925217
0.928653
0.931748
0.935067
0.938999
0.9437
0.949052
0.954601
0.959525
0.962881
0.963978
0.96273
0.959718
0.955953
0.952362
0.949312
0.946456
0.942861
0.937379
0.929072
0.917671
0.903883
0.88955
0.877294
0.869744
0.868535
0.873713
0.883894
0.896938
0.910711
0.923568
0.934544
0.943334
0.950054
0.954886
0.957896
0.95903
0.958285
0.956056
0.953264
0.951179
0.950971
0.953161
0.957469
0.963079
0.969101
0.974818
0.979721
0.983457
0.985681
0.986042
0.984132
0.97962
0.97227
0.96211
0.949465
0.934915
0.919131
0.902918
0.887335
0.873925
0.86478
0.862054
0.866952
0.878837
0.895346
0.913409
0.930424
0.944882
0.956284
0.964648
0.970056
0.972453
0.971597
0.967337
0.959864
0.949978
0.938967
0.928227
0.918799
0.911131
0.905059
0.89996
0.894934
0.889085
0.881751
0.872633
0.861894
0.850273
0.839076
0.829937
0.824241
0.822553
0.824489
0.829018
0.834964
0.84135
0.847489
0.852981
0.857688
0.86173
0.865489
0.869432
0.873886
0.878692
0.883175
0.886413
0.887767
0.88726
0.885654
0.884041
0.883174
0.88304
0.882923
0.881864
0.879172
0.874648
0.868705
0.862405
0.857386
0.855502
0.858143
0.865456
0.876131
0.887939
0.898552
0.90619
0.909771
0.908833
0.903418
0.893979
0.881329
0.866663
0.851532
0.837726
0.826977
0.820531
0.81881
0.821461
0.827764
0.836906
0.848059
0.860383
0.873055
0.885418
0.897033
0.907579
0.916701
0.923956
0.928855
0.931056
0.930625
0.928111
0.924443
0.920664
0.917638
0.91584
0.915316
0.915805
0.916904
0.918241
0.919384
0.919817
0.918924
0.916087
0.910879
0.903358
0.894292
0.885011
0.876865
0.870594
0.866067
0.862679
0.86004
0.858352
0.858245
0.860226
0.864192
0.869251
0.873933
0.876625
0.876034
0.871464
0.862884
0.850841
0.836286
0.820371
0.804257
0.78897
0.77527
0.76372
0.75475
0.748839
0.746463
0.747854
0.752752
0.760386
0.769877
0.780902
0.794191
0.811121
0.832352
0.856674
0.881269
0.902967
0.919369
0.929309
0.932843
0.931033
0.925656
0.91882
0.912535
0.908391
0.907405
0.910081
0.916503
0.926265
0.938324
0.951083
0.962761
0.971929
0.977796
0.980154
0.9792
0.975302
0.968831
0.960138
0.949546
0.937419
0.924149
0.910124
0.895681
0.881195
0.86737
0.855582
0.847833
0.846055
0.85107
0.86202
0.876815
0.89302
0.908588
0.922088
0.932671
0.939931
0.943773
0.944359
0.942032
0.937277
0.930745
0.923274
0.915921
0.909896
0.90623
0.905341
0.906815
0.909597
0.912341
0.913854
0.913364
0.910653
0.906021
0.900164
0.894036
0.888765
0.885514
0.885309
0.888757
0.895788
0.905522
0.916464
0.9268
0.934739
0.938808
0.938087
0.932395
0.922461
0.909981
0.897205
0.886049
0.877184
0.869936
0.863015
0.855493
0.847256
0.838907
0.831374
0.825521
0.821868
0.82044
0.820781
0.822069
0.823408
0.824142
0.8241
0.823702
0.823797
0.825398
0.829308
0.835748
0.844279
0.854062
0.864295
0.874558
0.884782
0.895029
0.90527
0.915252
0.924565
0.932708
0.939192
0.943592
0.945589
0.945007
0.941849
0.936264
0.928463
0.918575
0.906677
0.892908
0.87768
0.86178
0.846307
0.832555
0.821762
0.814906
0.81256
0.814737
0.820729
0.829168
0.838306
0.846461
0.852402
0.855488
0.855695
0.853529
0.849855
0.845712
0.842147
0.840088
0.840173
0.842584
0.846959
0.852579
0.858779
0.865135
0.87139
0.877288
0.882428
0.886353
0.888686
0.889278
0.888276
0.8862
0.883887
0.882222
0.881698
0.882149
0.882987
0.88383
0.884962
0.887085
0.890736
0.895792
0.901454
0.906632
0.910348
0.912002
0.911357
0.908532
0.903929
0.898218
0.892299
0.887277
0.884419
1.10076
1.10332
1.10766
1.11297
1.11792
1.12122
1.12183
1.1189
1.11167
1.09952
1.08225
1.06068
1.03708
1.01497
0.998091
0.988586
0.98604
0.988107
0.992235
0.997037
1.00254
1.00952
1.01864
1.02971
1.0417
1.05313
1.06246
1.06826
1.06929
1.06467
1.05409
1.03788
1.01728
0.99479
0.974381
0.960809
0.957531
0.964511
0.978066
0.992971
1.00485
1.01125
1.01147
1.00601
0.996208
0.98409
0.972155
0.962888
0.957988
0.957834
0.961543
0.967548
0.974197
0.980252
0.985033
0.988304
0.990024
0.990124
0.988559
0.985448
0.981113
0.975898
0.969939
0.963139
0.955756
0.949223
0.946207
0.949167
0.95819
0.970381
0.981606
0.988679
0.990348
0.987035
0.980198
0.971771
0.96372
0.957809
0.955438
0.957374
0.963464
0.972508
0.982637
0.992078
0.999915
1.00657
1.01363
1.02296
1.03547
1.05063
1.06699
1.08309
1.09805
1.11164
1.12405
1.13545
1.1457
1.15426
1.16029
1.16292
1.16147
1.15573
1.14601
1.13301
1.11756
1.10032
1.08169
1.06215
1.04252
1.0243
1.00947
0.999745
0.99554
0.995519
0.997322
0.998874
0.999157
0.998179
0.996617
0.995669
0.996845
1.00158
1.01032
1.02188
1.03359
1.04248
1.04668
1.04581
1.04075
1.03313
1.02489
1.01802
1.01417
1.01427
1.01823
1.02487
1.03225
1.03834
1.04151
1.04104
1.03736
1.03209
1.02772
1.02704
1.03201
1.04265
1.05652
1.06945
1.07718
1.077
1.06868
1.05463
1.03917
1.02678
1.02011
1.01909
1.02158
1.02488
1.02666
1.02539
1.02043
1.01191
1.00079
0.98883
0.978287
0.971304
0.968986
0.970847
0.975228
0.980376
0.985276
0.989923
0.994847
1.00043
1.00659
1.01298
1.01958
1.02685
1.03552
1.04605
1.05824
1.07117
1.08355
1.09408
1.10175
1.10583
1.10593
1.10211
1.09491
1.08533
1.07457
1.06379
1.05395
1.04589
1.04043
1.03818
1.03906
1.04202
1.04523
1.04679
1.04539
1.04069
1.03324
1.02431
1.01553
1.00846
1.00424
1.00333
1.00556
1.0103
1.01682
1.02467
1.03389
1.04469
1.05679
1.0689
1.07898
1.0852
1.08694
1.08524
1.08226
1.08012
1.08001
1.08207
1.08571
1.08987
1.09296
1.09302
1.0883
1.07786
1.06219
1.04335
1.02473
1.01006
1.00186
1.00027
1.00329
1.00809
1.01211
1.01352
1.01155
1.0069
1.00198
0.999704
1.00138
1.0059
1.0111
1.01528
1.01773
1.01867
1.01889
1.01935
1.02081
1.02361
1.02768
1.03258
1.03764
1.04212
1.04551
1.0478
1.04965
1.05231
1.05721
1.06544
1.07735
1.09217
1.10832
1.12393
1.1373
1.14706
1.15214
1.15184
1.14589
1.13446
1.11834
1.09909
1.07909
1.06097
1.04641
1.03513
1.02535
1.01509
1.00319
0.989423
0.974027
0.957222
0.939107
0.91989
0.900369
0.882471
0.869257
0.864157
0.869439
0.88521
0.909693
0.940311
0.974393
1.00934
1.04261
1.07188
1.09525
1.11159
1.1206
1.12275
1.11908
1.11088
1.09959
1.08658
1.07308
1.06015
1.04865
1.03919
1.03203
1.02708
1.024
1.02236
1.02183
1.02238
1.02408
1.02679
1.0299
1.03218
1.03225
1.0293
1.02364
1.01687
1.01124
1.00868
1.01002
1.01506
1.02299
1.03286
1.04383
1.05517
1.06617
1.07597
1.08346
1.08734
1.08644
1.08013
1.06862
1.05312
1.03577
1.0193
1.00643
0.999086
0.99761
1.00065
1.00566
1.00984
1.011
1.00802
1.00087
0.990525
0.978431
0.966141
0.955102
0.946605
0.94173
0.941265
0.945609
0.954734
0.968071
0.984405
1.00191
1.01839
1.03175
1.04046
1.04385
1.04215
1.03637
1.02809
1.01933
1.01235
1.00927
1.01136
1.01831
1.02835
1.03907
1.04836
1.05474
1.05734
1.05577
1.0502
1.04133
1.03038
1.01868
1.00701
0.995137
0.981963
0.966244
0.947329
0.925627
0.902934
0.882354
0.867651
0.86182
0.865751
0.877966
0.895506
0.915232
0.934741
0.952621
0.968394
0.982328
0.995023
1.00694
1.01818
1.02849
1.03736
1.04419
1.04832
1.0492
1.04653
1.04048
1.03178
1.0219
1.01284
1.00677
1.00553
1.01006
1.02012
1.03408
1.0492
1.06228
1.07062
1.07285
1.06923
1.06148
1.05195
1.04256
1.0341
1.02649
1.0196
1.01376
1.0093
1.00603
1.00314
0.999859
0.995907
0.991553
0.987237
0.983158
0.979057
0.974339
0.968378
0.960851
0.951857
0.94189
0.931694
0.922157
0.91432
0.909339
0.908301
0.911872
0.920025
0.93204
0.946805
0.963051
0.979438
0.994635
1.00754
1.01767
1.02535
1.0316
1.03764
1.04449
1.05261
1.06185
1.07149
1.08033
1.08702
1.09045
1.09005
1.08598
1.07904
1.07053
1.06189
1.0545
1.04935
1.04686
1.04677
1.04813
1.04948
1.04918
1.04581
1.03849
1.02717
1.01285
0.997421
0.983247
0.972497
0.966508
0.965472
0.968568
0.974402
0.981484
0.988542
0.99471
0.999725
1.10504
1.10893
1.11247
1.11653
1.12121
1.12588
1.12956
1.13143
1.13126
1.12956
1.12718
1.12463
1.12168
1.11792
1.11383
1.11093
1.11062
1.11269
1.11523
1.11583
1.11299
1.1071
1.10067
1.09755
1.1009
1.11118
1.12585
1.14104
1.15326
1.16042
1.16185
1.15794
1.1498
1.13884
1.12661
1.11443
1.1031
1.09272
1.08288
1.07305
1.0631
1.05352
1.0455
1.04064
1.04039
1.04542
1.05516
1.06783
1.08096
1.09231
1.10061
1.1058
1.10878
1.11062
1.11188
1.11208
1.11015
1.10509
1.09662
1.08532
1.0726
1.06038
1.05073
1.04524
1.04446
1.04795
1.05467
1.06354
1.07368
1.08433
1.09468
1.10375
1.11064
1.11467
1.11566
1.11384
1.10969
1.10374
1.09639
1.08804
1.0791
1.07032
1.06271
1.05709
1.05354
1.05133
1.04959
1.04795
1.04652
1.0454
1.04425
1.04221
1.03826
1.03182
1.0234
1.01487
1.00867
1.00637
1.00787
1.01233
1.01959
1.03038
1.0454
1.06414
1.08453
1.10351
1.11818
1.12651
1.1276
1.12157
1.10931
1.09223
1.07225
1.05154
1.03233
1.01626
1.00409
0.995561
0.989781
0.985949
0.983901
0.984268
0.988154
0.99646
1.00937
1.02611
1.04516
1.06467
1.08296
1.09873
1.11121
1.11993
1.12458
1.12498
1.12113
1.1136
1.10377
1.09377
1.08596
1.08221
1.08318
1.08825
1.09581
1.1038
1.11025
1.11362
1.11298
1.10818
1.09978
1.08898
1.07726
1.06592
1.05585
1.04751
1.04131
1.03792
1.03809
1.04205
1.04912
1.05808
1.06808
1.0789
1.09056
1.10273
1.11451
1.12461
1.13188
1.13595
1.1375
1.13792
1.13831
1.13835
1.13605
1.12885
1.11523
1.09566
1.07263
1.0497
1.03016
1.01582
1.00649
1.00067
0.996746
0.993905
0.992233
0.992214
0.993941
0.996874
1.00014
1.00308
1.00554
1.00798
1.0111
1.01545
1.02105
1.02728
1.03326
1.03825
1.04186
1.04404
1.04508
1.04553
1.04635
1.04905
1.05556
1.06764
1.08585
1.10868
1.1328
1.15439
1.17028
1.17852
1.17849
1.17086
1.15761
1.14167
1.12633
1.11435
1.10718
1.10466
1.10492
1.10526
1.10329
1.09802
1.09014
1.08145
1.07396
1.06896
1.06661
1.06614
1.06635
1.06616
1.06503
1.06314
1.06137
1.06069
1.0613
1.0625
1.06355
1.0647
1.067
1.07134
1.07755
1.08432
1.08979
1.09233
1.09121
1.08705
1.08216
1.08017
1.08454
1.09657
1.11449
1.13465
1.15344
1.16861
1.17937
1.18603
1.18936
1.19029
1.18954
1.1876
1.1846
1.18031
1.17439
1.16661
1.15699
1.14585
1.1337
1.12111
1.10849
1.09599
1.08336
1.07005
1.05557
1.03999
1.02396
1.00849
0.994664
0.983701
0.977189
0.97695
0.984288
0.999021
1.01924
1.04204
1.06464
1.08498
1.10177
1.11415
1.12151
1.12361
1.1209
1.11467
1.10663
1.09853
1.09167
1.08689
1.08454
1.08444
1.08585
1.08752
1.08798
1.08598
1.08099
1.07353
1.06501
1.05715
1.05121
1.04765
1.04627
1.04686
1.0497
1.05572
1.06582
1.08008
1.09729
1.11516
1.131
1.14257
1.14879
1.14986
1.14709
1.14214
1.13635
1.13028
1.12387
1.11676
1.10879
1.10047
1.09281
1.08675
1.08276
1.08076
1.08039
1.08124
1.08289
1.0849
1.08685
1.08827
1.08869
1.08767
1.08481
1.07987
1.07292
1.06437
1.05497
1.04565
1.03726
1.03032
1.02492
1.02089
1.01796
1.01588
1.01429
1.0126
1.01029
1.00749
1.00537
1.00587
1.01102
1.02209
1.03898
1.06022
1.08329
1.10542
1.12441
1.13909
1.14931
1.15549
1.15807
1.157
1.15182
1.14208
1.12796
1.1108
1.09324
1.07869
1.07001
1.06831
1.07248
1.07999
1.08799
1.09428
1.09771
1.0981
1.09603
1.0926
1.0892
1.08715
1.08738
1.08997
1.09398
1.09782
1.09994
1.09956
1.09705
1.09384
1.09172
1.09186
1.09412
1.09707
1.09855
1.09649
1.08978
1.0789
1.06619
1.0555
1.05111
1.05626
1.07183
1.09548
1.12222
1.14637
1.16366
1.17223
1.17255
1.16684
1.1581
1.14925
1.1423
1.13806
1.13626
1.13595
1.13603
1.13558
1.1341
1.13136
1.12725
1.12175
1.11496
1.10712
1.09858
1.08967
1.08068
1.07177
1.0629
1.05395
1.04497
1.03649
1.02968
1.02603
1.02681
1.03265
1.04303
1.05634
1.07031
1.08289
1.09278
1.09943
1.10289
1.1035
1.10186
1.09874
1.09506
1.09172
1.08937
1.08829
1.08851
1.08983
1.09197
1.09458
1.09721
1.0994
1.1007
1.10083
1.09974
1.09779
1.09577
1.09478
1.09576
1.09893
1.1036
1.10864
1.11299
1.11588
1.11666
1.11449
1.10828
1.09705
1.08043
1.05896
1.03424
1.00882
0.986013
0.969432
0.961839
0.963963
0.974201
0.989587
1.00718
1.02482
1.04112
1.05527
1.06687
1.07599
1.08316
1.08911
1.09439
1.09902
1.1044
1.10663
1.10525
1.09976
1.09056
1.07888
1.06617
1.05352
1.04176
1.03211
1.02647
1.02637
1.03181
1.04096
1.05108
1.05961
1.06494
1.06676
1.06581
1.06345
1.06081
1.05835
1.05582
1.05252
1.04776
1.04111
1.03266
1.02316
1.01422
1.00815
1.00744
1.01373
1.02675
1.04427
1.06322
1.08082
1.09526
1.10552
1.11132
1.1132
1.1125
1.11107
1.11063
1.11223
1.116
1.12118
1.12635
1.12983
1.13017
1.12658
1.11923
1.10918
1.09811
1.08784
1.07982
1.07489
1.0734
1.07547
1.08114
1.09018
1.1018
1.11459
1.12696
1.13767
1.14602
1.15177
1.15486
1.15522
1.15272
1.14729
1.13895
1.12787
1.11443
1.0992
1.08298
1.06672
1.05153
1.0385
1.02868
1.02297
1.02207
1.02621
1.03508
1.04772
1.06265
1.07811
1.09242
1.10425
1.11307
1.11941
1.12468
1.1305
1.13769
1.14576
1.15327
1.15871
1.1611
1.16014
1.15611
1.14977
1.14225
1.13487
1.12869
1.12411
1.1209
1.11859
1.11692
1.11601
1.11596
1.11635
1.11606
1.11374
1.10843
1.09993
1.0891
1.0779
1.06899
1.06484
1.0667
1.07411
1.08489
1.0958
1.10373
1.10658
1.10381
1.09629
1.08588
1.0749
1.06554
1.05935
1.05697
1.05822
1.06234
1.06825
1.07482
1.081
1.08607
1.08967
1.09196
1.09345
1.09474
1.0963
1.09821
1.10025
1.10233
1.10485
1.1088
1.11532
1.12512
1.138
1.15279
1.16763
1.18031
1.18869
1.19105
1.18635
1.17439
1.15591
1.13256
1.1066
1.08025
1.05513
1.03233
1.01303
0.998822
0.99144
0.992061
1.00077
1.01641
1.03678
1.05903
1.0802
1.09768
1.1096
1.11493
1.11365
1.1068
1.09638
1.08471
1.07355
1.06373
1.05558
1.04949
1.04627
1.04709
1.05336
1.066
1.08442
1.10591
1.12638
1.14222
1.15158
1.15471
1.15323
1.14904
1.14351
1.13717
1.12999
1.12203
1.11397
1.10723
1.1034
1.1033
1.10664
1.1124
1.11934
1.12628
1.13211
1.13593
1.13728
1.13622
1.13323
1.12907
1.1246
1.12057
1.11754
1.11588
1.11584
1.11753
1.12088
1.12548
1.13057
1.13502
1.13739
1.13619
1.13034
1.11956
1.10467
1.08728
1.06932
1.0525
1.03814
1.02734
1.02094
1.01932
1.02214
1.02827
1.03602
1.04377
1.05041
1.05549
1.059
1.06111
1.06192
1.0616
1.06044
1.05872
1.05641
1.0531
1.04831
1.04199
1.03483
1.02799
1.02237
1.01851
1.01698
1.01856
1.02387
1.03284
1.0445
1.05746
1.07067
1.08378
1.09672
1.10915
1.12029
1.1293
1.13582
1.13977
1.14097
1.13892
1.13336
1.12479
1.11451
1.10386
1.09364
1.08424
1.07603
1.06957
1.0653
1.06317
1.06262
1.06282
1.06286
1.06193
1.05926
1.05403
1.04542
1.03282
1.01633
0.99724
0.978174
0.962469
0.953134
0.95182
0.958415
0.971236
0.987627
1.00477
1.02044
1.03336
1.04316
1.05011
1.05497
1.05875
1.06251
1.06718
1.07345
1.08172
1.09178
1.10255
1.11204
1.1182
1.11983
1.11712
1.11154
1.10531
1.10053
1.09819
1.09786
1.09812
1.09747
1.09499
1.09033
1.08347
1.0744
1.06309
1.04966
1.03458
1.01877
1.00361
0.990802
0.98223
0.979599
0.983927
0.995111
1.01175
1.03145
1.05153
1.06981
1.08526
1.09804
1.1091
1.11953
1.13004
1.14073
1.1513
1.16147
1.17116
1.18046
1.18938
1.19757
1.20429
1.20851
1.20922
1.20565
1.19748
1.18499
1.16903
1.15099
1.13257
1.11552
1.10133
1.09105
1.0853
1.08428
1.08759
1.09399
1.10152
1.10803
1.11202
1.11294
1.11119
1.10762
1.10319
1.09877
1.09513
1.09305
1.09317
1.0959
1.1012
1.10851
1.11684
1.12507
1.13219
1.13745
1.14046
1.14113
1.1396
1.13617
1.13132
1.12563
1.11954
1.11315
1.10611
1.09804
1.08908
1.08049
1.07433
1.07224
1.07395
1.07743
1.08031
1.0812
1.08004
1.0778
1.07598
1.07611
1.07916
1.08527
1.09357
1.10246
1.10995
1.11403
1.11308
1.10653
1.09557
1.08336
1.07398
1.07026
1.07241
1.07855
1.08632
1.09397
1.1008
1.10708
1.11343
1.12014
1.12671
1.13194
1.13451
1.13359
1.12897
1.12073
1.1089
1.09339
1.07445
1.05326
1.03226
1.0151
1.00559
1.00627
1.01723
1.03624
1.05969
1.08372
1.10499
1.12102
1.13047
1.13318
1.13007
1.12273
1.11287
1.10205
1.09173
1.0834
1.07821
1.07649
1.0776
1.08052
1.08468
1.09029
1.09755
1.10558
1.11241
1.11594
1.11486
1.10907
1.09992
1.09024
1.0838
1.08368
1.09064
1.10275
1.11626
1.12721
1.13258
1.13089
1.12233
1.10857
1.09245
1.07729
1.06613
1.06081
1.06162
1.06737
1.07589
1.08475
1.09188
1.09604
1.09696
1.09525
1.09198
1.08803
1.08372
1.07892
1.07404
1.07064
1.07101
1.0766
