-0.157612   0.423659   0.434507
0.120555   -0.25027   0.168048
0.240184   -0.0452469   -0.0510591
0.190287   0.0853976   0.404911
-0.0772364   -0.182614   0.0326806
0.094603   -0.122539   -0.273281
0.0855738   0.16337   -0.178142
-0.344145   -0.464734   0.484027
-0.282633   0.429584   -0.432828
0.303487   0.253584   -0.0596963
0.40978   -0.470359   -0.447081
-0.169632   -0.0847834   0.0320979
-0.249648   0.120732   0.141709
-0.241079   0.447152   -0.192696
-0.34202   0.260332   -0.301726
-0.252717   0.0283397   -0.136592
0.2519   0.408925   0.15707
0.148996   0.37687   -0.358414
-0.0654064   -0.117076   0.128495
0.109592   -0.258655   -0.197402
-0.0360907   -0.0660297   0.495771
0.193842   -0.120861   0.199879
0.0785365   -0.0130074   0.174213
-0.0393103   -0.0650206   0.240674
-0.497024   0.115986   0.339899
-0.220535   -0.0768141   -0.317243
0.389969   0.242898   0.0173445
-0.123794   0.0143279   -0.297052
-0.141915   0.48736   -0.171335
-0.311289   0.394387   -0.146339
0.357639   0.315478   -0.468128
0.432292   0.332228   0.263585
-0.0609812   0.383238   -0.368712
0.164265   0.325937   0.495661
0.300218   -0.347355   -0.368701
0.104757   0.131957   -0.350569
-0.253327   -0.0286327   0.332554
0.0594071   0.317435   -0.36718
0.101652   0.0346264   0.0341407
0.429155   -0.23611   -0.0517601
0.168994   -0.127246   0.477518
-0.19201   -0.328715   -0.130274
0.236054   -0.170736   0.498808
0.0985403   -0.33811   -0.280642
0.314512   0.455737   0.110097
0.461422   -0.0146318   0.032493
0.0554613   -0.156536   0.285232
0.0170227   -0.426395   0.0351305
0.211041   -0.338967   0.262507
0.173348   -0.163708   0.272162
-0.172953   0.353018   -0.249416
-0.115442   0.497256   -0.348339
0.165588   0.341585   0.385288
0.369282   -0.0648122   -0.119374
0.00986277   -0.317192   -0.0981911
0.185163   0.334268   -0.255607
-0.285773   0.0890247   0.260756
-0.0306745   -0.358553   0.192409
-0.436166   0.00368244   -0.0833279
0.154778   -0.0418182   -0.396765
0.237468   0.0349205   0.197787
0.481375   0.197622   0.37833
0.0314079   0.220192   0.085879
-0.33704   0.21603   -0.372702
0.355308   0.120908   -0.0585214
-0.0466074   -0.468386   -0.416452
-0.493795   -0.0154946   -0.173042
0.0505595   -0.321505   0.300622
0.119998   -0.355102   0.4366
0.337476   0.357919   0.0121146
-0.124726   -0.28765   0.142777
-0.286698   0.470494   -0.331373
0.167225   0.273079   -0.446061
-0.0704608   -0.418345   -0.213745
-0.48894   -0.076743   0.464328
0.405154   0.466131   -0.0349889
-0.367471   0.494637   0.140121
0.452518   -0.396121   -0.131161
0.347512   0.210887   -0.177789
0.303202   0.422806   0.470262
0.260203   0.305374   0.405862
-0.0705331   0.0747218   -0.0789719
-0.42159   -0.148579   0.466738
0.232782   0.474293   0.419888
-0.342193   -0.234811   0.397979
-0.0437679   -0.26954   0.157531
-0.134167   -0.224545   0.0904315
-0.308139   0.0891345   -0.193199
0.245143   -0.235709   0.298692
0.0510313   -0.183068   0.386381
0.415128   0.382719   0.10803
0.103922   -0.0851465   0.250258
-0.483697   0.20324   -0.432749
-0.358436   -0.173243   -0.1034
-0.380291   -0.303806   -0.175497
0.344327   -0.283791   0.414946
0.0864115   0.24954   0.0233113
-0.246665   0.462983   0.479098
0.117793   0.253474   -0.290974
0.284981   0.319795   0.178973
0.408891   -0.328142   -0.473006
-0.177071   0.491051   -0.392752
0.349982   0.337247   0.275809
0.0144475   0.158694   -0.362617
-0.243073   0.284676   0.414719
-0.0170934   0.389234   -0.188702
-0.012707   0.352591   0.0529152
0.071986   -0.00887274   -0.253662
