-0.157602   0.423681   0.434489
0.120528   -0.250234   0.168043
0.240178   -0.0452109   -0.0510813
0.1903   0.0854418   0.404839
-0.0771942   -0.182685   0.032671
0.0945819   -0.12254   -0.273249
0.0856163   0.163286   -0.178142
-0.344165   -0.464734   0.484012
-0.282689   0.429567   -0.432848
0.303369   0.253476   -0.0596788
0.409748   -0.470329   -0.447075
-0.169583   -0.0848293   0.0320354
-0.249666   0.120714   0.141708
-0.241061   0.447115   -0.19269
-0.342035   0.260269   -0.301704
-0.252774   0.0283972   -0.136705
0.251851   0.408969   0.157111
0.149023   0.376749   -0.358394
-0.0653879   -0.117036   0.128442
0.109597   -0.258597   -0.197392
-0.0360285   -0.0660517   0.495881
0.19383   -0.120819   0.199831
0.0785756   -0.0130214   0.174201
-0.0393886   -0.0650294   0.2407
-0.49702   0.116015   0.339954
-0.220541   -0.0768004   -0.317257
0.390007   0.242947   0.0173811
-0.123747   0.0142918   -0.297047
-0.141924   0.487422   -0.171318
-0.311311   0.394407   -0.146359
0.357714   0.315487   -0.468132
0.432295   0.332226   0.263541
-0.0610484   0.383169   -0.368737
0.164285   0.325983   0.495729
0.300121   -0.347318   -0.368698
0.10479   0.13201   -0.3506
-0.253326   -0.0286931   0.332593
0.0594532   0.31749   -0.367193
0.101628   0.0346115   0.03417
0.42918   -0.236054   -0.0517039
0.169055   -0.127193   0.477432
-0.191937   -0.328706   -0.130265
0.236059   -0.170795   0.498803
0.09852   -0.338166   -0.280656
0.314517   0.45572   0.110022
0.461374   -0.0145982   0.032485
0.0554827   -0.156557   0.285313
0.0170342   -0.426381   0.0351535
0.211046   -0.33901   0.262468
0.173378   -0.163692   0.272144
-0.172935   0.352977   -0.249387
-0.115429   0.497283   -0.34839
0.165547   0.341589   0.38531
0.369241   -0.0648417   -0.119413
0.00992529   -0.317194   -0.0982217
0.185174   0.334216   -0.25565
-0.285807   0.0890893   0.260749
-0.0306718   -0.358463   0.192427
-0.436152   0.00370263   -0.0833389
0.154814   -0.041743   -0.396751
0.237465   0.0349261   0.197746
0.481389   0.197604   0.378383
0.0314555   0.220188   0.085885
-0.337085   0.21598   -0.372722
0.355295   0.120909   -0.0585763
-0.0465799   -0.468345   -0.41644
-0.493846   -0.0155337   -0.173005
0.0505417   -0.321414   0.300592
0.119997   -0.355162   0.43664
0.337515   0.357951   0.0121397
-0.124703   -0.287578   0.142794
-0.286714   0.470562   -0.331317
0.167195   0.273061   -0.44606
-0.0704539   -0.418346   -0.213663
-0.488958   -0.0767577   0.464397
0.40519   0.466218   -0.0349654
-0.367442   0.494714   0.140098
0.452566   -0.396128   -0.131108
0.347543   0.210829   -0.177817
0.303199   0.422769   0.470251
0.260185   0.305408   0.405829
-0.0705064   0.0746946   -0.0789469
-0.421616   -0.148548   0.466731
0.232689   0.474314   0.419869
-0.342093   -0.234846   0.397951
-0.0437727   -0.269588   0.157581
-0.134248   -0.22456   0.0904083
-0.308131   0.0891638   -0.193223
0.245037   -0.235735   0.298612
0.0509576   -0.183129   0.386337
0.415137   0.382738   0.108091
0.103884   -0.0851058   0.250194
-0.483712   0.203173   -0.432633
-0.358399   -0.173238   -0.103312
-0.380276   -0.303837   -0.175516
0.344338   -0.283795   0.415003
0.086356   0.24958   0.023279
-0.246648   0.462973   0.47907
0.117865   0.253476   -0.290941
0.285013   0.319809   0.178968
0.408979   -0.328188   -0.473011
-0.177047   0.490966   -0.392759
0.349976   0.33717   0.275819
0.0144484   0.158784   -0.362652
-0.243071   0.284693   0.414664
-0.0171714   0.389201   -0.188711
-0.0126921   0.35254   0.0529425
0.0719631   -0.00888915   -0.253649
