1.80033
1.80049
1.80049
1.8004
1.80032
1.8003
1.80035
1.80041
1.80037
1.80009
1.79942
1.79827
1.79659
1.79444
1.79197
1.78938
1.78691
1.78479
1.78318
1.78215
1.78163
1.78144
1.7814
1.78137
1.78134
1.78148
1.78203
1.78327
1.78535
1.78827
1.79186
1.79589
1.80011
1.80428
1.80823
1.81178
1.81483
1.81726
1.81899
1.82
1.82027
1.81985
1.81885
1.81744
1.81584
1.81437
1.81333
1.813
1.81356
1.81503
1.81731
1.82015
1.82327
1.82641
1.82932
1.83185
1.83388
1.83534
1.83616
1.83629
1.83567
1.83425
1.83195
1.82873
1.82458
1.81956
1.81385
1.80773
1.80163
1.79603
1.79138
1.78802
1.7861
1.78553
1.7861
1.78752
1.7895
1.79185
1.79448
1.79742
1.8008
1.80475
1.80937
1.81463
1.82038
1.8263
1.83202
1.83714
1.84128
1.84414
1.84548
1.84513
1.84298
1.83901
1.83328
1.82602
1.81758
1.80846
1.79924
1.79041
1.78236
1.77527
1.76925
1.76449
1.76135
1.76042
1.76228
1.76722
1.77489
1.78428
1.79404
1.80294
1.81011
1.81522
1.81826
1.81952
1.81936
1.81816
1.81625
1.81392
1.8114
1.80885
1.80644
1.80431
1.80258
1.80133
1.80059
1.80027
1.80024
1.80027
1.80012
1.79955
1.79838
1.79652
1.79401
1.79103
1.78791
1.78507
1.78292
1.78178
1.78172
1.7826
1.78414
1.78599
1.78786
1.78957
1.79103
1.79222
1.79318
1.79394
1.79456
1.79504
1.79542
1.7957
1.79584
1.79581
1.79551
1.7948
1.79354
1.79159
1.78885
1.78533
1.78118
1.77676
1.77252
1.76898
1.76654
1.76536
1.76534
1.76623
1.76772
1.76961
1.77179
1.77418
1.77671
1.77923
1.78157
1.78354
1.78499
1.78585
1.78613
1.78593
1.78542
1.78479
1.78422
1.78386
1.7838
1.78406
1.7846
1.78536
1.78623
1.78713
1.78802
1.78883
1.78954
1.79012
1.79055
1.7908
1.79087
1.79073
1.79037
1.7898
1.78905
1.78819
1.78729
1.78645
1.78578
1.78535
1.78522
1.78535
1.78567
1.78604
1.78627
1.78614
1.78546
1.78405
1.78181
1.77876
1.77509
1.77121
1.76774
1.7654
1.7648
1.76621
1.76944
1.7739
1.77884
1.78358
1.78768
1.79093
1.79333
1.79502
1.7962
1.79705
1.79773
1.79836
1.79899
1.79962
1.80021
1.80067
1.80092
1.80087
1.80043
1.79958
1.79834
1.79678
1.79504
1.79332
1.79184
1.7908
1.79035
1.79052
1.79127
1.79244
1.79387
1.79536
1.79677
1.798
1.79901
1.79978
1.80033
1.80072
1.80096
1.80113
1.80124
1.80134
1.80146
1.8016
1.80179
1.80203
1.80233
1.80269
1.80311
1.80359
1.80412
1.80471
1.80536
1.80606
1.80681
1.8076
1.80842
1.80925
1.81008
1.81087
1.81158
1.81216
1.81256
1.8127
1.81253
1.81198
1.81098
1.8095
1.80754
1.80511
1.80232
1.79932
1.79631
1.79356
1.79137
1.79
1.7897
1.79061
1.79274
1.79598
1.80009
1.80471
1.80945
1.81386
1.81755
1.82014
1.82134
1.82093
1.81888
1.8154
1.81105
1.8068
1.80381
1.8031
1.80507
1.80933
1.81493
1.82079
1.82605
1.83021
1.83314
1.83489
1.83563
1.83559
1.83497
1.83398
1.83284
1.83173
1.83083
1.83028
1.83018
1.83056
1.83139
1.83256
1.83395
1.83539
1.83672
1.83778
1.83843
1.83857
1.83811
1.83698
1.83516
1.83267
1.82955
1.82588
1.82176
1.8173
1.81262
1.80784
1.80314
1.79874
1.79488
1.79185
1.78995
1.7895
1.79084
1.79418
1.79948
1.80637
1.8142
1.82228
1.83001
1.83702
1.84312
1.8483
1.85262
1.8562
1.85914
1.86159
1.86363
1.86536
1.86684
1.86812
1.86922
1.87014
1.87086
1.87133
1.87146
1.87115
1.87027
1.86867
1.86618
1.86266
1.85798
1.85211
1.84517
1.83742
1.82937
1.82167
1.81508
1.81023
1.80756
1.80719
1.80893
1.81244
1.81726
1.82295
1.82914
1.83557
1.84204
1.84848
1.85483
1.86108
1.8672
1.87311
1.87869
1.8838
1.88827
1.89195
1.8947
1.89647
1.89722
1.897
1.89589
1.89407
1.8917
1.88901
1.88619
1.88339
1.88073
1.87827
1.87603
1.87404
1.87237
1.87118
1.87064
1.87097
1.87232
1.87472
1.87807
1.88214
1.88664
1.89124
1.89565
1.89966
1.9031
1.90586
1.90789
1.90918
1.90973
1.90962
1.90892
1.90775
1.90625
1.90457
1.90283
1.90114
1.89956
1.89813
1.89681
1.89557
1.89439
1.8933
1.89232
1.89152
1.89094
1.89056
1.89029
1.88996
1.8894
1.88845
1.88707
1.88528
1.88323
1.8811
1.87908
1.87735
1.87604
1.87525
1.87505
1.87548
1.8765
1.87799
1.87977
1.88156
1.8831
1.88417
1.88466
1.88461
1.88416
1.88353
1.88297
1.88269
1.88279
1.88326
1.88397
1.88472
1.88523
1.88527
1.8846
1.88308
1.88066
1.87738
1.87346
1.86921
1.86504
1.8613
1.8582
1.85571
1.85361
1.85155
1.84924
1.84657
1.84367
1.84087
1.83859
1.83718
1.83678
1.83729
1.83835
1.83953
1.84038
1.84056
1.83989
1.83837
1.83614
1.83351
1.83087
1.82861
1.82707
1.82639
1.82651
1.82717
1.82802
1.82873
1.82905
1.82885
1.82809
1.82686
1.82526
1.82344
1.82153
1.81964
1.81786
1.81624
1.81479
1.81351
1.81237
1.81134
1.81038
1.80945
1.80851
1.80752
1.80645
1.80527
1.80392
1.80239
1.80064
1.79864
1.79639
1.7939
1.79121
1.78839
1.78557
1.78289
1.78055
1.77871
1.77752
1.77703
1.77725
1.77805
1.77927
1.78072
1.78221
1.78356
1.78464
1.78534
1.78561
1.78538
1.78462
1.78332
1.78146
1.77904
1.77605
1.77249
1.76834
1.76356
1.75817
1.75229
1.74624
1.74064
1.73636
1.73431
1.73512
1.73875
1.74458
1.75163
1.75894
1.7658
1.77184
1.7769
1.78099
1.78422
1.78669
1.78851
1.78981
1.79066
1.79114
1.79133
1.79126
1.79099
1.79055
1.78996
1.78923
1.78838
1.78742
1.78634
1.78516
1.78389
1.78254
1.78117
1.77983
1.77864
1.77772
1.77723
1.77732
1.77809
1.77959
1.78174
1.78437
1.78722
1.78998
1.79236
1.79408
1.79499
1.79498
1.79409
1.79245
1.79033
1.78805
1.78602
1.78465
1.78431
1.78529
1.78775
1.79171
1.79704
1.80347
1.81058
1.81792
1.82503
1.83155
1.83719
1.84178
1.84523
1.8475
1.8486
1.84857
1.8475
1.84556
1.843
1.8402
1.83766
1.83587
1.83527
1.83603
1.83809
1.84109
1.84458
1.84811
1.85135
1.85413
1.85643
1.85834
1.86004
1.8617
1.86348
1.86551
1.8678
1.87026
1.87273
1.87492
1.87656
1.87739
1.87727
1.87624
1.87456
1.87267
1.87113
1.87047
1.8711
1.87328
1.87703
1.88219
1.88836
1.89497
1.90139
1.90702
1.91144
1.91437
1.91576
1.91571
1.91445
1.91232
1.90975
1.90717
1.90503
1.90363
1.90319
1.90369
1.90494
1.90663
1.90832
1.90956
1.90999
1.90932
1.90749
1.90465
1.9012
1.89776
1.89497
1.89334
1.89302
1.89384
1.89539
1.8973
1.89933
1.90148
1.90381
1.9064
1.90925
1.91219
1.91503
1.91751
1.91944
1.92069
1.92122
1.92107
1.92034
1.91919
1.91779
1.9163
1.9149
1.9137
1.9128
1.91226
1.91209
1.91226
1.91272
1.9134
1.91424
1.91515
1.91605
1.91688
1.91757
1.91808
1.91836
1.9184
1.91818
1.91771
1.917
1.91609
1.91499
1.91372
1.91231
1.91073
1.90897
1.90703
1.90491
1.90263
1.90028
1.89798
1.89586
1.89408
1.89271
1.89176
1.89108
1.8904
1.88936
1.88754
1.88461
1.88049
1.8755
1.87047
1.86657
1.86482
1.86555
1.86814
1.87141
1.87423
1.87597
1.87666
1.8768
1.87706
1.87802
1.87998
1.88286
1.88633
1.88993
1.89321
1.89585
1.89769
1.89877
1.89922
1.89928
1.89922
1.89924
1.89945
1.89983
1.90027
1.90059
1.9006
1.90016
1.89916
1.89758
1.89541
1.8927
1.88951
1.886
1.88241
1.87907
1.8764
1.87478
1.87444
1.87542
1.87754
1.88054
1.88413
1.88809
1.89227
1.89653
1.90072
1.90465
1.90812
1.91094
1.91296
1.91409
1.91428
1.91357
1.91204
1.90983
1.90706
1.90389
1.90044
1.89684
1.89319
1.88963
1.88631
1.88341
1.88106
1.87939
1.8784
1.87807
1.87827
1.87884
1.8796
1.88038
1.88106
1.88153
1.88178
1.88184
1.88178
1.88172
1.88177
1.88206
1.88268
1.88371
1.88517
1.88704
1.88925
1.89169
1.89427
1.89686
1.89938
1.90175
1.90393
1.90587
1.90754
1.90887
1.90983
1.91035
1.91038
1.90987
1.90879
1.90719
1.90515
1.90283
1.90049
1.89842
1.89691
1.89622
1.89647
1.89764
1.89954
1.90182
1.90408
1.90591
1.90693
1.90685
1.90545
1.90265
1.89843
1.89291
1.88629
1.87889
1.87104
1.86314
1.85551
1.8484
1.84202
1.83662
1.83265
1.83083
1.83204
1.83682
1.84496
1.85533
1.86626
1.87624
1.88424
1.88992
1.89338
1.89502
1.89532
1.89477
1.89377
1.89264
1.89159
1.89074
1.89016
1.88985
1.88978
1.88994
1.89026
1.89071
1.89122
1.89174
1.89223
1.89263
1.89292
1.89305
1.89301
1.89277
1.89233
1.89167
1.89079
1.88967
1.88831
1.88671
1.88487
1.8828
1.88053
1.87807
1.87547
1.8728
1.87009
1.86741
1.86478
1.86221
1.85971
1.85727
1.85492
1.85269
1.85072
1.84912
1.84806
1.84764
1.8479
1.84873
1.84998
1.85141
1.85277
1.85388
1.85462
1.85494
1.85486
1.85442
1.85364
1.85253
1.8511
1.84948
1.84793
1.84692
1.847
1.84859
1.85176
1.8562
1.86129
1.86634
1.87076
1.87419
1.87648
1.87762
1.87771
1.87689
1.87532
1.87318
1.87067
1.868
1.86542
1.86317
1.86148
1.86054
1.86044
1.8612
