-0.297958
-0.298105
-0.298093
-0.298011
-0.297929
-0.297906
-0.297952
-0.298012
-0.297975
-0.297694
-0.297028
-0.295861
-0.29418
-0.292039
-0.289564
-0.286965
-0.284493
-0.282371
-0.280772
-0.279732
-0.279204
-0.279017
-0.278987
-0.278959
-0.27894
-0.27907
-0.279635
-0.28087
-0.282953
-0.285877
-0.289473
-0.293503
-0.297725
-0.301915
-0.305863
-0.309431
-0.312485
-0.314905
-0.316643
-0.317643
-0.317911
-0.317493
-0.316491
-0.315076
-0.313489
-0.312014
-0.310975
-0.310645
-0.311194
-0.312668
-0.31494
-0.317785
-0.320901
-0.324041
-0.326965
-0.329493
-0.331529
-0.332977
-0.333791
-0.333922
-0.333303
-0.331879
-0.329581
-0.32636
-0.322204
-0.317179
-0.311455
-0.305339
-0.299239
-0.293628
-0.28899
-0.285628
-0.283693
-0.283129
-0.283698
-0.285116
-0.2871
-0.28945
-0.292086
-0.29503
-0.298409
-0.302359
-0.306988
-0.312248
-0.317994
-0.323925
-0.329636
-0.334741
-0.338879
-0.341742
-0.343086
-0.342737
-0.340587
-0.336605
-0.330875
-0.323621
-0.315179
-0.306069
-0.296842
-0.288016
-0.279966
-0.272875
-0.266857
-0.262106
-0.258963
-0.258021
-0.259883
-0.264825
-0.272491
-0.281884
-0.29165
-0.300549
-0.307721
-0.312821
-0.315864
-0.31712
-0.316955
-0.31575
-0.313845
-0.311515
-0.308984
-0.306431
-0.304029
-0.301893
-0.300161
-0.29892
-0.298183
-0.297869
-0.297825
-0.297848
-0.297688
-0.297118
-0.29595
-0.294088
-0.291577
-0.288601
-0.285487
-0.282646
-0.280503
-0.279367
-0.279299
-0.280182
-0.281718
-0.283581
-0.285453
-0.287163
-0.28862
-0.289815
-0.290775
-0.291544
-0.292153
-0.292636
-0.293013
-0.293289
-0.293432
-0.293402
-0.293097
-0.292392
-0.291138
-0.289181
-0.286432
-0.282911
-0.278773
-0.274338
-0.270097
-0.266564
-0.264114
-0.262932
-0.262911
-0.263797
-0.265296
-0.267185
-0.26936
-0.271747
-0.274278
-0.276797
-0.279148
-0.281108
-0.282552
-0.283415
-0.283693
-0.283492
-0.282976
-0.282342
-0.281773
-0.281415
-0.281364
-0.281627
-0.282168
-0.282931
-0.283811
-0.284725
-0.285613
-0.286422
-0.287125
-0.287704
-0.288135
-0.288389
-0.288455
-0.288305
-0.287945
-0.28738
-0.286632
-0.285763
-0.284862
-0.284029
-0.283365
-0.282938
-0.282801
-0.282932
-0.283246
-0.28361
-0.283834
-0.283706
-0.283025
-0.281624
-0.279382
-0.276318
-0.272646
-0.268758
-0.26529
-0.262945
-0.262344
-0.263756
-0.266969
-0.27143
-0.276373
-0.281114
-0.28523
-0.288471
-0.290869
-0.292561
-0.293742
-0.294588
-0.295264
-0.295897
-0.296534
-0.297174
-0.297761
-0.29821
-0.298459
-0.298401
-0.297969
-0.297112
-0.295869
-0.294309
-0.292575
-0.290858
-0.289378
-0.288343
-0.287888
-0.28806
-0.288807
-0.28997
-0.291392
-0.29288
-0.294295
-0.295523
-0.296529
-0.297317
-0.297882
-0.298272
-0.298526
-0.298684
-0.298803
-0.298908
-0.299022
-0.299171
-0.299354
-0.299595
-0.299883
-0.300244
-0.30067
-0.301151
-0.301679
-0.302258
-0.302902
-0.303601
-0.304356
-0.305143
-0.305969
-0.306805
-0.307628
-0.30841
-0.309119
-0.309699
-0.310097
-0.310244
-0.310066
-0.309514
-0.308525
-0.307046
-0.305081
-0.30266
-0.299877
-0.296877
-0.293871
-0.291131
-0.288934
-0.28758
-0.287279
-0.288176
-0.290305
-0.293547
-0.297653
-0.302281
-0.307021
-0.311435
-0.315119
-0.317714
-0.318912
-0.318502
-0.316451
-0.312963
-0.308623
-0.304374
-0.301379
-0.300669
-0.30264
-0.3069
-0.312496
-0.31835
-0.323609
-0.327774
-0.330689
-0.332436
-0.333189
-0.333142
-0.332522
-0.331533
-0.330391
-0.329278
-0.328373
-0.327818
-0.327721
-0.328095
-0.32892
-0.330098
-0.331482
-0.33292
-0.334245
-0.335299
-0.335961
-0.336107
-0.335642
-0.334518
-0.332698
-0.330204
-0.327085
-0.32342
-0.319299
-0.314837
-0.310157
-0.305375
-0.300671
-0.29626
-0.29241
-0.289381
-0.287471
-0.287023
-0.288356
-0.291693
-0.297005
-0.303889
-0.311715
-0.319794
-0.32751
-0.334528
-0.340631
-0.345811
-0.350133
-0.353708
-0.356658
-0.3591
-0.36114
-0.362866
-0.364347
-0.365632
-0.36673
-0.367655
-0.36838
-0.368842
-0.368968
-0.368662
-0.367781
-0.366179
-0.363691
-0.360161
-0.355484
-0.349624
-0.342669
-0.334922
-0.326874
-0.319183
-0.312584
-0.30774
-0.305068
-0.304699
-0.306445
-0.309959
-0.314779
-0.320472
-0.326662
-0.333088
-0.339561
-0.345995
-0.352346
-0.358595
-0.364705
-0.370621
-0.376202
-0.381311
-0.385779
-0.389453
-0.392215
-0.393979
-0.394727
-0.394495
-0.393395
-0.39157
-0.389216
-0.386524
-0.383698
-0.380907
-0.378265
-0.37581
-0.373562
-0.371581
-0.369913
-0.36871
-0.368178
-0.368505
-0.369858
-0.372256
-0.375609
-0.379683
-0.384179
-0.388782
-0.39321
-0.397221
-0.400651
-0.403415
-0.405453
-0.406738
-0.407293
-0.407182
-0.406478
-0.405303
-0.40381
-0.402126
-0.400401
-0.398704
-0.397131
-0.395695
-0.394374
-0.393142
-0.391975
-0.390878
-0.389901
-0.389093
-0.388513
-0.388126
-0.387854
-0.387516
-0.386956
-0.386004
-0.384619
-0.382833
-0.380784
-0.378649
-0.376634
-0.374899
-0.373586
-0.372811
-0.372615
-0.373033
-0.374053
-0.375552
-0.377325
-0.379111
-0.380655
-0.381734
-0.382232
-0.382171
-0.381715
-0.38109
-0.380533
-0.380262
-0.380366
-0.380847
-0.381553
-0.382297
-0.382817
-0.382848
-0.382185
-0.380664
-0.378242
-0.374979
-0.371046
-0.366798
-0.362611
-0.358869
-0.355767
-0.353286
-0.351182
-0.349119
-0.346811
-0.344134
-0.341239
-0.338446
-0.336179
-0.334765
-0.334369
-0.334879
-0.335949
-0.337138
-0.337989
-0.338178
-0.337518
-0.335996
-0.333774
-0.331148
-0.328502
-0.326245
-0.324705
-0.324037
-0.324155
-0.32482
-0.325678
-0.326388
-0.326706
-0.3265
-0.325751
-0.324511
-0.322913
-0.321092
-0.31918
-0.317286
-0.315512
-0.313889
-0.312438
-0.311162
-0.310027
-0.308995
-0.308039
-0.307109
-0.306156
-0.305175
-0.304106
-0.302932
-0.301586
-0.300052
-0.298301
-0.296311
-0.294055
-0.29157
-0.288882
-0.286065
-0.283257
-0.28058
-0.278231
-0.276385
-0.275191
-0.274705
-0.274911
-0.275711
-0.276937
-0.278386
-0.279869
-0.281225
-0.282291
-0.282997
-0.283267
-0.283032
-0.282275
-0.280972
-0.279112
-0.276694
-0.273712
-0.27015
-0.265992
-0.261215
-0.255824
-0.249942
-0.243893
-0.238288
-0.234006
-0.231968
-0.232772
-0.236407
-0.242234
-0.249291
-0.256603
-0.263467
-0.269492
-0.274553
-0.278653
-0.281885
-0.284351
-0.286179
-0.287476
-0.288321
-0.288803
-0.289003
-0.288931
-0.288661
-0.288219
-0.287621
-0.2869
-0.286052
-0.285087
-0.284016
-0.28284
-0.281562
-0.280218
-0.27885
-0.277516
-0.276331
-0.275418
-0.274925
-0.275018
-0.275789
-0.277287
-0.279436
-0.282061
-0.284914
-0.28768
-0.290059
-0.291782
-0.292682
-0.292671
-0.291782
-0.290153
-0.288027
-0.285753
-0.283723
-0.282358
-0.282023
-0.283002
-0.285471
-0.289441
-0.294776
-0.301196
-0.308306
-0.315634
-0.322752
-0.329275
-0.334916
-0.339503
-0.34296
-0.345227
-0.346333
-0.346313
-0.345247
-0.343305
-0.34075
-0.337953
-0.335407
-0.333622
-0.333014
-0.333772
-0.335813
-0.338821
-0.342306
-0.345845
-0.349087
-0.351864
-0.35417
-0.356091
-0.357786
-0.359458
-0.361243
-0.363272
-0.365569
-0.368025
-0.37048
-0.37268
-0.374323
-0.375148
-0.375032
-0.374008
-0.372332
-0.370446
-0.368897
-0.368224
-0.36886
-0.371032
-0.374791
-0.379951
-0.386112
-0.392727
-0.39914
-0.404781
-0.409199
-0.412125
-0.413518
-0.41346
-0.412206
-0.410078
-0.407498
-0.404919
-0.402771
-0.401381
-0.400939
-0.401439
-0.402703
-0.404393
-0.406076
-0.407319
-0.407734
-0.407066
-0.405236
-0.40239
-0.398945
-0.395509
-0.392719
-0.391084
-0.390764
-0.391591
-0.39314
-0.395043
-0.397081
-0.399219
-0.401551
-0.404147
-0.406992
-0.409936
-0.412772
-0.415253
-0.417186
-0.418426
-0.418954
-0.418806
-0.418076
-0.416927
-0.415525
-0.414039
-0.412632
-0.411431
-0.41054
-0.409994
-0.409817
-0.409987
-0.410449
-0.411136
-0.411977
-0.412894
-0.413808
-0.414635
-0.415322
-0.415827
-0.416118
-0.416139
-0.415923
-0.415448
-0.414738
-0.413828
-0.412716
-0.411453
-0.410038
-0.408455
-0.406701
-0.404765
-0.402634
-0.400363
-0.398015
-0.395708
-0.393593
-0.391807
-0.390446
-0.389493
-0.388798
-0.388124
-0.387091
-0.385274
-0.38234
-0.378212
-0.373223
-0.368198
-0.364287
-0.362548
-0.36326
-0.365852
-0.369121
-0.371938
-0.373679
-0.374372
-0.374496
-0.374747
-0.375712
-0.377676
-0.380559
-0.384023
-0.387622
-0.3909
-0.393532
-0.395375
-0.396445
-0.396893
-0.396968
-0.396901
-0.39691
-0.397121
-0.397502
-0.397939
-0.398255
-0.398269
-0.397825
-0.396824
-0.395236
-0.393054
-0.390335
-0.387152
-0.38364
-0.380039
-0.376695
-0.374021
-0.372392
-0.372057
-0.373033
-0.375159
-0.378164
-0.381759
-0.38572
-0.389906
-0.394169
-0.398357
-0.402288
-0.405756
-0.408578
-0.410601
-0.411719
-0.4119
-0.411204
-0.409679
-0.407462
-0.404697
-0.401527
-0.398089
-0.394474
-0.390824
-0.387258
-0.38394
-0.381048
-0.378702
-0.37703
-0.376047
-0.375718
-0.375912
-0.376483
-0.377252
-0.378041
-0.378708
-0.379193
-0.379452
-0.379514
-0.379447
-0.379385
-0.379438
-0.379718
-0.380336
-0.381367
-0.382827
-0.38469
-0.386899
-0.389342
-0.391917
-0.394513
-0.397032
-0.399398
-0.401588
-0.403528
-0.405198
-0.406537
-0.40749
-0.408024
-0.408055
-0.407536
-0.406474
-0.40486
-0.40281
-0.400506
-0.398167
-0.396096
-0.394592
-0.393896
-0.394149
-0.39532
-0.397206
-0.399485
-0.401752
-0.403581
-0.404606
-0.404517
-0.40312
-0.40031
-0.396102
-0.390574
-0.38396
-0.376542
-0.368711
-0.360803
-0.353166
-0.346061
-0.339673
-0.334268
-0.330299
-0.328477
-0.329686
-0.334477
-0.342629
-0.35299
-0.363938
-0.373913
-0.38192
-0.387602
-0.391069
-0.392714
-0.393005
-0.392457
-0.39145
-0.390307
-0.389249
-0.388401
-0.387818
-0.387513
-0.387444
-0.387598
-0.387923
-0.388369
-0.388875
-0.389394
-0.389881
-0.390284
-0.390568
-0.390701
-0.390662
-0.390429
-0.389985
-0.389328
-0.38844
-0.387322
-0.385967
-0.384363
-0.38252
-0.380447
-0.378163
-0.375708
-0.373112
-0.370436
-0.367727
-0.365045
-0.362402
-0.359844
-0.357339
-0.354908
-0.352554
-0.35033
-0.34836
-0.34676
-0.345697
-0.345275
-0.345528
-0.346365
-0.347614
-0.349038
-0.350405
-0.35152
-0.352256
-0.352589
-0.352518
-0.352074
-0.351296
-0.350176
-0.348746
-0.347122
-0.34558
-0.344574
-0.34465
-0.346225
-0.349401
-0.353844
-0.358928
-0.363972
-0.368386
-0.371813
-0.374108
-0.375245
-0.375326
-0.374512
-0.372945
-0.370806
-0.368291
-0.365621
-0.363034
-0.360781
-0.359085
-0.358134
-0.358036
-0.358799
