1.50237
1.50238
1.50239
1.50239
1.50239
1.50239
1.5024
1.5024
1.5024
1.5024
1.5024
1.5024
1.50241
1.5024
1.5024
1.50241
1.50241
1.50242
1.50241
1.50242
1.50242
1.50242
1.50241
1.50241
1.5024
1.50241
1.5024
1.5024
1.5024
1.50239
1.50239
1.50239
1.50238
1.50237
1.50236
1.50235
1.50234
1.50235
1.50235
1.50235
1.50235
1.50236
1.50236
1.50236
1.50236
1.50236
1.50236
1.50236
1.50237
1.50237
1.50237
1.50236
1.50237
1.50236
1.50236
1.50236
1.50235
1.50236
1.50236
1.50236
1.50237
1.50237
1.50237
1.50237
1.50237
1.50238
1.50239
1.50239
1.50239
1.5024
1.50239
1.5024
1.5024
1.5024
1.5024
1.5024
1.5024
1.5024
1.50239
1.50239
1.50239
1.50239
1.50238
1.50239
1.50239
1.50238
1.50239
1.50239
1.5024
1.50239
1.50239
1.50239
1.50239
1.5024
1.50241
1.5024
1.5024
1.50239
1.5024
1.5024
1.50239
1.50239
1.5024
1.50238
1.50239
1.50239
1.5024
1.5024
1.5024
1.50239
1.50239
1.50239
1.50239
1.50239
1.5024
1.5024
1.5024
1.50241
1.50241
1.50241
1.50241
1.50242
1.50241
1.50241
1.50241
1.50241
1.5024
1.50241
1.50242
1.50242
1.50243
1.50243
1.50243
1.50243
1.50243
1.50243
1.50242
1.50242
1.50242
1.50241
1.50242
1.50242
1.50242
1.50241
1.50241
1.50241
1.5024
1.5024
1.5024
1.5024
1.5024
1.50241
1.50241
1.50241
1.50241
1.50241
1.50241
1.50241
1.50241
1.50241
1.50242
1.50242
1.50241
1.50242
1.50242
1.50242
1.50243
1.50243
1.50243
1.50243
1.50243
1.50243
1.50243
1.50243
1.50243
1.50244
1.50243
1.50244
1.50244
1.50243
1.50244
1.50244
1.50245
1.50245
1.50244
1.50244
1.50244
1.50243
1.50244
1.50242
1.50241
1.50241
1.50241
1.50241
1.50241
1.50241
1.50241
1.50241
1.50241
1.50242
1.50242
1.50242
1.50242
1.50243
1.50243
1.50242
1.50241
1.50242
1.50242
1.50242
1.50243
1.50243
1.50243
1.50244
1.50244
1.50243
1.50243
1.50244
1.50244
1.50245
1.50245
1.50246
1.50246
1.50246
1.50247
1.50247
1.50246
1.50247
1.50245
1.50245
1.50246
1.50246
1.50246
1.50246
1.50246
1.50246
1.50246
1.50245
1.50245
1.50246
1.50246
1.50246
1.50246
1.50247
1.50247
1.50247
1.50246
1.50246
1.50246
1.50246
1.50246
1.50246
1.50246
1.50247
1.50247
1.50248
1.50247
1.50248
1.50248
1.50246
1.50245
1.50244
1.50244
1.50244
1.50244
1.50243
1.50243
1.50243
1.50244
1.50244
1.50245
1.50245
1.50244
1.50244
1.50244
1.50246
1.50246
1.50246
1.50245
1.50245
1.50245
1.50245
1.50245
1.50246
1.50246
1.50246
1.50246
1.50246
1.50247
1.50246
1.50246
1.50246
1.50246
1.50245
1.50245
1.50244
1.50244
1.50243
1.50243
1.50242
1.50242
1.50243
1.50243
1.50243
1.50243
1.50243
1.50243
1.50243
1.50243
1.50243
1.50243
1.50243
1.50243
1.50243
1.50243
1.50242
1.50243
1.50243
1.50243
1.50243
1.50244
1.50244
1.50244
1.50244
1.50245
1.50245
1.50244
1.50244
1.50245
1.50245
1.50245
1.50245
1.50245
1.50246
1.50246
1.50246
1.50247
1.50247
1.50247
1.50247
1.50247
1.50248
1.50247
1.50246
1.50246
1.50246
1.50247
1.50247
1.50247
1.50246
1.50246
1.50247
1.50246
1.50247
1.50247
1.50248
1.50247
1.50247
1.50248
1.50248
1.50248
1.50248
1.50248
1.50248
1.50249
1.50248
1.5025
1.50249
1.50249
1.50249
1.50249
1.50249
1.50249
1.50249
1.50249
1.50249
1.50249
1.50249
1.50249
1.50249
1.50248
1.50249
1.50249
1.50249
1.50249
1.50249
1.50249
1.5025
1.50249
1.50249
1.5025
1.5025
1.50249
1.50249
1.50249
1.50249
1.50249
1.50249
1.50249
1.50248
1.50248
1.50248
1.50248
1.50248
1.50248
1.50248
1.50248
1.50249
1.50249
1.50249
1.50249
1.50249
1.50249
1.50249
1.50249
1.50249
1.50249
1.5025
1.5025
1.5025
1.50249
1.50249
1.50249
1.50249
1.50247
1.50246
1.50246
1.50245
1.50246
1.50247
1.50246
1.50246
1.50246
1.50246
1.50246
1.50246
1.50246
1.50246
1.50244
1.50244
1.50245
1.50244
1.50244
1.50244
1.50244
1.50244
1.50244
1.50245
1.50244
1.50244
1.50242
1.50243
1.50243
1.50243
1.50243
1.50243
1.50242
1.50242
1.50241
1.50242
1.50243
1.50244
1.50244
1.50244
1.50244
1.50245
1.50245
1.50245
1.50245
1.50245
1.50245
1.50245
1.50245
1.50244
1.50244
1.50245
1.50244
1.50244
1.50244
1.50245
1.50244
1.50244
1.50243
1.50244
1.50244
1.50244
1.50244
1.50243
1.50242
1.50241
1.50242
1.50242
1.50241
1.50242
1.50242
1.50242
1.50242
1.5024
1.50241
1.50241
1.50243
1.50243
1.50243
1.50243
1.50243
1.50243
1.50243
1.50243
1.50243
1.50242
1.50241
1.50241
1.50241
1.50241
1.5024
1.50239
1.50239
1.50238
1.50237
1.50237
1.50237
1.50236
1.50236
1.50237
1.50237
1.50236
1.50236
1.50235
1.50234
1.50235
1.50235
1.50235
1.50234
1.50235
1.50235
1.50235
1.50235
1.50235
1.50235
1.50235
1.50235
1.50235
1.50234
1.50234
1.50234
1.50234
1.50235
1.50235
1.50235
1.50233
1.50234
1.50234
1.50233
1.50233
1.50234
1.50233
1.50233
1.50233
1.50231
1.50231
1.50232
1.50232
1.50232
1.50233
1.50233
1.50233
1.50233
1.50233
1.50234
1.50233
1.50235
1.50235
1.50234
1.50235
1.50235
1.50235
1.50235
1.50234
1.50234
1.50234
1.50235
1.50235
1.50235
1.50235
1.50235
1.50235
1.50235
1.50235
1.50234
1.50234
1.50235
1.50234
1.50234
1.50234
1.50234
1.50234
1.50234
1.50233
1.50234
1.50234
1.50233
1.50234
1.50234
1.50232
1.50233
1.50233
1.50233
1.50234
1.50233
1.50233
1.50233
1.50233
1.50232
1.50232
1.50232
1.50232
1.50232
1.50231
1.5023
1.50231
1.5023
1.50231
1.50231
1.50231
1.50231
1.50231
1.5023
1.5023
1.5023
1.5023
1.50231
1.5023
1.5023
1.5023
1.5023
1.5023
1.5023
1.50229
1.50229
1.50228
1.50227
1.50227
1.50227
1.50227
1.50228
1.50228
1.50227
1.50228
1.50228
1.50227
1.50227
1.50227
1.50226
1.50225
1.50225
1.50225
1.50225
1.50225
1.50225
1.50225
1.50226
1.50227
1.50227
1.50227
1.50226
1.50226
1.50226
1.50226
1.50225
1.50225
1.50224
1.50224
1.50224
1.50223
1.50224
1.50225
1.50224
1.50224
1.50224
1.50224
1.50224
1.50223
1.50223
1.50223
1.50224
1.50224
1.50225
1.50224
1.50224
1.50225
1.50224
1.50225
1.50224
1.50224
1.50225
1.50225
1.50225
1.50225
1.50225
1.50225
1.50226
1.50225
1.50225
1.50225
1.50225
1.50224
1.50224
1.50224
1.50225
1.50225
1.50226
1.50225
1.50226
1.50226
1.50225
1.50225
1.50226
1.50226
1.50225
1.50225
1.50225
1.50225
1.50226
1.50226
1.50226
1.50225
1.50226
1.50226
1.50226
1.50226
1.50226
1.50226
1.50226
1.50227
1.50227
1.50227
1.50227
1.50227
1.50227
1.50226
1.50227
1.50227
1.50227
1.50227
1.50227
1.50226
1.50225
1.50224
1.50224
1.50225
1.50225
1.50224
1.50226
1.50226
1.50226
1.50227
1.50226
1.50227
1.50227
1.50227
1.50227
1.50227
1.50227
1.50227
1.50227
1.50227
1.50227
1.50227
1.50227
1.50227
1.50227
1.50228
1.50228
1.50227
1.50226
1.50227
1.50228
1.50227
1.50227
1.50228
1.50228
1.50229
1.50228
1.50229
1.50229
1.50229
1.50229
1.5023
1.50231
1.50231
1.5023
1.5023
1.50231
1.50231
1.50231
1.50231
1.50232
1.50232
1.50232
1.50231
1.50232
1.50233
1.50233
1.50233
1.50233
1.50234
1.50233
1.50233
1.50234
1.50235
1.50236
1.50236
1.50236
1.50236
1.50237
1.50238
1.50238
1.50238
1.50238
1.50238
1.50238
1.50238
1.50237
1.50237
1.50237
1.50236
1.50236
1.50236
1.50236
1.50236
1.50236
1.50237
1.50238
1.50236
1.50236
1.50236
1.50236
1.50236
1.50235
1.50236
1.50236
1.50237
1.50237
1.50236
1.50236
1.50236
1.50236
1.50235
1.50236
1.50236
1.50235
1.50234
1.50235
1.50234
1.50233
1.50232
1.50234
1.50234
1.50234
1.50234
1.50235
1.50235
1.50235
1.50235
1.50235
1.50235
1.50235
1.50234
1.50234
1.50235
1.50234
1.50235
1.50234
1.50234
1.50234
1.50233
1.50233
1.50233
1.50232
1.50233
1.50234
1.50233
1.50232
1.50232
1.50232
1.50232
1.50232
1.50232
1.50233
1.50233
1.50233
1.50233
1.50233
1.50233
1.50234
1.50234
1.50233
1.50234
1.50234
1.50234
1.50233
1.50234
1.50234
1.50234
1.50235
1.50235
1.50235
1.50236
1.50235
1.50234
1.50233
1.50234
1.50233
1.50232
1.50232
1.50232
1.50232
1.50231
1.50232
1.50231
1.50232
1.50233
1.50234
1.50234
1.50234
1.50233
1.50234
1.50234
1.50234
1.50234
1.50234
1.50235
1.50235
1.50235
1.50235
1.50235
1.50235
1.50234
1.50235
1.50234
1.50235
1.50235
1.50234
1.50235
1.50235
1.50236
1.50236
1.50236
1.50236
1.50236
1.50237
1.50236
1.50238
1.50237
1.50237
1.50237
1.50236
1.50236
1.50236
1.50236
1.50237
1.50237
1.50237
1.50237
1.50237
1.50237
1.50237
1.50236
1.50236
1.50235
1.50234
1.50235
1.50234
1.50235
1.50235
1.50235
1.50235
1.50235
1.50235
1.50236
1.50236
1.50236
1.50237
1.50237
1.50238
1.50238
1.50237
1.50238
1.50239
1.50238
1.50238
1.50238
1.50238
1.50238
1.50239
1.50239
1.5024
1.5024
1.50241
1.5024
