0.0517728
0.0518863
0.0520264
0.0521764
0.0523206
0.0524476
0.0525569
0.0526626
0.052791
0.0529756
0.0532482
0.0536316
0.0541282
0.0547216
0.0553764
0.0560396
0.0566498
0.05715
0.0574973
0.0576765
0.0576972
0.0575942
0.0574082
0.0571707
0.0568807
0.0565058
0.0559864
0.0552694
0.0543217
0.0531508
0.0518006
0.0503341
0.0488177
0.0473136
0.045878
0.0445554
0.0433851
0.0424002
0.041621
0.0410622
0.040725
0.0405986
0.0406572
0.0408582
0.0411424
0.0414391
0.0416715
0.041774
0.0417054
0.0414572
0.0410586
0.0405649
0.0400467
0.0395695
0.0391928
0.0389622
0.0389074
0.0390515
0.0394093
0.039993
0.0408151
0.0418856
0.0432132
0.0448001
0.0466373
0.0486957
0.0509209
0.0532275
0.0555047
0.0576278
0.0594756
0.0609626
0.0620463
0.0627338
0.0630735
0.0631299
0.0629683
0.0626379
0.0621627
0.0615437
0.0607616
0.0597943
0.0586298
0.0572879
0.0558181
0.0543026
0.052845
0.0515492
0.0505116
0.0498139
0.0495196
0.0496728
0.0502984
0.0513986
0.0529465
0.0548801
0.0571034
0.0594823
0.0618712
0.0641328
0.0661631
0.0678992
0.0692982
0.0703037
0.0708261
0.0707322
0.0698933
0.0682603
0.0659294
0.063145
0.0602321
0.0574945
0.0551477
0.0532933
0.0519436
0.0510496
0.0505338
0.0503111
0.0503014
0.0504366
0.0506597
0.0509229
0.0511824
0.0514029
0.0515508
0.0516039
0.0515575
0.051428
0.0512505
0.0510735
0.0509541
0.0509449
0.0510863
0.0513963
0.0518614
0.0524334
0.0530319
0.053556
0.0539045
0.054005
0.0538376
0.0534305
0.0528521
0.0521813
0.0514916
0.0508302
0.0502233
0.0496791
0.0491963
0.0487691
0.0483928
0.0480632
0.0477782
0.0475391
0.0473539
0.0472351
0.0472058
0.0472954
0.0475372
0.0479623
0.0485873
0.0494027
0.0503651
0.0513919
0.0523658
0.0531638
0.0536923
0.0539074
0.0538284
0.0535128
0.053028
0.0524274
0.0517425
0.0509965
0.0502143
0.0494362
0.0487072
0.0480792
0.0475881
0.0472528
0.0470737
0.0470283
0.0470793
0.0471817
0.0472915
0.0473739
0.0474064
0.0473846
0.0473165
0.0472175
0.0471097
0.0470129
0.0469428
0.046912
0.0469283
0.0469973
0.0471244
0.0473152
0.0475721
0.0478988
0.0482934
0.0487516
0.0492638
0.0498131
0.0503759
0.0509261
0.0514374
0.0518897
0.0522707
0.0525835
0.0528463
0.0530898
0.0533564
0.0536928
0.0541431
0.0547421
0.0555086
0.0564301
0.0574507
0.0584685
0.0593322
0.059874
0.0599512
0.0595021
0.0585743
0.0573014
0.055862
0.0544195
0.0530852
0.0519207
0.0509323
0.0500975
0.0493784
0.0487367
0.0481384
0.0475588
0.0469885
0.0464297
0.0458961
0.0454081
0.0449856
0.0446521
0.044424
0.0443104
0.044304
0.0443855
0.0445197
0.0446593
0.0447513
0.0447466
0.0446124
0.0443375
0.0439352
0.0434404
0.0428944
0.0423427
0.0418214
0.0413581
0.0409657
0.0406476
0.0404036
0.040225
0.0401031
0.0400282
0.039989
0.0399783
0.0399898
0.0400174
0.0400592
0.0401111
0.040173
0.0402417
0.0403178
0.0404021
0.0404956
0.0405981
0.0407085
0.0408286
0.0409591
0.0411039
0.0412642
0.0414459
0.0416547
0.0418983
0.0421853
0.0425282
0.0429393
0.0434331
0.0440244
0.0447241
0.0455424
0.0464849
0.047546
0.0487109
0.0499503
0.0512208
0.0524644
0.0536111
0.0545878
0.0553227
0.055761
0.0558693
0.0556435
0.0551148
0.0543469
0.0534275
0.0524607
0.0515553
0.0508132
0.0503245
0.0501614
0.0503698
0.0509522
0.0518504
0.0529205
0.0539359
0.0546235
0.0547492
0.0542211
0.0531271
0.0516872
0.0501556
0.0487392
0.0475638
0.046678
0.046076
0.0457252
0.0455826
0.0455977
0.0457213
0.0459027
0.0460953
0.0462551
0.0463471
0.0463464
0.0462468
0.0460554
0.0457958
0.0455028
0.0452158
0.044976
0.0448229
0.044789
0.0449036
0.0451886
0.0456561
0.0463112
0.0471468
0.0481466
0.0492858
0.0505343
0.0518574
0.0532173
0.0545739
0.0558756
0.057062
0.058063
0.0588079
0.0592215
0.0592237
0.0587409
0.0577283
0.0562032
0.0542649
0.0520702
0.0497923
0.047584
0.0455449
0.0437353
0.0421739
0.0408572
0.0397691
0.0388885
0.0381934
0.0376632
0.0372804
0.0370313
0.0369064
0.0369029
0.0370202
0.037265
0.0376504
0.0381936
0.0389169
0.0398498
0.0410226
0.0424675
0.0442114
0.0462687
0.0486327
0.0512647
0.0540781
0.0569409
0.0596822
0.0621159
0.0640754
0.0654511
0.0662039
0.0663677
0.066021
0.0652695
0.0642183
0.0629613
0.061571
0.0601011
0.0585855
0.0570468
0.0555029
0.0539752
0.052491
0.0510913
0.0498203
0.0487259
0.0478514
0.0472312
0.0468883
0.0468291
0.0470449
0.0475087
0.0481822
0.0490147
0.0499526
0.0509416
0.0519344
0.0528962
0.0538057
0.0546479
0.0554037
0.0560509
0.0565507
0.0568533
0.056912
0.0566913
0.056187
0.0554264
0.0544687
0.0533911
0.0522757
0.0511977
0.0502204
0.0493907
0.0487381
0.048282
0.0480311
0.0479821
0.0481216
0.0484289
0.0488734
0.0494178
0.0500256
0.0506587
0.0512912
0.051899
0.0524732
0.0530129
0.0535202
0.053996
0.0544355
0.0548259
0.0551533
0.0554066
0.0555918
0.0557296
0.0558587
0.0560175
0.0562411
0.0565407
0.0569067
0.0573071
0.0576987
0.0580333
0.0582709
0.0583779
0.0583289
0.0581114
0.0577198
0.0571623
0.0564691
0.0556905
0.0548903
0.0541321
0.0534689
0.0529287
0.0525082
0.0521739
0.0518758
0.0515599
0.0511805
0.050717
0.050174
0.0495869
0.049006
0.0484944
0.0481158
0.0479216
0.0479494
0.0482107
0.0486891
0.0493384
0.050077
0.0508122
0.0514551
0.0519553
0.0523133
0.0525789
0.0528243
0.0531108
0.0534608
0.0538402
0.0541737
0.0543647
0.0543365
0.0540542
0.0535448
0.0528878
0.0521876
0.051549
0.0510501
0.0507341
0.0506039
0.0506221
0.050719
0.0508039
0.0507816
0.0505774
0.0501571
0.0495396
0.0487844
0.0479751
0.0471945
0.0465055
0.0459441
0.0455202
0.0452242
0.0450303
0.0449081
0.0448276
0.0447627
0.0446921
0.0446057
0.0444987
0.0443716
0.044231
0.044086
0.0439447
0.0438184
0.043718
0.0436497
0.043625
0.0436508
0.0437383
0.0438927
0.0441196
0.0444223
0.0448016
0.0452491
0.0457528
0.0462906
0.0468283
0.0473289
0.0477455
0.0480345
0.0481614
0.0481112
0.0478885
0.0475186
0.0470427
0.0465107
0.0459714
0.0454686
0.0450415
0.0447154
0.0445115
0.0444466
0.0445287
0.0447641
0.045155
0.0457013
0.0464019
0.0472563
0.048264
0.0494236
0.0507253
0.0521316
0.0535583
0.054857
0.0558224
0.0562431
0.0559821
0.0550409
0.0535636
0.0517727
0.0498941
0.0480982
0.0464865
0.0451028
0.0439566
0.0430369
0.0423265
0.0418032
0.0414464
0.041239
0.0411633
0.0412032
0.0413508
0.041592
0.0419188
0.0423242
0.0428006
0.043344
0.043949
0.0446105
0.0453232
0.0460807
0.0468714
0.0476803
0.0484872
0.0492623
0.0499714
0.0505762
0.0510386
0.0513338
0.0514529
0.0514139
0.0512595
0.0510511
0.0508628
0.0507666
0.0508244
0.0510769
0.0515418
0.0522089
0.0530401
0.0539712
0.0549146
0.055771
0.0564377
0.0568242
0.0568615
0.0565104
0.0557699
0.0546774
0.0533073
0.0517627
0.0501639
0.0486258
0.0472501
0.0461146
0.0452708
0.0447473
0.04456
0.0447072
0.0451779
0.0459471
0.0469692
0.0481737
0.0494635
0.0507163
0.0518061
0.0526299
0.0531373
0.0533433
0.0533198
0.053174
0.0530065
0.0528967
0.0528858
0.052979
0.0531568
0.0533828
0.0536125
0.0538103
0.0539488
0.0540224
0.0540527
0.0540798
0.0541624
0.0543669
0.0547494
0.055336
0.0561123
0.0570128
0.0579287
0.0587265
0.0592772
0.0594783
0.0592739
0.0586548
0.0576668
0.0564083
0.0550166
0.0536499
0.0524518
0.0515343
0.0509649
0.0507615
0.0509041
0.0513348
0.0519715
0.0527113
0.0534427
0.0540605
0.0544825
0.0546606
0.0545925
0.0543186
0.0539163
0.053485
0.0531263
0.0529299
0.0529543
0.053215
0.053673
0.054229
0.0547401
0.0550547
0.0550557
0.0547034
0.0540364
0.0531469
0.0521238
0.0510231
0.0498609
0.048628
0.0473185
0.0459465
0.0445547
0.0432013
0.0419505
0.0408556
0.0399541
0.0392587
0.0387642
0.0384498
0.0382803
0.0382163
0.0382164
0.0382415
0.0382592
0.0382446
0.0381856
0.038077
0.0379235
0.0377374
0.0375349
0.0373345
0.037156
0.0370191
0.0369432
0.036943
0.0370306
0.0372147
0.0375042
0.0378964
0.0383918
0.038984
0.0396641
0.0404259
0.0412586
0.042157
0.0431193
0.0441427
0.0452249
0.0463616
0.0475374
0.0487309
0.0499104
0.0510386
0.052081
0.0530153
0.0538432
0.0545964
0.0553316
0.0561314
0.0570849
0.0582586
0.0596601
0.0612018
0.062686
0.0638451
0.064443
0.0644119
0.0638842
0.0631295
0.0624076
0.061866
0.0615079
0.0612312
0.0608869
0.0603481
0.0595546
0.0585267
0.0573462
0.056123
0.0549665
0.0539578
0.053138
0.0525097
0.0520433
0.0516866
0.0513859
0.0510935
0.0507832
0.0504589
0.0501466
0.0498853
0.0497153
0.0496694
0.0497672
0.0500134
0.0504043
0.0509237
0.0515472
0.0522351
0.0529253
0.0535326
0.0539588
0.0541148
0.0539437
0.0534404
0.0526447
0.0516236
0.0504481
0.0491777
0.0478572
0.0465296
0.0452399
0.0440389
0.0429811
0.0421162
0.0414848
0.0411135
0.0410116
0.0411692
0.0415686
0.0421769
0.0429564
0.0438683
0.0448757
0.0459469
0.0470452
0.0481347
0.0491728
0.0501146
0.0509243
0.0515717
0.0520488
0.0523636
0.0525434
0.0526235
0.0526454
0.0526496
0.0526685
0.052719
0.0528084
0.0529292
0.053063
0.053181
0.0532548
0.0532563
0.0531604
0.0529503
0.0526221
0.0521831
0.0516505
0.0510516
0.0504155
0.0497716
0.0491464
0.0485616
0.0480313
0.0475729
0.0471976
0.0469203
0.0467561
0.0467169
0.0468187
0.0470712
0.0474734
0.0480189
0.0486795
0.0494101
0.0501526
0.0508341
0.0513831
0.0517418
0.0518801
0.0518069
0.0515714
0.0512538
0.0509525
0.0507704
0.0507979
0.0511084
0.0517489
0.0527411
0.0540778
0.0557281
0.0576288
0.0596977
0.0618313
0.0639281
0.0658891
0.067633
0.069093
0.0701898
0.070806
0.0707716
0.0698934
0.0680584
0.065335
0.0620018
0.0584516
0.0550612
0.0520847
0.0496316
0.047699
0.0462144
0.0450789
0.0441848
0.0434432
0.0427812
0.0421477
0.0415124
0.0408606
0.0401891
0.0395048
0.0388143
0.0381304
0.0374665
0.0368383
0.0362598
0.0357448
0.0353068
0.0349563
0.0347026
0.0345522
0.0345102
0.0345803
0.0347636
0.0350616
0.0354734
0.0359973
0.0366315
0.0373702
0.0382064
0.0391298
0.0401263
0.0411804
0.0422725
0.0433837
0.0444945
0.0455926
0.0466645
0.0477066
0.0487105
0.049667
0.0505576
0.0513517
0.0520157
0.0525114
0.0528139
0.052917
0.0528414
0.0526298
0.052339
0.0520267
0.0517414
0.0515154
0.0513602
0.051277
0.0512599
0.051302
0.0514021
0.0515514
0.051721
0.051845
0.0518195
0.0515233
0.0508661
0.0498326
0.0485034
0.0470271
0.0455691
0.0442718
0.0432272
0.0424781
0.0420332
0.0418732
0.0419636
0.0422661
0.0427341
0.0433155
0.043952
0.0445809
0.0451376
0.0455633
0.0458105
0.0458517
0.045683
