1.20022
1.20033
1.20032
1.20027
1.20021
1.2002
1.20023
1.20027
1.20025
1.20006
1.19962
1.19884
1.19772
1.19629
1.19465
1.19292
1.19127
1.18986
1.18879
1.1881
1.18775
1.18763
1.1876
1.18758
1.18756
1.18765
1.18802
1.18885
1.19024
1.19218
1.19458
1.19726
1.20007
1.20285
1.20548
1.20786
1.20989
1.2115
1.21266
1.21333
1.21351
1.21323
1.21257
1.21162
1.21056
1.20958
1.20889
1.20867
1.20904
1.21002
1.21154
1.21343
1.21551
1.2176
1.21955
1.22124
1.22259
1.22356
1.2241
1.22419
1.22378
1.22283
1.2213
1.21915
1.21638
1.21304
1.20923
1.20515
1.20109
1.19735
1.19425
1.19202
1.19073
1.19035
1.19073
1.19168
1.193
1.19456
1.19632
1.19828
1.20053
1.20316
1.20624
1.20976
1.21359
1.21754
1.22135
1.22476
1.22752
1.22942
1.23032
1.23008
1.22865
1.226
1.22219
1.21735
1.21172
1.20564
1.19949
1.19361
1.18824
1.18351
1.1795
1.17633
1.17423
1.17361
1.17485
1.17815
1.18326
1.18952
1.19603
1.20196
1.20674
1.21014
1.21218
1.21301
1.21291
1.2121
1.21083
1.20928
1.2076
1.2059
1.20429
1.20287
1.20172
1.20089
1.20039
1.20018
1.20016
1.20018
1.20008
1.1997
1.19892
1.19768
1.196
1.19402
1.19194
1.19004
1.18862
1.18785
1.18781
1.1884
1.18943
1.19066
1.19191
1.19305
1.19402
1.19481
1.19545
1.19596
1.19637
1.1967
1.19695
1.19713
1.19723
1.19721
1.197
1.19653
1.1957
1.19439
1.19257
1.19022
1.18746
1.1845
1.18168
1.17932
1.17769
1.17691
1.1769
1.17749
1.17848
1.17974
1.18119
1.18279
1.18447
1.18615
1.18772
1.18903
1.18999
1.19057
1.19075
1.19062
1.19028
1.18986
1.18948
1.18924
1.1892
1.18937
1.18974
1.19024
1.19082
1.19142
1.19201
1.19255
1.19302
1.19341
1.1937
1.19387
1.19391
1.19382
1.19358
1.1932
1.1927
1.19213
1.19153
1.19097
1.19052
1.19024
1.19015
1.19023
1.19045
1.19069
1.19084
1.19076
1.19031
1.18937
1.18788
1.18584
1.18339
1.18081
1.17849
1.17693
1.17653
1.17748
1.17963
1.1826
1.18589
1.18905
1.19178
1.19395
1.19555
1.19668
1.19747
1.19803
1.19849
1.19891
1.19933
1.19975
1.20014
1.20045
1.20062
1.20058
1.20029
1.19972
1.19889
1.19785
1.19669
1.19555
1.19456
1.19387
1.19357
1.19368
1.19418
1.19496
1.19591
1.1969
1.19784
1.19867
1.19934
1.19985
1.20022
1.20048
1.20064
1.20075
1.20083
1.20089
1.20097
1.20107
1.20119
1.20136
1.20156
1.20179
1.20207
1.20239
1.20275
1.20314
1.20357
1.20404
1.20454
1.20506
1.20561
1.20617
1.20672
1.20725
1.20772
1.20811
1.20837
1.20847
1.20835
1.20799
1.20732
1.20634
1.20503
1.20341
1.20155
1.19955
1.19754
1.19571
1.19424
1.19333
1.19313
1.19374
1.19516
1.19732
1.20006
1.20314
1.2063
1.20924
1.2117
1.21343
1.21422
1.21395
1.21259
1.21026
1.20737
1.20453
1.20254
1.20207
1.20338
1.20622
1.20996
1.21386
1.21736
1.22014
1.22209
1.22326
1.22375
1.22372
1.22331
1.22266
1.22189
1.22115
1.22055
1.22019
1.22012
1.22037
1.22092
1.22171
1.22264
1.2236
1.22448
1.22518
1.22562
1.22571
1.2254
1.22465
1.22344
1.22178
1.2197
1.21725
1.21451
1.21154
1.20841
1.20523
1.20209
1.19916
1.19659
1.19457
1.1933
1.193
1.19389
1.19612
1.19965
1.20425
1.20947
1.21485
1.22001
1.22468
1.22875
1.2322
1.23508
1.23746
1.23943
1.24106
1.24242
1.24357
1.24456
1.24541
1.24615
1.24676
1.24724
1.24755
1.24764
1.24743
1.24685
1.24578
1.24412
1.24177
1.23865
1.23474
1.23011
1.22495
1.21958
1.21445
1.21005
1.20682
1.20504
1.20479
1.20596
1.20829
1.2115
1.2153
1.21943
1.22371
1.22803
1.23232
1.23655
1.24072
1.2448
1.24874
1.25246
1.25587
1.25885
1.2613
1.26314
1.26431
1.26481
1.26466
1.26393
1.26271
1.26114
1.25934
1.25746
1.25559
1.25382
1.25218
1.25068
1.24936
1.24825
1.24745
1.24709
1.24731
1.24821
1.24981
1.25205
1.25476
1.25776
1.26083
1.26377
1.26644
1.26873
1.27057
1.27193
1.27278
1.27316
1.27308
1.27261
1.27183
1.27084
1.26971
1.26855
1.26742
1.26638
1.26542
1.26454
1.26371
1.26293
1.2622
1.26154
1.26101
1.26063
1.26037
1.26019
1.25997
1.2596
1.25897
1.25804
1.25686
1.25549
1.25407
1.25272
1.25156
1.25069
1.25017
1.25004
1.25032
1.251
1.25199
1.25318
1.25437
1.2554
1.25611
1.25644
1.25641
1.2561
1.25568
1.25531
1.25513
1.25519
1.25551
1.25598
1.25648
1.25682
1.25684
1.2564
1.25539
1.25377
1.25159
1.24897
1.24614
1.24336
1.24086
1.2388
1.23714
1.23574
1.23437
1.23282
1.23104
1.22911
1.22725
1.22573
1.22478
1.22452
1.22486
1.22557
1.22635
1.22692
1.22704
1.22659
1.22558
1.2241
1.22234
1.22058
1.21907
1.21805
1.2176
1.21767
1.21811
1.21868
1.21916
1.21937
1.21923
1.21873
1.21791
1.21684
1.21563
1.21435
1.21309
1.21191
1.21083
1.20986
1.20901
1.20825
1.20756
1.20692
1.2063
1.20567
1.20502
1.2043
1.20351
1.20261
1.20159
1.20042
1.19909
1.19759
1.19593
1.19414
1.19226
1.19038
1.1886
1.18703
1.18581
1.18501
1.18469
1.18483
1.18536
1.18618
1.18715
1.18814
1.18904
1.18976
1.19023
1.19041
1.19025
1.18975
1.18888
1.18764
1.18602
1.18404
1.18166
1.17889
1.17571
1.17212
1.16819
1.16416
1.16042
1.15757
1.15621
1.15674
1.15917
1.16305
1.16775
1.17263
1.1772
1.18122
1.1846
1.18733
1.18948
1.19112
1.19234
1.1932
1.19377
1.19409
1.19422
1.19417
1.194
1.1937
1.19331
1.19282
1.19226
1.19161
1.1909
1.19011
1.18926
1.18836
1.18744
1.18655
1.18576
1.18515
1.18482
1.18488
1.1854
1.1864
1.18783
1.18958
1.19148
1.19332
1.1949
1.19606
1.19666
1.19665
1.19606
1.19497
1.19355
1.19203
1.19068
1.18977
1.18954
1.19019
1.19183
1.19447
1.19803
1.20231
1.20705
1.21194
1.21669
1.22103
1.22479
1.22786
1.23015
1.23167
1.2324
1.23238
1.23167
1.23037
1.22867
1.2268
1.22511
1.22392
1.22351
1.22402
1.22539
1.22739
1.22972
1.23207
1.23423
1.23608
1.23762
1.2389
1.24003
1.24113
1.24232
1.24367
1.2452
1.24684
1.24848
1.24995
1.25104
1.25159
1.25151
1.25083
1.24971
1.24845
1.24742
1.24698
1.2474
1.24885
1.25135
1.25479
1.25891
1.26331
1.26759
1.27135
1.27429
1.27625
1.27718
1.27714
1.2763
1.27488
1.27317
1.27145
1.27002
1.26909
1.26879
1.26912
1.26996
1.27109
1.27221
1.27304
1.27333
1.27288
1.27166
1.26976
1.26747
1.26517
1.26331
1.26223
1.26202
1.26256
1.26359
1.26486
1.26622
1.26765
1.26921
1.27094
1.27283
1.2748
1.27669
1.27834
1.27963
1.28046
1.28081
1.28071
1.28023
1.27946
1.27853
1.27754
1.2766
1.2758
1.2752
1.27484
1.27472
1.27484
1.27514
1.2756
1.27616
1.27676
1.27737
1.27792
1.27838
1.27872
1.27891
1.27893
1.27879
1.27847
1.278
1.27739
1.27666
1.27582
1.27487
1.27382
1.27265
1.27135
1.26994
1.26842
1.26685
1.26532
1.26391
1.26272
1.26181
1.26117
1.26072
1.26027
1.25957
1.25836
1.25641
1.25366
1.25033
1.24698
1.24438
1.24322
1.2437
1.24542
1.24761
1.24949
1.25065
1.25111
1.2512
1.25137
1.25202
1.25332
1.25524
1.25756
1.25995
1.26214
1.2639
1.26513
1.26584
1.26614
1.26619
1.26615
1.26616
1.2663
1.26655
1.26685
1.26706
1.26707
1.26677
1.26611
1.26505
1.26361
1.2618
1.25967
1.25733
1.25494
1.25271
1.25093
1.24985
1.24963
1.25028
1.2517
1.25369
1.25609
1.25873
1.26152
1.26435
1.26714
1.26976
1.27208
1.27396
1.27531
1.27606
1.27619
1.27571
1.2747
1.27322
1.27137
1.26926
1.26696
1.26456
1.26213
1.25975
1.25754
1.25561
1.25404
1.25292
1.25227
1.25205
1.25218
1.25256
1.25307
1.25359
1.25404
1.25435
1.25452
1.25456
1.25452
1.25448
1.25452
1.25471
1.25512
1.25581
1.25678
1.25803
1.2595
1.26113
1.26284
1.26457
1.26625
1.26783
1.26929
1.27058
1.27169
1.27258
1.27322
1.27357
1.27359
1.27324
1.27253
1.27146
1.2701
1.26856
1.26699
1.26561
1.26461
1.26415
1.26432
1.2651
1.26636
1.26788
1.26939
1.27061
1.27129
1.27123
1.2703
1.26843
1.26562
1.26194
1.25753
1.25259
1.24736
1.24209
1.23701
1.23227
1.22802
1.22442
1.22177
1.22056
1.22136
1.22455
1.22997
1.23688
1.24418
1.25082
1.25616
1.25995
1.26226
1.26335
1.26355
1.26318
1.26251
1.26176
1.26106
1.2605
1.26011
1.2599
1.25986
1.25996
1.26017
1.26047
1.26081
1.26116
1.26148
1.26175
1.26194
1.26203
1.262
1.26185
1.26155
1.26111
1.26052
1.25978
1.25887
1.25781
1.25658
1.2552
1.25368
1.25205
1.25032
1.24853
1.24673
1.24494
1.24319
1.24148
1.23981
1.23818
1.23661
1.23513
1.23381
1.23275
1.23204
1.23176
1.23193
1.23249
1.23332
1.23427
1.23518
1.23592
1.23641
1.23663
1.23657
1.23628
1.23576
1.23502
1.23407
1.23298
1.23195
1.23128
1.23134
1.23239
1.23451
1.23747
1.24086
1.24423
1.24717
1.24946
1.25099
1.25175
1.25181
1.25126
1.25021
1.24879
1.24711
1.24534
1.24361
1.24211
1.24099
1.24036
1.24029
1.2408
