1.59679
7.38866
7.64966
7.9105
7.73755
7.57908
7.45106
7.28692
7.64486
7.67536
7.18921
7.50621
7.67954
7.74881
8.18889
8.31995
8.27212
8.78194
8.56084
8.44197
7.91819
7.41569
6.86479
7.36916
7.57243
7.67328
7.89516
8.18098
8.47845
8.56172
8.02401
7.94817
7.87412
7.64172
7.96741
7.52629
7.342
7.76819
7.77607
7.98271
7.66948
7.7192
7.69338
7.43696
7.58515
7.59674
7.58445
7.72699
7.56288
7.55945
7.64414
7.63496
7.36057
7.62282
7.6974
8.04506
7.90938
7.71996
8.07985
7.30318
7.15993
7.35073
7.48753
7.38312
7.07229
6.96964
6.99079
6.97393
7.00551
6.79932
6.77864
7.21453
7.33082
7.87396
8.14311
7.97359
8.13383
7.88741
7.3798
7.35693
7.90936
7.94943
7.67714
7.84646
8.34008
7.91668
7.61656
7.76249
7.2873
7.48406
7.46738
6.90481
7.21094
7.28403
7.29743
6.90961
7.03989
6.46723
7.00799
7.10095
6.98512
7.11869
7.22171
7.00426
7.28466
7.22133
6.89042
7.34124
6.89389
7.00622
6.92959
6.91337
7.34971
7.62071
7.55287
7.97743
7.3817
7.5829
7.33738
7.3909
7.04974
7.7978
7.8869
7.62035
7.62818
7.615
7.62329
7.59354
7.33105
7.3731
7.37879
7.51449
7.41791
7.69927
7.42757
7.42832
7.90676
7.29936
7.1176
7.36393
7.29177
7.62465
7.96706
8.00498
8.13709
7.80758
7.27829
7.21053
7.5416
7.61308
7.62783
7.75515
8.14056
8.46496
8.29072
8.40586
8.60367
8.21006
7.86393
7.82974
8.08041
7.63919
7.39481
7.26288
7.41775
7.24935
7.14224
7.65778
7.47495
8.11429
7.79217
7.62817
7.54416
7.3897
7.87074
7.77981
7.91137
7.57024
7.36341
7.46774
7.50055
7.59351
8.12108
7.72238
7.84505
7.83461
7.95088
8.23213
8.36688
8.25088
8.18865
8.15083
8.11679
8.32678
8.53227
8.55292
8.18327
8.65078
8.09851
7.95067
7.81226
8.18561
8.24749
8.30028
7.94186
7.67491
7.58134
7.53278
7.36865
7.61613
7.60687
7.80198
7.87429
7.61701
8.1106
8.23766
8.20951
8.27103
8.04222
7.5847
7.74135
7.82684
7.85896
7.94811
8.00189
7.84224
7.96514
7.91054
8.21354
8.55332
8.39818
8.10052
8.46119
8.50298
8.05642
7.8778
7.57398
7.32285
7.14676
7.49233
7.77674
8.02857
8.18022
8.23165
8.26524
8.15163
8.41304
8.01725
7.69321
7.52521
7.57776
7.56939
7.52067
7.91084
8.03495
7.88367
7.92167
8.27994
8.03325
8.08391
8.44039
7.83901
7.74661
7.56447
7.17044
7.70201
7.77113
7.9548
7.60637
7.42421
7.38605
7.87448
7.87931
7.77647
7.20103
7.43537
7.62244
7.63387
7.4613
7.33858
7.3913
7.51085
7.09806
7.12768
7.11981
6.86271
7.01736
6.97035
7.17393
7.4436
7.67561
7.33301
7.34251
7.20714
7.73888
7.75122
7.63644
7.8008
7.78501
7.33388
7.14933
7.43914
7.60235
7.80932
7.44707
7.48546
7.61015
7.64725
7.89065
8.10282
7.73006
7.79024
7.96018
8.16918
7.90924
7.78269
7.79578
8.12077
7.83575
7.65511
7.60688
7.60044
7.96946
7.60227
7.78629
7.87588
8.02413
8.14157
7.80673
7.62344
8.30597
8.14234
7.85643
7.74585
7.54294
7.4261
7.43034
7.2016
6.87232
7.09197
7.06294
7.12922
6.76878
7.23084
7.00715
7.31103
7.13245
7.02706
6.87324
7.1775
7.33376
7.42474
7.55113
7.81694
7.45774
6.99254
7.33346
7.48018
7.2562
7.42029
7.11361
7.113
7.0915
6.83941
7.11474
6.97742
6.94812
7.04443
6.92782
6.9332
6.9066
6.6717
7.08575
6.88311
6.9457
6.90868
6.50861
6.72526
7.39594
7.70074
7.72627
7.74379
7.747
7.95608
7.39598
7.61908
7.50371
7.5345
7.65996
7.21845
7.1796
7.13786
6.97998
6.85277
6.72594
6.63596
6.5765
7.09627
7.34858
7.36767
7.35757
7.69371
7.46672
7.43834
7.13507
7.18979
7.18984
7.10808
7.04867
7.42473
7.54498
7.83321
8.22141
8.23338
7.7316
7.17769
7.03677
6.95165
7.22856
7.46092
7.90054
7.71946
7.9897
8.07821
8.19513
8.13308
8.03478
7.76621
8.16566
8.08358
8.233
8.55049
8.45344
8.05318
8.0329
7.78505
8.0215
8.1254
7.91305
7.77397
7.93096
8.08885
8.10111
8.03056
8.48439
8.20993
8.5278
7.78588
8.05061
7.87683
8.02115
7.73512
7.9312
8.36464
8.25916
8.65359
8.01361
7.84475
8.3405
7.79864
8.00631
8.15911
7.96788
7.9855
7.96566
7.81923
7.90776
7.66683
7.88465
7.86757
7.52566
7.33701
7.54571
7.58409
7.30622
7.36101
7.2919
7.4492
7.75231
7.67966
7.82189
8.16167
8.01922
8.01916
8.11081
7.74713
7.95896
7.89092
7.88847
7.97847
7.91974
8.02319
8.39681
8.55088
8.08364
7.96656
8.16117
8.01098
7.44943
7.46457
7.66214
7.98668
8.07929
7.91701
8.10809
7.88719
7.97511
7.73992
7.65779
7.75407
7.83804
7.82699
8.07591
7.86602
7.57042
7.38787
7.75624
8.15703
8.845
8.45124
8.61325
8.33512
8.09916
7.7334
7.66418
7.61232
7.3675
7.10429
7.17207
7.03514
7.25262
7.23984
7.34725
7.31768
7.22285
7.26282
7.53701
7.92178
8.13358
8.12871
7.92134
8.03808
8.09248
7.46029
7.31544
7.37919
7.55977
7.81023
7.89839
7.63803
8.00315
7.99255
7.72002
8.13272
8.00671
8.20536
8.25612
7.83146
8.31999
8.36531
8.5684
8.78368
8.63327
8.81202
8.68594
8.63634
8.08291
7.99429
8.42583
8.34101
8.37326
7.88103
8.17081
8.05068
8.2079
8.34953
7.88671
7.64731
7.35579
7.83241
7.58555
7.46386
7.73924
8.07702
7.88035
7.91256
8.24157
8.64456
8.56096
8.62845
7.94135
7.77184
7.81876
7.99298
7.78149
7.69001
7.44157
7.58232
7.63495
7.45882
7.61464
7.2288
7.23155
7.24917
7.05176
6.809
6.94038
6.19932
6.42329
6.44857
6.43422
6.40997
6.72166
6.5897
7.34752
7.1613
7.46797
7.23565
7.22678
7.08503
7.17828
7.06825
7.43122
7.38896
7.30707
7.60586
8.00162
8.35661
8.1947
7.91115
7.61146
7.80715
7.69569
7.57804
7.82659
7.83096
7.78045
7.59892
7.72557
7.46987
7.15718
7.32255
7.21844
7.6332
8.14833
7.96584
7.51985
7.43275
7.66205
7.42769
7.8741
8.10275
7.91789
7.40567
7.85856
7.40817
7.7385
7.61399
7.22165
7.54779
7.39451
7.13734
7.19692
7.26424
7.32023
7.33219
7.78518
8.11698
8.21442
8.43064
8.55951
8.30439
8.52628
8.66848
8.52343
8.69996
8.95392
8.46547
8.18103
8.7305
8.76694
8.5809
8.52999
8.41517
8.60208
8.2767
8.87166
8.83738
8.90352
8.68559
9.01306
9.22864
8.87265
8.466
8.80283
8.18244
7.88575
7.84533
8.48188
8.75518
8.61898
8.69109
8.23248
8.65183
8.46051
8.38851
8.19542
8.25128
8.55297
8.69541
8.3484
8.05819
8.03798
7.90067
7.83635
8.02822
8.15725
7.814
7.60724
7.64169
7.34109
7.18996
7.52566
7.54452
7.31838
7.59092
7.88161
7.69012
7.52551
7.68347
7.96869
7.89739
8.64213
8.77295
8.20156
8.21239
8.35416
8.26935
8.15224
7.82712
7.66442
7.45188
7.70717
7.8837
7.70565
7.38306
7.46174
7.58597
7.46582
7.75293
7.86833
8.18187
7.87002
8.0641
8.38129
8.19346
7.65842
7.74026
8.2625
8.51427
8.64197
8.65604
8.41839
8.08707
7.7149
8.01286
8.09925
8.07383
7.95587
7.95816
8.14535
7.99012
7.7519
7.92531
8.26461
8.05404
7.61737
7.69687
7.22385
7.49004
7.94083
7.91771
7.93906
8.24033
8.70895
8.53267
8.50147
8.36898
8.10423
7.79679
7.56305
7.35889
7.13333
7.65269
7.80331
7.59879
7.18947
7.51539
7.81021
7.87753
8.2258
8.42674
8.36331
8.54566
8.49278
8.27367
8.51639
8.35583
8.26169
8.72654
8.0219
7.92236
7.38793
7.5415
8.00214
8.29901
8.63469
8.96184
8.31856
8.18786
7.82157
7.70128
7.93507
8.06802
7.96418
8.02957
7.97498
8.11824
8.27159
8.47021
8.52706
8.27749
8.32626
8.84015
8.46422
8.02621
7.70307
7.82351
7.4909
8.2057
8.48457
8.7631
8.45867
8.81976
8.72287
8.68771
8.48444
8.15472
7.8557
7.65741
7.64872
7.52135
7.50667
7.77414
7.80972
8.08774
8.50853
8.56604
8.15898
8.13044
8.29691
8.08514
7.94839
7.77855
7.88944
7.79265
7.51853
7.45356
7.31971
7.54039
7.69765
7.69165
7.56737
7.60753
7.38334
7.16325
7.13574
7.44151
7.31535
7.91277
8.3591
8.09619
8.02867
7.96614
8.07089
8.16172
8.27901
8.5196
7.64184
7.5259
7.91662
7.98249
7.68961
7.94141
8.03599
7.7211
7.74788
7.52105
7.93812
7.87086
7.60406
7.80582
7.35418
7.65845
7.64939
7.72444
7.70184
7.59131
8.01463
8.24467
8.14569
8.16943
7.9725
8.16033
8.07311
8.22588
8.26352
8.67372
8.98538
8.6634
8.82481
8.54444
8.27081
8.00607
7.70475
7.73827
8.06309
8.19749
8.11715
8.05146
7.26195
7.93661
8.07006
8.14755
8.08519
8.04298
7.88116
8.00167
8.04049
7.76263
7.42891
7.57217
7.3491
7.61556
7.76334
7.69227
7.57308
8.2363
8.33305
7.87219
7.73434
8.08782
7.99016
7.42428
7.26022
7.34324
7.91881
7.61162
7.91758
7.66083
7.98722
8.20561
7.80136
8.03218
7.73091
8.03997
8.06375
8.17146
8.3696
8.09503
8.17473
8.14519
7.78861
8.12855
8.30853
8.09547
8.00085
7.81895
7.95167
7.47687
7.47983
7.58065
7.82102
8.1688
8.64489
8.19359
8.09564
7.812
7.8788
7.69218
7.80786
7.91817
7.56741
7.49346
7.63365
7.48822
7.86377
8.03276
7.88409
7.54635
7.05515
7.02003
6.8608
7.15324
7.34331
7.41367
7.36648
7.45894
7.20923
7.10426
7.10335
7.26407
7.05706
7.5092
7.31501
7.74489
8.01507
7.51676
7.35105
7.08997
7.11709
7.31892
7.46218
7.71757
8.19612
7.92502
8.34694
8.64263
8.75922
8.1478
7.95522
7.8839
7.73412
7.73013
7.64245
7.55145
8.0437
7.98992
8.1676
7.65367
7.86655
7.50353
7.46415
7.64126
7.62022
7.81084
7.81484
7.59627
7.87518
7.86695
7.78465
7.84256
7.90166
7.6642
8.00325
8.3371
8.15964
8.12295
8.19825
8.0566
7.91374
7.93307
7.66074
7.89378
7.76093
7.94395
7.55031
7.86721
7.59708
8.03319
7.70006
8.11749
8.32134
8.20496
8.51355
8.4538
8.06714
8.03986
7.82081
7.93848
7.83463
8.12986
8.12493
7.82775
7.72253
7.7442
7.81467
7.86265
8.14949
8.2331
7.99408
7.50562
7.60246
7.44653
7.40854
7.71679
7.89834
7.89005
7.75417
7.9174
8.00612
8.05661
8.01092
7.9092
7.74309
7.95515
7.89639
7.87393
8.11585
8.52095
8.4596
8.04825
8.32798
8.10665
7.97459
7.83288
8.23697
7.87473
7.75021
8.09279
8.34377
8.17768
8.17585
8.11914
8.19807
8.10303
8.36415
8.33816
8.21511
8.29715
8.05989
8.10817
8.02356
8.62791
8.68523
8.6247
8.139
7.82359
8.15496
7.8333
8.03038
8.2028
8.492
8.2628
8.02553
8.40284
8.16918
8.17435
8.19734
7.9264
8.11033
7.8477
8.09589
8.10154
8.02413
8.30533
8.31636
8.25362
8.3462
8.4725
8.53071
8.48801
8.17108
7.93499
8.11706
8.0862
8.22012
8.31686
8.29179
8.50634
7.95485
8.20246
8.31732
8.43568
8.16891
7.63419
7.66764
7.87383
8.13653
8.32065
8.28018
8.4935
8.44053
8.28084
8.32395
8.44981
8.55356
8.43192
8.13954
8.23487
8.78413
8.04686
7.92838
7.72351
7.81967
7.82969
7.57754
7.77974
8.17809
8.01832
8.09848
7.93066
8.01227
7.61752
7.80078
8.16063
7.85577
7.92517
7.35854
7.3005
7.69656
8.12655
8.5423
8.37361
8.60655
8.59007
8.30413
7.75811
7.52255
7.97751
7.81213
7.68374
7.71154
7.86197
7.36317
7.05722
7.60903
7.94125
8.06278
8.11729
8.28586
8.29354
7.83539
7.5848
7.90166
7.91309
7.66731
7.50092
7.45742
7.57784
7.87243
7.76767
7.84604
8.18594
8.10762
8.20069
8.69556
8.72374
8.6087
8.95004
8.78997
8.78991
8.72934
8.49474
8.22929
8.21472
8.62265
8.59237
8.68356
8.85199
8.73218
8.92342
8.88669
8.59518
8.47957
8.56692
9.03266
8.69311
8.7973
8.43248
8.50983
8.40968
8.2277
8.13296
8.52077
8.16305
8.04911
7.79015
8.12895
8.14057
8.06031
7.91079
8.15274
8.26553
8.02022
7.82944
8.37988
8.08589
7.7758
7.56858
7.41713
7.48374
8.32063
7.88002
7.8272
8.15367
7.91974
7.97189
8.10064
8.16906
8.07136
8.07402
8.10432
8.05779
7.96662
7.85989
7.64766
7.81282
7.71707
7.76426
8.36633
8.46499
8.23188
8.17737
8.46227
7.83925
7.85082
7.52659
7.59406
7.94558
7.63902
7.82085
8.08064
8.00921
7.693
7.69701
7.76301
7.58681
7.79342
7.61902
7.37404
7.53304
7.48094
7.60491
7.99077
8.15339
8.00456
8.41618
8.58682
8.69987
8.54443
8.28647
8.02496
7.9339
7.78051
8.21765
7.83698
7.55383
7.86307
8.28402
7.94707
7.79209
7.4322
7.61022
7.824
7.59248
7.60785
7.37893
7.45124
7.44258
7.80391
7.71697
7.88888
7.8144
7.98637
7.7802
7.76135
7.89981
8.25293
8.40046
7.70391
7.57112
7.35467
7.52005
7.9899
7.67832
7.8515
7.78948
7.42792
7.41774
7.63767
7.48684
7.77439
7.86265
7.73832
7.80608
7.99959
8.04881
8.03153
7.73171
8.53377
8.29213
8.15352
8.59678
9.11639
8.82839
8.77372
8.49058
8.22391
8.21297
8.06028
8.62606
9.03285
8.58262
8.78512
8.48439
8.4323
8.31609
8.30103
7.97959
8.06004
8.23649
8.49515
8.26187
8.10968
7.7329
7.59656
7.37151
7.01396
7.22748
7.12918
7.4207
7.20749
7.59509
7.73822
8.23127
8.39931
8.58871
8.62912
8.36751
8.96185
8.96638
8.66846
8.32957
7.97304
7.94628
7.56634
7.45477
7.53584
7.1353
7.54854
7.61095
8.35811
7.83469
8.21637
7.86096
7.80104
7.41026
7.30071
7.79591
7.63898
8.03267
8.00387
7.96647
8.37635
8.2444
7.46279
8.43657
8.51076
8.28395
8.04845
8.16692
8.30314
7.85052
7.89765
7.71871
8.15453
7.67954
7.38149
7.64495
7.62319
7.82355
8.24283
8.11237
8.04882
7.94574
7.77631
7.64392
7.33759
7.02194
7.53061
7.83038
7.85128
8.05754
8.25369
7.99536
7.81469
7.70646
7.61232
7.25123
7.45828
7.44143
7.5194
7.80054
7.65349
7.57519
7.48085
7.35782
7.25618
7.40519
7.25934
7.28698
7.48032
7.42547
7.25987
7.17381
7.78067
7.37783
7.37851
7.43688
7.17927
6.71923
6.78821
6.79917
7.27163
7.54502
7.59547
7.58685
7.56437
7.58156
7.44497
7.50367
7.29422
7.45134
7.36867
7.49553
7.64106
7.46331
7.34207
7.45643
7.88288
7.86745
7.48921
7.38713
7.47403
7.61842
7.75997
7.47826
7.37498
7.16836
7.23073
7.17141
7.02185
7.24461
7.87214
7.81741
7.9614
8.05999
7.83205
7.95251
8.29975
8.19555
8.41515
8.17048
7.66855
7.72221
7.73717
7.86256
7.38913
7.46632
7.29614
7.21038
7.1302
7.38777
7.29048
7.52301
7.18954
6.95181
7.25368
7.65194
7.3658
7.8004
7.38093
7.43872
7.57794
7.35208
7.4422
7.16622
7.02736
7.21305
7.0352
6.9948
7.0646
7.32063
7.4455
7.53408
7.14322
6.93716
7.1331
7.01328
7.23072
6.96865
6.96888
7.08817
6.84178
7.44272
7.83092
7.59404
7.45686
7.36058
7.26581
7.57974
7.84316
7.71798
7.69548
8.09809
8.07599
8.18912
7.42528
7.49371
7.13446
7.13042
7.08574
7.11568
7.44859
7.62535
7.84718
7.40827
7.68035
7.61407
7.97391
8.28522
7.63338
7.62425
8.32744
8.25822
7.6404
7.61929
7.51141
7.58531
7.49377
7.42969
7.49856
7.9254
8.07443
7.73282
7.53569
7.68546
7.86643
8.24992
8.57172
8.14006
7.99715
8.39217
8.10871
8.02729
7.83196
7.84689
8.25604
8.51349
8.45345
8.29419
8.17587
8.15054
8.17294
7.41364
7.57334
7.49563
7.75152
7.8988
7.88336
7.5866
8.00633
7.74127
8.03183
7.9558
7.7522
7.06058
7.61388
7.39006
7.61271
7.61102
7.8664
7.60197
7.5563
7.40805
7.31406
7.67144
7.4827
7.95493
8.21674
7.87744
8.00126
8.04551
7.81081
7.63099
7.6131
7.579
7.84143
7.54254
7.08884
7.17848
6.98718
7.18311
7.16403
7.84093
7.74415
7.61892
7.76596
7.7158
7.73358
7.7236
8.23894
8.01427
7.84253
7.79768
8.05416
7.68051
7.64404
7.37635
7.46094
7.45645
7.20797
7.36723
6.96778
7.26428
7.72676
8.05154
8.2541
8.37989
8.43907
8.79128
8.97101
8.80031
8.01753
8.11245
8.32921
7.83628
8.07653
8.0996
8.22667
7.68413
7.6217
7.69201
7.60345
7.40953
8.16367
8.35716
8.94123
8.55291
8.55367
8.3408
8.7303
9.07425
8.55707
8.54824
7.85195
7.80601
7.37471
7.44533
7.75233
7.8651
7.6452
7.54057
7.38876
7.63097
7.90144
7.76359
7.51199
7.75444
7.76636
7.68607
7.75358
7.2963
7.57213
7.71042
7.54818
7.46555
8.1693
7.91573
8.02121
7.81918
8.01998
8.41846
8.55188
8.05142
7.48557
8.21639
8.44742
9.01327
9.05579
8.79644
8.89854
8.73294
9.03628
9.00181
9.18246
9.17172
8.98072
9.19764
8.92694
9.18604
8.87767
8.7248
8.24898
7.96669
7.43812
7.79388
7.78061
7.75098
7.82001
7.61174
7.79814
7.26949
7.40247
7.51953
7.27658
7.65412
7.9276
7.96144
8.13791
7.60959
7.62047
7.60011
7.50809
7.40708
7.70494
7.527
7.73755
7.74975
7.90386
7.46285
7.74202
7.65056
7.79009
7.84224
7.87666
8.0474
7.94546
7.2344
7.4049
7.27074
6.94834
7.15843
7.26446
7.34959
7.39813
7.65097
7.41577
7.73309
8.14676
8.03991
7.8717
7.46042
7.30657
7.4733
7.254
7.03341
6.94231
6.69883
7.26508
7.26321
7.23527
7.44456
7.38456
7.07905
7.24454
7.35728
7.0935
7.15591
7.50069
7.98857
7.87172
7.85674
8.17434
8.15252
7.40279
7.71305
7.85233
8.16759
8.24252
8.03428
8.35773
8.1058
8.43356
8.55364
8.03762
8.03394
7.92483
8.32753
8.69794
8.49308
8.8171
8.45504
8.2622
7.68567
7.81806
8.0731
8.09676
8.12635
8.15962
8.10439
7.85202
7.67577
7.55925
7.87063
7.85607
7.6603
7.49125
7.62319
7.83267
8.03796
7.89372
7.82027
7.93066
8.0178
7.59682
7.80278
7.92827
7.91797
8.10696
8.33965
8.19684
8.06886
8.20122
8.19721
8.64646
8.34457
8.68786
8.464
8.30934
8.30914
8.57743
8.51801
8.43251
8.24462
8.34811
8.43912
7.889
8.13528
7.40465
7.26269
7.55241
7.10604
7.5824
7.48823
7.892
7.52993
7.41225
7.24377
7.3166
7.73614
7.75008
7.88545
8.01306
7.98409
8.66629
8.33924
8.41424
8.27255
7.97407
7.79874
7.86861
7.78958
8.10683
8.0824
7.85349
7.39302
7.29365
7.2046
7.2867
7.30754
7.52038
7.55346
7.93114
7.89285
8.5155
8.302
8.22385
8.11099
8.35378
7.86251
7.74316
8.07267
7.78637
7.84309
8.22379
8.01437
7.92502
7.70061
7.93569
8.20563
8.43574
8.76558
8.88396
9.09978
9.00761
8.51245
8.14395
7.65936
8.41871
8.25581
8.76222
9.21819
8.76154
9.14867
8.80163
8.49325
8.08126
8.25181
8.80204
8.69406
8.06382
8.11169
8.49668
8.6036
8.66725
8.30646
8.39082
8.46044
8.31686
8.2843
8.15094
8.42541
8.36605
8.93834
8.26237
8.14266
8.17594
8.31314
8.5447
8.7924
8.00734
8.18999
8.19501
8.3116
8.20779
8.29718
8.14955
7.84932
8.03802
8.16079
8.51487
8.77817
8.32523
8.18733
8.20425
7.63879
7.74951
7.45482
7.38198
7.14287
7.09694
6.98074
6.819
7.01545
7.11734
7.53987
7.73077
8.09138
8.14757
7.98758
7.82027
7.20311
7.15395
7.00209
7.22326
7.25384
7.32025
7.19402
7.35577
7.74819
8.1377
8.06719
7.7211
7.91084
7.89998
8.06639
7.79775
7.78677
7.73103
7.63056
8.0617
8.4967
8.20712
8.25522
8.47411
7.95472
7.72792
8.11678
7.69395
7.91407
8.04636
8.24171
8.45646
7.90446
7.68247
7.68624
8.01373
7.73935
8.09329
7.93591
8.18277
8.72711
7.94334
8.18346
8.25609
7.9754
7.56394
7.64102
7.70145
8.29577
8.65722
8.64038
8.42501
8.63607
8.7009
8.79321
8.52173
8.53002
8.72527
8.50185
8.33019
8.34063
8.22113
8.01286
8.46107
8.55185
8.49679
8.03224
7.88078
7.80431
8.40917
8.29862
8.09078
8.32667
8.2653
8.65323
8.39232
8.33681
7.95749
7.79709
7.93656
8.2726
8.4323
9.56364
8.55511
8.35891
8.63079
8.39055
8.78516
8.86483
8.91464
8.77674
8.48211
8.9636
8.65279
8.89393
8.36792
8.11918
8.23745
8.69947
8.58615
8.38285
8.46904
8.59027
8.17722
7.72221
8.01204
8.01184
7.77566
8.05951
8.07808
7.95544
7.98429
8.19095
8.62863
8.6465
8.29602
7.9808
7.8039
7.92945
8.28635
7.99852
8.08695
7.83328
7.91837
7.71776
7.81333
7.46632
7.43836
7.68797
8.14794
7.80756
7.96709
8.02024
8.05101
7.9251
7.45281
7.47631
7.30555
7.62484
7.57583
7.80006
7.71559
7.65827
7.90787
8.36156
8.4802
8.24662
8.37379
7.83356
7.79552
8.04831
8.36901
8.28831
7.87486
7.51386
7.72516
8.05959
7.72702
7.85906
8.07376
8.50292
8.16701
8.34939
7.98269
7.79152
7.36217
7.66608
7.86529
8.31983
8.24082
8.21821
8.61338
8.50079
8.55454
7.91711
7.69324
7.80877
7.68667
7.66694
7.64881
7.42611
7.85161
8.01326
7.93803
8.1961
8.14588
8.22009
8.55896
8.76116
7.82384
7.75562
7.26745
7.66123
7.83438
7.46073
7.48827
7.27269
7.32566
7.74854
7.59153
7.48743
7.74367
7.51384
7.29437
7.61847
7.53089
7.63542
7.24126
7.73352
7.95809
7.91068
7.94573
7.2942
7.27354
6.95003
6.93444
6.90389
7.09783
7.19302
6.94793
6.74275
7.02072
6.84934
7.27268
7.56717
7.32562
7.1967
7.23103
7.01661
7.15567
7.09754
7.18814
7.6896
7.58504
7.42851
7.44515
7.15508
8.09039
7.56581
7.35163
7.14848
7.29938
7.12931
6.74993
6.79002
6.84618
6.93785
7.28826
7.43873
7.47045
7.46588
7.60264
7.37731
7.4562
7.39748
7.6731
8.43055
8.39493
8.27024
8.69212
8.27418
7.98548
7.5907
7.59279
7.76209
7.38203
7.39083
7.61877
7.59155
7.62366
7.83574
8.26113
7.69432
7.64682
7.58016
7.4053
7.85077
7.61187
7.90619
8.11347
8.04254
7.40237
7.50623
7.34088
7.21218
6.88917
6.74022
6.95644
7.58751
7.29692
7.19109
6.987
7.28894
6.88349
7.06233
6.84361
7.06389
7.06943
6.9166
7.05629
7.28321
6.92771
7.2949
6.67925
6.96344
7.46846
7.42207
7.40188
7.63534
7.19805
7.41563
7.64474
7.80748
7.61217
7.61686
7.90588
7.88923
7.59266
7.56059
7.86187
8.12144
7.90651
7.77291
7.77024
8.3218
8.07422
7.73677
7.63864
8.19509
7.92982
7.79759
7.81076
7.64144
7.45306
7.38185
7.36542
7.00076
7.26637
7.10944
7.10887
7.33057
7.02655
6.88528
6.99948
6.92651
7.41929
7.60367
7.90954
7.76431
7.38429
7.42529
7.53512
7.96725
7.79595
7.82699
8.00793
7.90163
8.09184
7.99585
8.29519
8.17531
7.87414
7.94777
8.16342
8.68852
8.83202
8.90636
8.82814
8.32674
8.22439
8.24599
7.90895
7.91572
8.26506
8.81874
8.41021
8.22939
8.09006
8.45596
8.48407
8.67331
8.49019
7.9397
7.95451
7.7475
7.47038
7.40319
7.51779
7.46355
7.07613
6.96257
7.25759
7.25307
7.62336
7.9262
8.23555
8.0646
8.07976
7.79319
7.79471
7.67824
7.43353
7.39113
7.83346
7.71084
8.12348
7.92684
7.68712
8.01186
7.89345
7.98552
8.33304
8.17275
7.80331
8.05197
7.9892
8.30432
8.11031
8.2145
8.14377
8.16519
7.82396
8.46014
8.69584
8.87182
8.56851
8.49424
8.47391
8.64753
7.89898
7.83614
8.19559
8.99431
8.60401
8.66119
8.70102
8.34678
7.57448
7.28712
7.1365
7.23139
7.27598
7.77586
8.17583
8.01346
8.36083
8.36583
8.43932
8.06353
7.78667
7.93941
8.52713
8.14762
8.48516
8.27645
8.27411
8.31711
8.8046
8.6311
8.95404
9.17311
9.32713
9.22314
8.62927
8.18274
8.56138
8.02091
8.26168
8.3442
8.09413
8.35782
8.42515
8.00209
8.38135
7.78881
7.86621
7.88506
8.18613
8.24369
7.7629
7.88718
8.29502
8.35469
8.55339
8.13434
8.44623
8.2601
7.71098
7.78783
7.83293
8.00638
7.93883
7.60445
7.9055
8.11117
8.17985
8.13786
8.01961
7.83586
8.01076
8.1253
8.30444
8.40868
8.33405
8.04272
7.68672
8.03862
8.3118
7.93978
7.70111
7.16627
7.08336
7.63748
7.90693
8.12681
7.72668
7.8392
7.68246
7.72649
8.18154
8.1423
8.11397
8.0516
7.94664
7.9602
8.28549
8.38685
8.62476
8.20344
8.20131
8.31982
8.26575
8.59712
8.33598
8.19542
7.96044
8.35183
8.0422
7.93762
7.94742
8.02118
7.90489
7.84944
8.07787
8.49713
8.138
8.30686
8.52198
8.21495
8.43512
8.12141
8.23873
8.45526
8.12125
7.91243
8.25883
7.92014
7.72619
7.39699
7.74273
7.75144
7.34123
7.28647
7.07367
7.30925
6.98667
6.89884
6.99259
7.14754
7.2502
7.64428
7.42437
7.64964
7.6613
7.61698
7.79599
7.84652
7.95005
8.03449
7.79434
8.04148
8.28784
7.92601
8.25451
8.1935
7.9902
7.51501
7.49413
7.56733
7.16662
7.15105
7.3492
7.41763
7.81381
8.09885
8.10695
7.94578
7.8572
7.89115
7.93662
7.61328
7.62263
7.39323
7.72793
7.83877
7.91372
8.21686
8.28
7.8693
7.94648
7.80713
8.07065
8.35222
8.01614
7.73753
7.90896
8.22102
8.1405
8.51079
8.20207
8.44216
8.25151
8.71484
8.77466
8.3917
8.23685
8.35964
8.62173
8.22354
8.27678
8.52573
8.55431
8.66897
8.36924
7.80218
8.33547
8.0205
7.513
7.86524
7.7637
7.78003
7.70683
7.85227
7.64978
7.94154
7.62845
8.0439
7.95442
7.85601
7.7953
7.69544
7.88109
7.76238
7.74603
8.17827
8.49709
8.29235
8.06253
8.04813
8.13294
8.09657
8.49973
8.53936
8.26005
8.37606
8.21427
7.99735
7.92246
7.51451
7.79985
7.55282
7.46627
7.63589
7.65675
8.4548
8.46523
8.36701
8.42561
8.89853
8.9703
9.03547
8.78837
8.28457
7.46053
7.52524
7.9743
7.97317
7.77772
8.20965
8.10437
8.70252
8.80749
8.22531
8.05955
7.9206
7.60243
7.36386
7.69856
7.73359
7.43116
7.56714
7.79491
7.5661
7.52018
7.6127
7.77096
7.65601
7.76642
7.70937
7.80529
7.8005
7.87276
7.90981
7.66296
7.45857
7.83851
7.37491
7.76464
8.12736
7.78231
7.73281
7.508
7.7239
7.31991
7.41737
7.47274
7.56464
7.57383
7.49366
7.53478
6.81569
7.10908
7.19461
7.38989
7.86339
8.01994
7.8902
7.96404
7.89114
8.26576
8.2458
8.16993
7.64496
7.66244
7.8989
7.79636
8.4037
7.80268
8.49791
8.07079
8.05447
8.15242
8.47191
8.48139
8.77639
8.34168
8.51579
8.32914
8.18904
7.91374
8.1695
8.20517
8.33552
8.45841
8.11649
7.67878
7.56326
7.84726
8.01176
7.72991
7.67616
7.66918
7.70693
7.82571
7.58002
7.95234
7.58657
7.80408
8.24885
8.31567
7.8181
8.15036
7.93924
7.9845
7.9454
7.7553
7.70452
7.6873
7.17174
7.19134
7.40114
7.61276
7.55929
7.32589
7.53459
7.69475
8.0322
8.02654
8.48501
8.07368
8.03548
8.13863
8.0817
7.95996
7.78471
7.7036
7.73951
7.48433
7.18137
7.76021
7.95499
8.28206
8.17027
8.26223
7.71879
7.81175
7.58774
7.5888
7.34811
7.55702
7.79025
7.27761
7.28666
7.05035
7.21441
7.66576
7.90698
7.94455
8.15876
8.49835
8.74882
8.79092
8.63487
8.73249
8.38821
8.6302
8.6434
8.62495
8.25904
8.35152
8.46879
8.37739
8.63641
8.77821
8.70147
8.75669
8.54236
8.17245
8.44883
8.59603
8.30688
7.95962
7.94393
7.87794
8.30715
8.50991
8.27099
8.25611
8.13333
8.17275
7.96329
8.07847
8.01242
8.0061
8.10525
7.70878
7.82627
7.8355
8.00487
7.594
7.53873
7.93513
8.18338
7.76299
7.97709
8.24392
8.76737
8.52536
7.45661
7.43541
7.28754
7.14374
7.10942
6.83745
7.01722
7.10615
6.9262
7.22226
7.62627
7.44062
7.38762
7.45396
7.79871
8.13875
8.55496
8.4448
7.88406
7.85353
7.69791
7.60797
7.64077
7.77111
7.76182
7.9666
7.92132
8.1532
7.89545
8.23989
7.7616
7.81699
8.31614
8.09054
7.95564
8.27501
8.63883
7.92737
7.47767
7.27588
7.53129
7.36837
7.73567
7.97223
8.04639
8.09704
8.38415
8.42368
8.48847
8.27381
8.14678
8.0664
8.17802
8.04826
8.03266
8.04922
7.71404
7.84736
8.2952
8.96721
8.97043
8.47978
8.46331
8.9819
8.91779
8.91077
8.65201
8.51693
8.58535
7.99089
7.82814
7.62721
7.64321
7.83535
7.97186
7.59275
7.71749
7.8536
7.76336
7.82153
7.409
8.1745
8.50242
8.16471
8.26021
8.44387
7.45858
7.06899
6.79712
7.16783
7.46335
7.88377
7.93547
7.99008
8.05989
7.75936
7.69014
7.75656
7.60763
7.53901
7.62054
7.61212
7.58944
7.5183
7.60777
7.63599
7.67121
7.80828
7.47357
7.52139
7.54294
7.23787
7.02281
7.0009
6.92192
7.39223
7.76982
8.2167
8.01802
7.66479
7.46872
7.4542
7.3637
7.55492
7.16451
7.23044
7.4535
7.72671
7.36453
7.34047
7.58253
7.63906
7.61272
7.37331
7.47
7.60435
7.90848
7.56546
7.78946
7.68106
7.53754
7.31508
6.94937
7.05403
7.38659
7.83703
7.69834
7.44636
7.28024
7.04263
7.07232
7.79103
7.46828
6.94345
7.07344
6.84858
7.49467
7.36639
7.6
7.33963
6.93235
7.02943
6.96519
7.3085
7.34112
7.36296
6.9381
6.95288
7.21016
7.78003
7.83153
7.50928
7.75614
8.00933
7.95378
7.83199
7.46247
7.67353
7.8696
7.68688
7.68377
7.25389
7.63602
7.11709
7.41841
7.90298
7.75039
8.05656
7.90486
8.08826
8.19131
8.40026
8.57717
8.37873
8.54749
8.81594
8.8529
8.51096
8.03066
8.30406
8.38885
8.14553
8.18748
8.48344
7.94302
8.03422
8.15889
7.96035
8.19107
7.68241
8.00715
8.15581
8.76216
8.34657
8.1415
8.24247
8.01324
8.23212
8.17712
7.93008
8.17953
8.3051
8.54836
8.8335
8.63223
8.81986
8.43511
8.68417
8.36152
8.24021
7.9885
8.33328
8.36125
8.51127
8.31995
8.43445
8.45787
7.83809
8.41496
8.3007
8.09744
7.93905
7.44671
8.02688
8.41375
8.33503
8.31141
8.25121
8.07396
8.25108
8.0721
8.21613
8.03752
7.98327
7.92623
8.15058
8.34085
8.19274
7.80945
7.9318
8.24531
8.05963
8.12625
8.23053
8.08909
8.59731
7.87168
7.59789
7.62662
7.47062
7.85794
7.65756
7.17529
7.32136
7.51489
7.30025
7.38642
7.69698
7.72697
7.84511
7.92867
8.09672
8.04456
8.07192
7.87489
7.67512
7.81793
7.84799
8.2495
8.67273
8.51106
8.20317
8.11284
7.97948
8.10797
7.74304
7.63412
7.53709
7.42494
6.77215
6.86666
7.13245
7.42893
7.13857
7.1951
7.40821
7.47018
7.83238
7.13993
6.81857
7.10697
7.31563
7.62688
7.56688
7.30873
7.39357
7.36012
7.63411
7.59856
7.39079
7.29394
7.47021
7.64604
8.00528
7.85307
8.34384
8.21326
8.24031
8.54251
7.79839
7.95174
7.78683
7.86484
7.70861
8.03394
7.59406
7.63203
7.71801
7.6152
7.55176
7.69519
7.18016
7.51704
7.63244
7.5818
7.44318
7.30354
7.48684
7.2779
7.28104
7.17465
7.01297
7.11964
7.40941
7.19978
7.10841
7.08832
7.15949
7.31456
7.78134
7.74569
7.8041
7.73217
7.70914
7.51172
7.52012
7.60387
7.742
7.62712
8.03772
8.25272
7.79734
8.34198
8.45429
8.62025
8.26429
8.01656
7.51788
7.68045
7.63288
7.62975
7.52048
7.71304
7.47226
7.94222
8.14849
8.1962
8.2442
7.8425
7.51643
7.80698
7.8787
8.05642
8.11851
8.43033
8.71627
8.67752
7.86351
7.88402
8.03009
8.04748
7.84325
7.6017
7.88808
7.81229
7.99241
8.23124
7.81395
7.83272
7.9146
8.11867
8.24729
7.66249
7.50144
7.61439
8.16476
8.03739
7.9454
7.99342
8.07849
8.21113
8.30906
8.3265
8.15097
7.80458
7.82227
7.77194
7.65527
7.06852
6.90386
7.18318
7.2295
7.93778
8.27375
8.11109
8.03274
8.08582
8.00144
7.94078
8.2963
7.95926
7.84071
8.2899
8.39073
8.19656
8.03746
7.88194
7.80487
7.85864
7.79805
7.78985
7.92645
7.81194
8.2581
7.95574
7.91007
7.5312
7.97208
7.99022
8.10454
7.88147
8.19099
8.02182
7.9793
8.256
8.33825
8.21973
8.46353
8.37087
8.26107
8.30935
8.58165
8.70208
8.59408
8.34631
8.3127
8.49172
8.44913
8.18092
8.01478
7.9033
8.03412
7.81733
7.71404
7.70875
8.14497
8.03821
7.92484
8.08643
8.38907
7.81887
7.73347
7.68362
8.02779
8.04177
7.89581
7.48641
7.55551
7.92824
7.8169
8.12965
8.61621
8.71354
8.2987
8.17307
8.17806
7.95333
7.7058
7.34093
7.35526
7.11984
7.23532
7.20908
7.34657
7.56789
7.32195
7.21172
7.17748
7.3568
7.28613
7.36074
7.6708
7.39476
7.14812
7.13652
7.6499
7.84857
7.79188
8.15142
8.39573
8.27309
8.21724
8.09427
8.03062
8.29535
7.8963
7.68272
7.77763
7.77815
7.97341
7.51638
7.52322
7.43769
7.26038
7.57086
7.11677
7.35987
7.68622
7.49764
7.40508
7.2111
6.99964
6.96215
6.87695
7.08937
7.20534
7.56357
7.55533
7.47152
7.4001
7.60221
7.53773
6.99655
6.82153
6.84052
6.90133
6.94116
6.95179
6.88383
7.05279
6.81727
6.81998
6.87328
7.06703
7.75424
7.4975
7.28647
6.98921
6.80968
7.41457
7.23574
6.97809
6.86527
6.73325
6.53473
6.64732
7.23809
7.30705
7.23802
7.06926
7.25079
7.35812
7.59594
7.53302
7.4977
7.49086
7.1765
7.35313
7.52202
7.27207
7.05312
7.48901
7.50678
7.4857
7.80142
7.86941
7.43413
6.98947
6.81424
7.11254
7.57723
7.64565
7.67581
7.48058
8.04697
8.3856
8.23443
7.93207
7.91426
7.82421
8.01166
8.05141
7.82977
7.98251
8.14584
7.64251
7.90314
8.1272
7.89461
8.63864
8.38266
8.41471
8.1309
7.96987
7.86867
8.20408
7.91663
7.55417
8.05929
7.72939
7.74932
7.78804
7.80447
8.07267
8.31781
8.37756
8.15739
8.06713
7.94905
8.46096
8.43914
8.37466
8.37745
8.66097
8.84438
8.68475
8.70339
8.02523
7.89773
8.12848
7.6874
7.45898
7.5438
7.24097
7.28237
7.24844
7.64005
7.4124
7.23894
7.99523
7.75898
8.25263
8.47642
8.69498
8.68661
8.4232
7.92096
8.36612
7.7898
8.02504
8.09425
7.79731
7.67494
7.56968
8.04467
7.94489
7.93996
7.52779
7.25674
6.89155
6.95098
7.33919
7.51717
7.23188
7.49641
7.65334
8.2331
7.5673
7.58747
7.37407
8.02168
8.08089
8.32768
8.36581
8.19446
7.88072
7.78446
8.24812
8.19317
8.11084
8.58971
8.38825
8.24877
8.52257
8.44931
8.34424
8.03901
7.90996
7.70976
7.86965
7.52588
7.50189
7.68119
7.86258
7.95896
8.17084
7.85021
7.55951
7.72696
7.58968
8.00945
7.30441
7.4476
7.62855
7.61801
7.64897
7.35183
7.91328
8.13978
7.94611
7.5626
7.81203
7.89542
7.89516
8.03237
7.76313
7.60687
8.04335
8.08916
7.9987
8.46302
8.56422
8.25977
8.02941
7.85446
7.59362
7.68863
8.04075
8.13538
7.99027
7.94029
7.76464
7.5801
7.65395
7.38971
7.97864
7.09757
7.08633
7.06257
7.32444
7.37195
7.60569
7.06916
6.94033
7.03973
7.35186
7.54234
7.08709
7.2085
7.25416
7.84286
7.7294
7.74321
7.52396
7.86147
8.25721
8.31446
8.56881
8.37085
8.32065
7.9422
8.20327
8.19118
8.19328
8.28913
8.3936
8.44892
8.04439
7.82135
7.48776
7.59515
7.87142
7.53485
7.60587
7.60858
7.66106
6.89942
6.87671
7.39224
7.65667
7.91394
7.50355
7.83599
7.98026
7.82707
8.09606
8.20023
7.91759
8.11374
8.04082
7.47075
7.97888
8.44053
8.32274
8.56038
8.42031
7.9882
7.95692
7.99825
8.29044
8.39044
8.18306
8.25314
8.22802
8.10389
8.12492
7.88802
8.04984
8.11241
8.06117
7.87663
8.31306
7.98456
7.94951
7.61143
7.45756
7.27988
7.30468
7.01941
7.26504
7.378
7.3318
7.64343
7.54742
7.68157
7.8305
7.79319
7.57381
7.71743
8.24475
8.31416
8.43628
8.21762
8.447
8.48847
8.15184
8.19882
7.85916
8.09113
8.3094
8.73437
7.93764
7.86061
7.82057
8.12123
7.91308
8.02129
7.91737
7.92166
7.85454
7.98117
8.13081
8.16711
8.16458
7.96567
7.98063
8.02198
7.95433
8.12369
7.76617
7.76555
7.87386
7.68736
7.64662
7.42744
7.89587
7.95251
8.03965
8.32638
8.51404
8.56676
8.10759
8.36328
8.50163
7.93505
7.77736
7.43654
7.54084
7.58902
8.0359
8.16714
8.21443
8.42663
8.43044
8.21979
7.95387
7.51924
7.56143
7.57636
8.16458
8.3315
8.29064
8.34887
8.59706
8.3728
8.33402
8.0555
8.01058
8.31181
8.76246
8.58254
8.92617
8.49912
7.87897
7.89678
7.58729
7.56268
7.50416
7.90145
8.09059
8.18829
8.31977
8.48694
7.94929
7.86832
7.78524
7.87299
7.7428
7.03639
7.37161
7.49108
7.87521
8.11481
8.48708
7.95102
7.68447
7.5631
7.42577
6.84748
7.00047
6.88191
6.91174
6.92799
6.9654
6.9392
7.14144
7.09507
6.89628
7.12266
7.60413
7.32725
7.38379
7.97003
7.70222
7.38333
7.27112
7.23376
7.06823
7.39517
7.23941
7.6373
7.29186
7.28548
7.46002
7.33987
7.18582
7.00371
6.86785
7.19168
7.40483
7.68815
7.59264
7.30235
7.3308
7.44772
7.61883
7.33713
7.27737
7.60647
7.27062
6.98886
7.05397
7.02853
6.86346
7.18604
6.8826
7.18324
6.91674
6.95815
7.46798
7.57189
7.48515
7.44931
7.16397
7.25749
7.46065
7.72631
7.40884
7.48665
7.46316
7.4018
7.50078
7.50568
7.56223
7.57822
7.64132
7.41047
7.79566
8.27072
8.00295
8.13337
8.19009
7.83093
7.61021
7.55594
8.09632
8.45068
8.26747
7.75574
7.57954
7.91207
8.00896
7.9569
8.22712
7.84848
7.6288
8.0714
8.09095
7.88085
8.16225
7.9342
8.18232
8.41596
8.21057
8.7293
8.52679
8.02228
8.76031
8.94867
8.58145
8.33711
7.79153
7.50081
7.76035
7.56032
7.51482
7.16352
7.09326
7.2106
7.55287
7.9105
7.54582
7.6125
7.84759
8.12846
8.15242
7.92475
7.75794
7.6366
7.78481
7.50535
7.3705
6.98561
6.97647
7.05167
7.2015
7.20397
7.47846
7.46983
7.32492
7.29528
7.53163
7.35814
7.548
7.8223
7.71621
7.45402
7.49833
7.37999
7.22976
7.22909
7.43953
7.00205
7.52373
8.04525
8.08489
7.55395
7.69143
7.73271
7.69527
7.38319
7.51118
7.85255
7.60387
7.7498
7.47943
7.91285
8.0534
7.80349
7.49782
7.12153
6.89685
7.1896
7.2278
7.67834
7.86426
8.04147
7.94687
8.25665
8.3744
8.79492
8.24514
7.74876
7.53502
7.86769
8.15073
7.84191
8.07281
8.16093
7.66259
7.97391
7.97909
7.97758
7.75356
7.85497
7.7929
7.60943
8.05027
8.23388
8.06421
8.37282
8.24759
8.36112
8.43399
8.37199
8.61496
8.79791
8.30522
8.00919
8.54642
8.51756
7.51796
7.53118
7.94884
8.14713
7.51241
8.00259
7.8832
7.74245
7.66461
7.31737
7.16133
7.35892
7.00372
7.12197
6.9093
7.18233
7.58222
7.57763
7.99684
8.02713
8.10939
7.68638
7.86814
8.16078
8.51737
8.41505
8.32965
8.20158
8.10201
8.36186
7.98849
8.01706
8.21894
8.20811
8.57353
8.88051
8.74984
8.57816
8.30429
8.53052
8.45953
8.72063
8.74667
8.59647
8.43242
8.59292
8.48873
8.75315
8.22617
8.60141
8.54555
8.49202
8.6321
8.42778
8.51759
8.42308
9.10836
9.19991
8.85662
8.28183
8.0234
8.19157
8.3812
8.09575
8.42654
8.79354
8.73793
8.29991
7.97922
8.40326
8.14167
8.05005
8.38023
8.495
8.40413
7.98058
7.73558
8.01049
7.85456
7.85334
7.68434
7.69943
7.53683
7.20957
7.5718
7.73972
8.10883
8.25121
7.88356
8.19949
8.14687
8.12237
8.01028
7.8802
7.41172
7.48297
7.42501
7.83164
7.98002
8.11315
8.21517
8.0878
8.25706
8.68217
8.95283
9.00667
8.97992
8.66361
8.75378
8.50525
8.54207
8.38191
8.31979
7.88096
7.70432
7.6814
7.94513
7.85008
7.70755
7.6258
7.79424
7.56262
7.67805
7.49433
7.65081
7.36532
7.52352
7.5884
8.0023
8.39779
8.42296
8.70124
8.50739
8.54992
8.43317
7.97461
8.03888
8.06377
7.52399
7.80607
7.59617
7.58666
7.72005
8.02941
8.32982
8.73712
8.83577
9.314
9.22089
9.39386
9.73114
9.56124
9.63842
9.06868
8.9593
8.74622
8.35709
8.37818
8.14826
8.06888
7.95177
8.13666
8.03273
8.25536
8.16071
8.3697
8.18862
8.2785
8.32288
8.34406
8.32569
8.31864
8.41237
8.86735
8.21748
8.30372
8.16007
8.20563
8.7254
8.64227
8.66952
8.8019
9.04574
8.96278
8.84922
8.65337
8.45879
8.57151
8.74153
8.5485
8.30246
7.94017
7.54746
7.67989
7.68182
7.78817
8.26193
8.53333
8.76305
8.5595
8.47647
8.22082
8.00036
8.30193
8.18498
8.30888
8.18191
8.825
8.60632
8.70031
8.38458
8.33847
8.14653
8.57946
8.5237
8.52788
8.55875
8.54182
8.42031
8.31113
8.72222
8.30707
8.85461
8.88013
8.50166
8.28961
8.24175
8.47678
8.35514
8.36926
8.17993
8.46513
8.06651
8.02301
7.68693
7.8792
7.36824
7.70048
7.68696
7.67039
8.27395
8.09848
7.88022
8.20574
8.3424
7.86296
8.17074
7.84745
8.03089
8.25386
7.6808
7.20083
7.28528
6.86887
7.47465
7.73205
8.11649
8.08941
7.6608
7.55558
7.26554
7.53339
7.45277
7.54484
7.7323
7.66698
7.89161
7.73998
7.68135
7.77563
7.51317
7.68032
7.98304
8.24317
8.56066
8.33341
8.08191
8.21691
7.96117
7.74346
7.67729
7.62807
7.40214
7.71579
7.97933
7.49818
7.68475
7.75232
7.67519
7.97796
8.00522
7.84361
7.68176
7.65967
7.58838
7.32612
7.6306
7.75933
7.58468
7.5852
7.60016
7.52426
7.8431
7.8674
8.11872
8.256
8.44898
8.35497
8.29033
8.06766
8.14183
8.37602
7.84633
7.51156
8.05313
7.802
7.66552
7.33623
7.96827
7.83234
7.85164
7.83562
8.39205
8.31178
8.06419
7.85501
7.72653
8.05659
8.364
8.39038
8.25532
7.85248
7.56214
7.34362
7.82647
8.16038
7.95962
8.1264
8.30751
8.07842
7.94536
8.33034
7.92627
7.99842
7.82889
7.67873
7.62118
7.67286
7.88154
8.0939
8.4395
8.37291
7.89109
7.73087
7.57091
7.5643
7.57591
7.9505
7.80081
7.86363
8.20659
7.84378
8.00633
7.94283
7.87585
7.81166
7.94388
7.87489
8.54487
7.78508
7.76437
7.99738
8.07696
7.91003
7.73587
8.15479
8.12875
7.38049
7.74978
7.65952
8.07924
8.26536
7.93666
8.14644
7.48548
7.13659
7.24485
7.81264
7.9413
8.17957
7.65703
8.02281
7.78587
7.59842
7.77468
7.68626
7.50207
7.83906
7.78196
7.77899
7.30655
7.4717
7.79065
7.92296
7.25667
7.12663
7.08091
6.61963
6.78966
6.98424
7.50553
7.19327
7.16088
7.10835
7.53596
7.95919
8.16924
8.00371
7.83765
7.83277
8.07209
8.2724
8.01856
8.10913
8.09238
8.2164
8.15558
8.02976
7.88409
7.7547
7.41715
7.61372
7.51166
7.67901
7.95777
7.11656
7.37764
7.46569
7.51392
7.58881
7.58086
7.32124
7.02103
6.6895
6.77419
7.13401
7.42713
7.26042
7.23929
7.68063
7.3748
7.2298
7.54926
7.38058
7.38964
7.53069
7.92387
7.37937
7.60273
7.57167
7.7441
8.09296
7.50701
7.72125
7.66358
7.6095
7.83764
7.69268
7.989
8.00521
7.8221
7.62971
7.70674
7.94382
8.31417
8.55894
8.57586
8.27729
8.68272
8.67527
8.62964
8.56924
8.53796
8.01776
8.34479
8.48984
8.10333
7.97953
8.0768
7.61854
7.61033
7.24197
7.36729
7.08923
6.57136
6.74623
7.20824
7.27922
7.39659
7.53809
7.70624
7.80673
8.1928
8.03579
7.76734
7.91884
7.77747
8.23061
8.26175
7.87085
7.70531
8.08733
7.64959
7.68293
8.13498
8.16463
7.99669
7.71059
7.64783
7.5655
7.42475
7.53241
7.14807
7.28502
7.33519
7.27477
6.93542
7.21215
7.41477
7.04424
7.18248
7.41648
7.16926
7.34189
7.0377
7.28617
7.41942
7.58811
7.59534
7.43336
7.64861
7.80399
7.63443
8.18762
7.5805
7.90653
7.72181
7.6474
7.45442
7.30393
7.37382
7.41342
7.47926
7.07947
6.70671
7.12723
7.29991
7.30298
7.51664
7.14243
7.04966
7.21143
6.89493
7.19709
7.12134
7.12737
6.94835
7.13873
7.49531
7.75217
7.37591
7.08367
7.14119
6.9033
7.01718
7.49231
7.42797
7.26897
7.51499
7.6022
7.50027
7.45295
7.70393
8.06389
8.19747
8.22439
8.02408
8.1109
8.34103
8.15902
8.31297
8.52517
8.30497
8.13375
8.50203
8.52805
7.75134
7.5069
7.64906
7.2926
7.10029
7.79455
7.58817
7.15397
7.53697
7.38607
7.72122
7.84082
8.37077
8.19018
7.96029
7.72126
7.60348
7.41764
7.38048
7.42783
7.55302
7.22876
7.10478
6.94958
7.36841
7.92082
7.13176
7.09806
6.79403
6.87801
7.0214
7.17652
7.36879
7.42175
6.99193
7.05594
7.55738
7.31209
7.90625
7.49248
7.5777
7.62199
7.20472
7.3237
7.17317
7.17576
7.21041
7.19296
7.34338
7.45937
7.629
7.92748
6.91256
7.2199
7.26275
6.958
7.2184
7.16481
7.24754
7.15978
6.84592
7.53111
7.91549
7.59179
7.72065
8.05115
8.13033
8.24462
7.97716
8.40792
7.91269
7.91997
7.59208
7.39413
7.68213
8.10812
8.18646
8.23215
8.28214
8.41518
8.06418
7.96141
8.12934
7.79486
7.92439
8.27119
8.0609
8.64212
8.27295
7.92087
7.79162
7.95282
8.08968
8.22707
8.02513
7.38541
7.14164
7.34611
7.63667
8.0854
7.8854
7.59727
7.58157
7.76742
7.78589
7.74059
8.25511
8.01458
7.71478
7.17524
6.82041
6.96978
7.55572
7.02121
7.50069
7.47602
7.59024
7.14677
7.0666
7.23512
7.16749
7.21129
7.80045
7.78246
7.62775
7.42863
7.65077
7.83064
7.96183
7.87142
7.61482
7.58837
7.40281
7.27241
7.26722
7.45393
7.41635
7.51855
7.1161
7.24078
7.29921
7.51672
7.26901
7.55606
7.61371
7.76322
7.57804
7.36867
7.8089
7.3203
6.95416
7.08822
7.43287
7.7655
7.80807
7.76086
8.47419
8.22976
8.48925
8.48222
8.22794
7.93826
7.9747
7.70236
7.65239
7.75394
8.28285
8.09946
7.92659
7.84373
7.7025
7.7653
7.64918
7.85803
7.84722
7.75635
7.98281
8.00768
7.86835
7.82104
8.09831
8.27413
7.95868
7.77614
7.7878
7.74365
8.04235
7.99433
8.15792
8.23376
8.16548
8.4379
7.99758
7.95735
7.63622
7.86359
8.03693
8.03729
8.25352
7.78078
8.26289
8.16755
8.2425
8.03656
8.29071
8.11249
7.98433
8.01719
8.17402
8.05694
8.17073
8.30425
8.08687
8.33809
8.51778
9.16972
8.88564
8.42466
9.17249
8.88992
8.98599
8.92595
8.92154
8.3891
8.01724
8.19623
7.5728
8.00301
7.49784
7.56777
7.7068
7.9134
8.02078
8.46153
8.65215
8.72581
8.79443
8.37695
7.91449
7.50126
7.18251
7.50554
7.64596
7.6634
8.07965
7.82802
7.81562
7.79212
8.0237
7.71353
7.75808
7.9414
7.6747
7.97799
8.1676
7.7367
7.65778
7.80908
7.68965
7.37932
7.3561
7.76873
7.58767
7.31761
7.27892
7.40336
7.05499
7.58124
7.60198
7.97378
7.59371
8.2059
7.7198
7.93316
7.85272
8.19835
8.04161
8.23069
8.13525
7.78184
7.91219
7.9809
8.00804
8.17911
7.91376
7.89199
8.00253
7.78088
7.95459
7.96887
8.05277
7.85016
8.04392
8.02427
7.96026
7.69255
7.98542
8.27766
8.3298
7.71203
7.50983
7.6727
7.86402
7.90377
8.24311
8.27065
8.30878
8.64407
8.39759
8.09446
7.78645
7.62736
7.50122
8.26034
8.08837
8.32291
8.44964
8.93934
8.86201
8.51336
8.35786
8.16119
7.77951
7.78374
8.15918
8.05496
8.05205
7.85551
7.60602
7.72894
7.57645
7.90035
7.96525
7.51135
7.84404
7.77217
7.56754
7.41548
7.88272
7.839
7.63927
7.69256
7.32612
7.35684
7.6314
7.51629
7.82868
7.89903
7.81336
7.57522
7.50825
7.6377
7.56843
8.08136
7.86836
7.46065
7.88299
7.90504
7.62927
7.75924
7.60302
7.43224
7.35097
7.05747
7.21644
6.83137
6.965
6.94595
7.09694
7.00286
6.64062
6.83577
7.16351
7.53098
7.38496
7.41623
7.65464
8.12451
7.98265
8.08973
7.29706
7.54816
7.59198
7.46286
7.49067
7.34253
7.44554
7.81112
7.23973
7.45856
7.13452
7.09203
7.63546
7.21132
7.22444
7.71481
7.56622
8.10369
8.01063
8.46871
8.34127
8.13599
8.45
8.45246
8.85895
8.76775
8.30197
7.94018
7.96594
7.87017
8.07691
7.83603
7.78382
7.77313
7.67312
7.60578
8.36379
8.06786
7.59221
7.58252
7.91449
7.71442
7.65797
7.74079
7.81908
8.38206
7.96361
8.23461
8.25169
7.94937
8.23997
8.37287
8.70261
8.56298
8.33522
8.1233
8.05682
7.93147
7.55694
8.20921
8.32267
8.28164
8.5693
8.35364
8.69992
9.02439
8.90617
8.89558
8.94779
8.62197
9.10395
9.21756
8.61505
8.77031
8.4849
8.36674
8.33825
8.45014
8.15818
7.62781
8.00054
8.54357
8.34791
8.51748
8.47531
8.93787
8.93204
8.90999
8.31204
8.19935
7.91292
7.93612
8.09017
7.5383
7.78558
7.42031
7.58225
7.85213
7.62143
7.44272
7.48395
7.78768
7.48579
7.29117
6.87964
7.11235
7.57236
8.17193
8.19788
8.22472
7.84573
7.37916
7.23975
7.57954
7.31548
7.24469
7.72782
7.61134
7.60926
7.84737
7.71706
7.61715
7.35508
7.32745
7.56016
7.79986
7.83652
8.05339
8.12121
7.72218
7.80913
7.94915
7.95778
7.46755
7.15466
7.33751
7.27401
7.7214
7.61747
7.68754
7.13764
6.93192
6.74637
7.22883
7.20607
7.49671
7.72391
8.26191
8.4567
8.24864
8.19688
7.93826
7.60489
7.95739
8.18402
7.93276
7.64698
8.50541
8.87499
8.62219
8.37733
8.38263
8.17994
8.55419
8.81438
8.71207
8.28325
8.46358
8.49187
8.71525
9.05008
9.17096
9.36061
9.3824
9.42658
9.06732
9.06555
8.9732
9.08044
8.31002
8.39264
8.38293
8.59404
8.39568
8.43306
8.253
8.18951
7.8573
8.13347
7.83744
7.73771
7.91406
7.47734
7.49841
7.80521
7.68495
7.72316
8.08004
7.80098
7.81486
7.88993
7.50661
7.30641
7.18519
7.27586
7.13395
7.74152
7.91968
8.2116
8.33291
8.49897
8.24354
7.95825
7.98662
7.85471
8.20346
8.20096
8.33566
8.31121
8.62871
8.92036
8.67815
8.35505
8.22452
8.73525
8.59591
8.72744
8.99212
8.78631
8.56052
8.50623
8.37181
8.72768
8.64232
8.22886
8.49777
8.46986
8.1357
8.10287
7.93278
8.02535
7.59347
8.05886
7.97051
7.5853
7.68179
7.66292
7.34556
7.16609
7.51976
7.61523
7.60558
7.51733
7.49073
7.62109
7.73482
7.51496
7.32354
7.33352
7.57082
7.49125
7.40427
7.72115
7.58999
7.84423
7.4788
7.15601
7.39584
6.93059
6.8873
6.98529
7.36475
7.51865
7.13432
7.20513
7.40587
7.48132
7.43368
7.27455
7.64593
7.93299
7.75277
7.5852
7.79467
7.2416
7.45585
7.58922
7.40181
7.50931
8.02011
7.95259
7.95636
7.72468
8.04045
8.0452
7.74367
7.94105
7.78516
7.78835
8.03157
7.95017
7.96207
8.72254
8.69938
8.51906
8.40656
8.81121
8.46313
8.11206
7.95943
8.02762
7.59623
7.63516
7.55268
7.75127
7.88774
7.88583
8.01324
7.70298
7.74806
8.01195
7.63773
7.65858
7.72285
8.12485
8.07875
8.64633
8.23391
8.00575
8.1172
7.97186
8.36256
8.00913
8.24697
8.1535
8.08285
8.14672
8.68608
8.6707
8.68891
8.51136
8.90475
8.60558
8.90807
8.40256
8.79302
9.06002
8.79838
8.82343
8.6497
8.81532
8.59064
8.17423
7.8622
7.86134
7.70952
8.15029
7.95598
8.03761
8.40493
8.54957
8.58357
8.63144
8.62902
8.22461
7.89593
8.08996
7.58942
7.73269
7.49681
7.24483
7.09861
7.52711
8.12406
8.1339
8.28963
8.74727
8.9595
8.97517
8.47386
8.39246
8.15829
7.90955
7.81437
7.80252
7.80848
7.89015
8.1679
8.2165
8.92611
8.77788
8.80029
8.75519
8.34646
8.34959
8.28929
7.99407
8.12771
8.00952
7.98547
8.39892
8.56011
8.58227
8.86782
8.58899
8.16625
7.82015
7.53506
7.38115
7.16714
7.30815
7.48867
7.54366
7.26649
6.98016
6.94618
7.0438
7.07443
7.22593
7.40885
7.33907
7.5352
7.69778
7.81948
7.80623
7.56847
7.81444
8.20275
8.41701
8.3358
8.26122
8.26869
8.1478
8.37012
8.352
8.2623
8.27376
7.8305
7.76424
7.78735
7.59038
7.69762
7.60141
7.95837
7.80313
7.59216
7.54072
7.41198
7.62863
7.85769
7.63187
7.35395
7.01297
7.36177
7.65117
7.72185
7.6016
7.7994
7.76062
7.70962
7.46393
7.26977
7.3589
8.20262
7.68967
7.41065
7.42961
7.64926
7.81047
7.70445
7.70433
7.75302
7.63908
7.92149
7.65061
6.88191
6.78676
7.39404
7.52968
7.33038
7.48352
7.42605
7.65047
7.4077
7.66388
7.36055
7.50834
7.3995
7.52587
7.23222
7.20231
7.19119
7.08741
6.91288
6.79494
6.96368
6.63078
7.05332
7.10656
7.0125
6.63283
6.99878
7.04088
7.3629
7.55435
7.63279
7.9004
8.26809
7.76872
7.49739
7.53789
7.29426
7.41279
7.69249
7.8178
8.15949
8.51537
8.51879
8.47194
8.47556
8.06381
7.90456
7.60841
7.83261
7.59359
7.4483
7.47662
7.72517
7.81882
7.72192
7.55303
7.77553
7.7642
7.58531
7.36915
7.63371
7.6829
7.70833
7.44552
7.81311
7.58543
7.55606
7.28315
7.59413
8.05741
7.66508
7.66219
7.41654
7.47929
8.06708
8.15012
8.36426
8.52144
8.09457
8.41458
8.0872
8.00909
8.20256
8.01594
7.95247
8.16708
8.36615
8.53691
8.43315
8.48747
8.6267
8.26458
8.39597
8.44417
8.17578
8.38958
8.44659
8.61233
8.56855
8.50374
8.5341
8.64909
8.9215
8.57228
8.36251
8.50649
8.58173
8.49111
8.54765
8.69386
8.52387
8.55396
8.92212
8.87368
8.09763
7.87882
7.80717
8.03271
7.86451
8.01385
7.86214
7.66358
7.95193
7.92648
8.10084
7.84473
7.96703
8.04142
7.50019
7.87862
8.0564
7.56375
7.60435
7.444
7.49867
7.78343
7.87769
7.85462
8.15604
7.58358
7.75704
7.72026
7.92243
8.08688
7.52411
7.08566
7.42727
7.71072
7.69779
7.63828
7.35768
7.21583
7.49917
7.02704
6.91008
6.86305
7.11549
6.80869
6.6924
7.17118
7.30587
7.77635
7.50247
7.66012
7.44867
7.37704
7.83863
7.1126
6.9377
6.8362
7.03506
6.98989
6.89658
6.97252
7.27827
7.48428
7.62459
7.37558
7.12251
7.19869
7.18584
7.35705
7.50183
7.67517
7.99697
8.08101
8.02901
8.22935
7.73309
7.46378
7.6428
7.8036
7.8592
7.99066
7.86357
7.59587
8.00105
7.77228
7.47667
7.35589
7.53221
7.55173
7.78902
7.99782
7.64437
7.93251
7.62673
7.87532
8.68463
8.63962
8.54827
8.69938
9.28313
9.0829
8.8583
8.35625
8.44864
8.71366
8.64055
8.38615
8.30702
7.96478
8.3367
8.12206
8.06395
7.77512
7.59553
7.34751
7.72536
7.62862
7.864
8.06804
7.98421
7.54273
7.6358
8.47598
8.44808
8.63429
8.30258
8.41262
8.2557
7.9732
7.93278
7.95039
7.63239
7.37887
7.30506
7.67592
7.75414
7.50021
7.62642
8.03462
7.54134
7.73676
7.66871
7.7898
7.91749
8.39912
7.75784
7.26251
7.50099
7.73917
7.22113
7.36686
7.44344
7.66562
7.5346
7.54715
7.99045
8.02513
8.00098
8.31386
8.37985
8.42525
8.17533
8.38928
8.46884
8.27485
8.49314
8.40202
8.46955
8.34906
8.37535
8.16524
7.64978
7.51612
7.60724
7.91086
7.66701
7.71157
8.20403
7.50036
7.83884
7.61546
7.52638
7.77228
7.55551
7.44789
7.93257
7.5709
7.38639
7.50588
7.22234
6.8139
7.03856
6.92522
6.97956
6.8358
6.57371
6.54951
6.81628
7.07936
7.56563
7.53362
7.58014
7.48518
7.24852
7.07936
7.53765
7.84925
8.2779
8.02903
8.03129
7.77367
7.54789
7.24558
7.20091
7.21378
7.32636
7.3101
7.06867
7.53796
7.17544
7.34076
7.39656
7.1122
6.84126
7.13887
7.73099
7.38904
7.3147
7.05659
7.05351
7.67841
7.31313
6.68507
6.52823
7.0307
6.90568
7.41029
7.66862
7.70514
7.56522
8.05679
8.33627
7.90671
7.99638
7.76888
8.10458
7.91247
7.90155
8.21259
8.17014
8.14882
8.06243
8.00169
8.05489
8.08612
7.81692
7.91099
8.01586
8.01655
8.23893
7.95357
7.94983
7.93414
8.20064
8.3583
8.4891
8.38153
8.3319
8.51998
8.73995
8.84728
8.35759
8.22143
7.8769
7.99773
8.22072
8.08418
8.21492
7.64658
7.75448
7.30871
7.68441
7.06363
7.22717
6.77293
7.38544
7.20778
7.43409
7.67761
7.99734
7.72047
7.68892
7.63787
8.02533
7.96222
7.79599
7.33288
7.59218
8.2541
8.07702
7.82868
7.28629
7.16276
7.51559
7.33038
7.49397
7.44987
7.64035
7.95655
8.06835
7.98617
7.81276
7.98401
8.22694
7.78911
8.04625
7.66235
7.51156
7.47031
6.87714
6.8188
7.28504
7.10238
7.15082
6.74011
6.79287
7.22123
7.58239
7.81251
8.2923
8.18371
8.53017
8.72184
8.32466
8.39573
8.40001
8.20641
8.35598
8.3969
8.44743
8.64247
8.59249
8.41169
8.50661
8.66689
8.26333
8.03608
7.62207
7.96594
7.74065
7.92478
7.89036
8.51371
8.45904
7.83563
7.7193
7.66016
7.22845
7.06014
7.09624
7.16796
7.40479
7.30485
7.09862
7.28444
7.14952
7.53523
7.58898
7.44571
7.15524
7.46594
7.19738
6.75697
7.25592
7.23605
7.59457
7.00164
6.95416
7.08737
7.078
6.90291
7.03061
6.89905
7.27576
7.2865
7.30223
7.44337
7.31561
7.1058
7.58416
7.56937
7.37674
7.49483
7.78538
7.60028
7.44505
7.62423
7.74406
7.9328
7.98305
7.81584
7.74358
8.07672
8.37261
8.80261
8.25421
7.94897
8.08095
7.84029
8.06347
7.69248
7.88179
8.45547
8.3431
7.66639
7.49291
7.75517
7.35097
7.74957
7.77781
7.87736
7.59563
7.62858
7.46409
7.55254
7.6353
7.61844
7.24729
7.57865
7.37403
7.30059
7.20618
7.25562
7.41695
7.70653
7.67729
7.66107
7.96484
7.97906
7.59273
7.53457
7.09446
7.24989
6.99292
7.02781
6.8987
7.58959
7.67493
7.29542
6.6018
7.31739
7.65773
7.3388
7.49064
7.40236
7.51819
7.75662
7.76525
6.95492
7.03082
7.22603
7.16079
7.0998
6.77487
6.46219
6.45668
6.08442
6.15665
6.23634
6.37033
6.47511
6.46138
6.97543
7.39515
7.52177
7.5747
7.53622
7.27545
7.81999
7.45262
7.54414
7.85163
8.43211
8.30683
8.50819
7.89968
7.77066
7.72876
7.65621
7.65725
7.65095
7.70986
7.49709
7.48915
7.30566
7.29694
7.39847
7.38424
7.86671
8.19757
8.0626
8.13347
8.77245
8.32309
8.7556
8.65991
8.75536
9.28313
9.1157
9.02888
8.94378
8.9334
9.32447
8.71063
8.45793
7.77731
7.58038
7.31264
7.72866
7.91208
7.71667
7.71904
8.0733
8.03528
8.25148
7.88393
7.4335
7.82876
7.91732
7.85339
7.84854
7.8935
7.73898
7.70128
7.57814
7.50238
7.53554
7.18303
7.34731
7.10096
7.59144
8.07787
7.78753
7.3557
7.89979
7.50416
7.2169
7.59693
7.51506
7.68762
7.91447
7.90834
7.66054
7.91577
7.5062
7.43166
7.43167
7.45821
8.00497
8.22696
8.21135
7.8653
7.82158
7.80342
7.33125
7.28746
7.53558
7.82402
7.87621
8.51384
8.00204
8.20828
8.00838
7.92351
8.11271
7.94965
8.28585
8.58409
8.61741
8.34182
8.13774
8.20162
8.79095
8.41112
8.44067
7.87147
7.90199
8.08717
7.65896
7.95383
8.34413
8.38899
8.46786
8.41932
8.6249
8.21284
7.96878
8.14875
7.98891
8.27351
8.40287
8.02983
7.59913
7.40849
7.14825
7.19232
7.11216
7.27522
7.49604
7.67665
7.56345
7.81294
7.8085
7.73657
7.7639
7.3303
6.87423
6.89942
7.14387
6.9169
6.96808
7.10511
7.07768
7.48756
7.24187
7.25213
7.36928
7.35983
7.89567
8.18663
7.96827
8.12708
8.13839
8.19982
8.17357
8.1961
8.30208
8.00833
8.18004
8.14135
7.93206
7.7339
7.91706
7.8127
8.09742
8.14891
8.13414
8.48948
8.32916
8.29058
8.29958
8.17652
7.87037
8.05393
7.59105
7.14771
7.41613
7.44705
7.36208
7.30097
7.16678
7.2027
7.29574
7.13578
7.45261
7.1436
6.67193
6.82291
6.99323
7.20319
7.59157
7.59875
7.75927
7.49162
7.4803
7.68335
7.60297
8.0218
7.99134
8.07406
8.37075
8.35887
8.56773
8.44139
9.15645
8.84475
8.77926
8.51868
8.28347
8.17505
8.30542
8.24957
8.11681
7.83018
8.09899
8.14289
7.86997
8.138
7.95903
8.00775
7.90067
7.9778
8.31474
8.21058
7.71515
7.43358
7.62157
7.7289
8.23245
8.35853
8.40143
8.7924
8.35898
8.26969
8.26287
8.27839
7.76533
7.39043
7.17343
7.94258
7.83003
7.96022
7.476
7.67625
7.9021
8.23784
7.92556
7.73415
8.1524
8.26843
8.26439
8.58116
8.30481
8.31029
8.27789
8.49307
8.57558
8.32744
8.22636
7.6218
7.01835
7.19365
7.32635
7.51618
7.88545
8.15911
8.2836
8.46727
8.79268
8.34329
8.44155
9.14528
9.03636
8.97689
8.96667
8.63294
8.05185
8.41071
8.30351
8.22242
8.82306
8.3626
7.96993
8.5218
8.21629
8.08692
8.2955
8.47018
8.3731
8.55985
8.58688
8.22639
8.28114
8.4374
8.73136
8.80069
8.7844
8.59841
8.32852
7.5947
7.61353
7.31581
7.72789
7.47186
7.35204
7.07392
7.10384
7.12035
7.63267
7.98073
7.68023
7.38988
7.21184
7.70657
8.29574
8.39907
7.74708
7.84865
8.2191
8.32678
8.09777
8.34335
8.08963
8.03782
8.23424
7.98979
8.40929
8.84747
8.57627
8.93657
8.98784
8.78233
8.75943
8.55443
8.53239
8.50448
8.43059
8.40461
8.4406
8.3673
8.20068
8.30588
7.63744
7.71358
8.26667
8.57999
8.02398
7.92693
7.99387
7.96369
7.93887
7.96694
7.76713
7.77549
7.83521
7.9486
8.05552
8.01408
8.16898
7.70046
7.41214
7.76256
7.64279
7.89148
7.87302
8.15576
7.99217
7.93307
8.21496
8.39531
8.25511
8.72732
8.78984
8.50031
8.98475
8.60198
8.44304
8.60396
8.72498
8.95256
9.05285
8.84862
8.26478
8.45115
8.27797
7.94479
7.96984
7.58958
7.93907
7.88708
7.73005
7.67481
7.89462
8.07562
8.40955
7.69948
7.78195
8.19366
8.26851
8.08681
7.60476
7.73016
8.01826
7.85601
7.74257
7.77195
7.82761
7.28242
7.34173
7.27956
7.88179
7.89814
7.7257
8.08634
8.11329
7.73066
7.87145
7.7071
7.69924
7.71051
7.63043
7.69139
8.04027
7.64816
7.61302
7.88159
7.80392
7.68629
7.47654
7.50121
7.2407
7.86831
8.26518
7.94639
8.15795
8.23835
8.2397
8.47754
8.40076
8.38882
8.1945
8.12358
8.38718
8.51003
8.43547
8.65396
8.66558
8.56184
8.26164
8.2125
8.42289
8.08523
8.56281
8.57789
8.97475
8.68127
8.89291
8.13365
9.07831
8.9739
8.26259
8.05392
8.0534
7.88679
7.74763
7.7504
7.7838
7.68539
7.70173
7.52249
7.75948
7.92894
7.75675
7.53902
7.58664
7.63059
7.86419
7.54369
7.28735
6.45189
6.52537
7.31162
7.3363
7.46636
6.98327
7.26149
7.02503
7.25467
7.36035
7.67008
7.63458
7.69142
8.05764
7.81071
7.38931
7.97559
8.19249
8.28779
8.22226
7.73178
7.45167
7.42494
7.19201
7.24406
6.91287
7.30131
7.52654
7.58955
7.72316
7.3476
7.2609
7.61252
7.57725
7.70062
7.78418
7.90649
7.75628
7.70295
7.59221
7.75463
7.52986
7.77474
8.18718
8.19167
8.40371
8.93067
8.52152
8.56888
8.27921
8.0257
7.74401
8.27692
8.4514
8.24695
7.86649
7.65969
7.65806
7.82195
7.97417
8.09933
7.91138
8.37107
7.96
8.0484
7.81679
7.78829
7.94555
8.05323
8.01277
7.6207
7.70343
7.97715
7.6594
7.62447
7.89829
8.01675
8.32815
8.25337
7.7688
7.59509
7.42521
7.24144
7.33004
7.70902
8.12951
8.5519
8.69629
9.00025
9.09231
8.68911
8.43282
8.59345
8.86457
8.05828
7.88984
7.81123
7.75858
7.43794
7.39834
7.94712
7.52619
7.68476
7.70316
7.61298
7.54389
7.54554
7.70581
7.63491
7.48664
7.68474
7.81505
7.74432
7.41869
7.50165
7.31135
7.04913
7.2986
7.42047
7.52992
7.90198
7.76754
7.82692
7.86673
8.29363
8.20043
8.05463
8.13159
8.12798
7.73991
7.75969
7.48859
7.64781
7.689
7.48835
7.45363
7.69106
7.58587
7.6836
7.53853
7.63146
7.63179
7.60642
8.16788
8.42391
8.60601
8.58073
8.74637
8.46032
8.2119
8.06038
7.78448
7.5754
7.41372
7.5687
7.70712
7.77008
7.22021
7.39446
7.01839
7.07043
7.52528
7.77313
7.87941
7.68142
7.89193
8.17722
8.12681
8.23295
8.25388
7.73631
7.99603
7.80372
7.83749
8.09664
8.21126
8.3819
8.35043
8.73594
9.24455
8.95438
8.9835
8.46926
8.69897
8.96526
9.05703
8.88807
8.73708
8.55331
8.42826
8.34551
8.59058
8.61064
8.56108
8.54776
8.36434
8.152
7.83664
7.60968
7.37974
7.49011
7.6665
8.00651
7.69239
7.88384
7.90542
8.19406
8.46513
8.56641
8.71672
8.52631
8.39814
8.05592
8.25859
8.07331
8.31275
8.01856
8.06572
8.11349
8.06989
8.00738
7.78364
7.82559
7.59705
7.89129
7.84704
8.22025
8.59182
8.41874
8.3719
8.59644
8.41017
8.28205
8.47394
8.91763
8.82134
8.39628
8.47482
8.84995
8.9348
8.99657
8.44593
8.45943
7.84449
8.02497
8.09685
8.41201
8.12163
8.47085
7.73612
7.30565
7.08774
7.00609
7.28143
7.52229
7.62877
7.54497
7.22618
7.55957
7.28324
7.31595
7.29817
7.29131
6.81001
6.97015
7.38038
7.49761
7.66182
7.42773
7.11644
7.31785
7.17711
6.9612
7.00041
7.55762
7.67175
7.61144
7.41356
7.2045
7.61161
7.56884
7.69348
7.86293
8.15112
8.13532
8.05184
8.08771
8.14236
7.78939
7.31444
7.22521
7.41159
7.41876
7.69695
7.33527
7.01944
7.09293
7.14265
7.33993
7.73165
7.41645
7.07014
7.06837
7.36922
7.41659
7.41297
7.79007
7.66328
7.84617
7.46933
7.37093
7.62051
7.45221
7.33372
7.34543
7.147
7.46951
7.31996
7.38214
7.47925
7.33721
7.17636
7.24374
7.18177
7.10615
7.14136
7.38877
7.04144
7.5446
7.07163
6.73086
7.17829
6.91174
6.74867
6.71426
7.17194
7.20673
7.00301
7.00091
7.25062
7.60699
7.49982
7.37075
7.32033
7.63052
7.33549
7.45473
7.25874
7.47876
7.60181
7.08371
6.90688
7.09328
7.57747
7.06884
7.45901
7.28807
7.4895
7.51672
7.56727
7.75799
7.85414
8.06125
7.68218
8.21524
7.73009
7.78845
7.8178
8.21927
8.09394
8.36103
8.2477
8.54897
8.19726
8.37971
8.02087
8.27961
8.35066
7.97923
7.84123
7.88787
7.79192
7.88185
7.66929
7.57423
7.69639
7.67485
7.73098
7.89519
7.37369
7.43216
7.50286
7.75075
7.55285
7.58284
7.3161
7.60782
7.81673
7.74901
7.54525
7.67373
7.37671
7.3901
7.53809
7.3921
7.54479
7.36974
7.43425
7.41831
7.00006
6.52406
6.57703
6.89868
6.87945
7.54069
7.60781
7.87652
7.76961
7.75939
7.76173
8.02892
8.01054
8.3018
7.95827
8.08968
8.48559
7.78249
7.84623
7.65842
7.91646
7.90971
7.74088
7.79449
7.14012
7.55445
7.47875
7.14466
7.22005
7.35948
7.40604
8.05416
7.95642
8.42762
8.38456
7.91819
8.39697
8.20514
7.95097
8.01557
8.3934
8.23751
8.30584
8.39112
8.84878
8.82031
8.75537
8.59329
8.68729
7.83461
7.64088
7.50823
7.5135
7.47899
7.37608
7.54939
7.50644
7.4078
7.46731
7.66138
7.57064
7.45361
7.73583
7.42125
7.74145
8.02675
8.06391
8.67873
7.95139
7.72586
8.13591
8.21399
8.1318
8.00836
8.11027
8.05648
8.00644
7.82879
7.83363
8.01254
8.09484
8.06533
8.41263
8.63764
8.37939
8.88455
8.24287
7.87957
7.9534
8.03054
7.90562
8.03092
7.1914
7.04068
7.4475
7.73577
7.34325
7.51834
7.38067
8.12446
7.79805
7.92681
8.17496
7.89091
7.80399
7.89203
7.60243
7.16636
7.19988
7.8716
8.18734
7.76648
7.46484
7.78717
7.34759
7.23854
7.36051
7.56715
7.70006
8.03584
7.73278
7.67632
7.89568
7.8532
7.60444
7.53497
7.28217
7.70056
7.67156
7.78603
8.07303
8.26869
8.49111
7.92939
7.53165
7.63064
7.50474
7.96649
8.20982
8.01953
7.99009
7.9268
8.18149
7.69451
7.59869
7.82596
7.6482
7.37934
6.76691
7.42514
7.38755
7.41786
7.43036
7.5924
7.36987
7.02765
7.36664
7.49747
7.54814
7.71356
7.74022
7.78977
8.01026
7.51297
7.21228
7.44554
7.2621
7.65351
7.67811
7.91832
7.83585
7.8181
7.61934
7.18543
7.22807
7.23599
7.64672
7.35837
7.06129
7.09701
6.87835
6.87342
7.52731
7.77237
7.68623
7.56379
7.24559
7.45293
7.34915
7.38827
7.43614
7.30796
7.13858
7.2552
7.18236
7.22407
6.91508
6.83239
6.78121
6.4869
6.76188
7.24223
7.8235
7.88225
7.22466
7.11718
7.17423
7.28901
7.00161
7.18639
7.15445
7.52513
7.20915
7.75023
7.72467
7.67019
8.32194
8.13279
7.91952
7.4189
7.33425
7.62167
8.05178
7.70113
7.6444
7.73986
7.51016
7.58734
7.1831
7.58246
7.79915
8.00378
7.68625
7.51409
7.23457
7.24593
7.21078
7.191
7.50599
7.64194
7.59885
7.54258
7.3067
7.69776
7.75232
7.86579
7.8636
7.48573
7.56737
8.15066
7.93038
7.9395
7.87173
7.82558
7.2342
7.29169
7.15633
7.20817
7.23726
7.15388
7.71442
7.66167
7.90918
8.03619
8.05
7.85875
7.77253
8.04713
8.03638
7.81315
7.92658
7.58429
7.3893
7.36903
7.57797
7.47881
7.41153
7.68318
7.52739
7.68747
7.66528
7.82942
8.22837
8.09158
8.28447
8.17037
7.77562
7.94272
8.21181
7.74343
7.8609
7.77548
7.6197
8.20839
8.12776
7.8541
7.44949
7.33187
7.28788
7.43192
7.66673
7.42603
7.25972
7.16294
7.4392
7.66875
7.8575
8.21178
8.23575
8.06792
8.2742
8.3045
8.14275
8.2065
7.93748
7.80612
7.37729
7.26031
7.18481
7.09157
7.13555
7.55165
7.7933
7.69223
7.5908
7.53276
7.34066
7.0114
7.37155
7.21888
7.09388
7.6973
7.87761
7.66792
7.90795
7.97731
7.95727
7.99182
7.60404
7.42562
7.34032
7.82817
7.59207
7.92605
8.02341
8.55515
7.77732
7.26578
7.3519
7.42964
7.64597
7.53816
8.18296
8.05999
8.02531
8.15522
8.11205
8.11885
8.1339
7.82812
7.6919
7.92791
7.42751
7.1467
7.60659
7.61264
8.09311
7.98554
7.5654
7.44814
7.50644
7.58519
7.08771
7.29069
7.63667
7.44756
7.6092
7.3857
7.46663
7.59911
7.30319
7.07056
7.3946
7.24201
7.4954
8.11233
8.26092
7.80028
7.37107
7.77418
7.75024
6.97342
7.244
7.38835
7.06257
7.3289
7.80143
8.05538
7.76418
7.60049
7.24444
7.14724
7.14194
7.16552
7.13654
7.20545
7.2297
7.30506
7.42675
7.58763
7.29611
6.96549
6.56121
6.21661
6.65666
6.50413
6.38442
6.54984
6.82218
6.99082
6.85154
6.98055
7.07997
7.1881
7.15496
6.85792
7.09186
7.1308
6.97477
7.26181
7.66141
7.51813
7.37262
7.5391
7.66729
7.4786
7.40159
7.50017
7.34147
7.48509
7.63194
7.76916
7.58733
6.95655
7.06825
7.22947
7.85872
7.89108
7.77053
7.71127
7.99087
7.93868
7.70444
7.92617
7.74185
7.63024
7.62054
8.03797
7.82497
7.96446
7.79671
8.33553
8.13831
8.67654
8.33454
8.46145
8.00428
8.20436
8.41415
8.19264
8.01084
7.97621
7.71748
7.49626
7.44079
7.64031
7.62318
7.92998
7.8852
7.76605
7.60267
7.69587
7.43675
7.3725
7.50046
7.77247
8.11448
8.27161
8.35539
8.16915
7.95552
7.69553
7.88542
8.08093
7.46892
7.60837
7.55824
8.23013
8.2325
8.11382
7.99498
8.11873
8.33944
8.13986
7.92455
7.97528
7.84956
8.15382
7.9156
7.8606
7.64941
8.07254
8.36075
8.35103
8.42303
8.42838
8.48796
8.64965
8.1403
8.61314
8.81347
9.29573
8.77742
9.20709
8.8337
8.93694
8.69699
8.34549
8.62285
8.6838
8.27889
8.31301
8.69649
8.55938
8.3336
8.39623
9.01891
9.02056
8.91543
9.01933
9.28137
9.07624
8.56303
8.30148
7.96162
7.91245
7.58172
7.19316
7.69545
7.42873
7.65381
8.49921
8.2955
8.19633
7.93914
7.819
7.66813
7.23757
7.47103
7.82046
7.76213
7.73965
7.74303
7.32132
7.29964
6.97553
7.31779
7.54613
7.73589
7.72753
7.60295
7.60718
7.42187
7.3939
7.56338
7.59648
7.38428
7.1853
7.46966
7.17632
7.44307
7.45561
7.04283
7.10741
6.68599
6.47789
6.1409
6.26506
6.05904
6.22085
6.48089
6.82894
7.19293
7.16397
6.73982
6.88971
6.7942
6.91585
6.99605
7.15348
7.3748
7.82503
7.69165
7.20061
6.90713
7.02421
7.20145
7.47701
7.97268
7.67739
7.39799
7.44624
7.3919
7.27967
7.7622
7.68422
7.86456
7.78487
7.80484
7.65337
7.57396
7.44445
7.18475
7.72182
7.9972
8.28095
8.15868
8.05638
8.19917
8.42604
7.85639
8.39071
8.14751
7.94201
7.81462
7.9218
7.72737
7.60024
7.25248
7.38903
7.32767
7.37485
7.37363
7.44025
7.36743
7.15619
6.95185
7.00221
7.59455
7.73318
7.46751
7.64048
7.6744
8.00809
7.75891
7.86318
8.0483
7.49411
7.49938
7.59389
7.46183
7.76039
8.22189
7.8936
7.87838
7.73809
7.93141
7.67261
7.42559
7.46995
7.48363
7.52348
7.66006
7.42342
7.46799
7.39593
7.2662
7.21835
7.42591
7.74159
7.69279
7.58758
7.76682
7.75187
7.67513
7.63574
7.69812
8.02927
7.88733
8.19429
7.73388
7.8716
7.6575
7.65282
7.19691
7.82903
8.01406
7.67656
7.45461
7.3707
7.74793
7.96442
7.78229
7.62565
7.61732
7.76977
7.98904
8.15567
7.62403
7.24707
7.5163
7.43027
7.63326
7.46139
7.93968
7.97008
7.99844
8.60042
8.56888
7.62281
7.26066
7.60634
7.82929
7.85603
7.5615
7.64387
7.24807
7.34308
7.4091
7.59986
7.7247
7.35425
7.41521
7.49538
7.34469
7.46787
7.63829
7.73896
7.38616
7.3451
7.67236
7.48583
7.70774
8.04457
7.89772
7.74928
7.83374
7.84598
7.91415
7.80689
8.24672
8.13146
8.1511
8.24406
7.51563
7.22016
7.21077
6.95058
6.8867
7.21362
7.176
7.0827
7.34233
7.56868
7.3078
7.34264
7.36876
7.46262
7.40423
7.4878
7.39308
7.08589
7.3843
7.50102
7.48697
7.8943
7.92354
7.81235
7.84484
8.04641
8.26418
8.4175
8.51112
8.59695
8.74451
8.27697
8.08788
8.49718
8.53938
8.28603
8.14133
8.11877
8.54397
8.61474
8.15142
8.04745
7.99235
8.09862
8.40772
8.21463
8.10605
8.10762
8.4488
8.11595
8.24247
8.08503
7.9641
8.35795
8.36339
8.71434
8.05066
8.03764
7.87937
7.79984
7.98593
7.67282
7.79949
7.94407
7.58418
7.52946
7.19192
6.92071
7.62334
7.82223
7.74385
7.82501
7.38519
7.52788
7.51465
7.77829
8.05937
7.96005
7.79314
7.48478
6.99885
7.36732
7.74905
7.30027
7.34188
7.36213
7.48237
7.25242
7.5229
7.4409
7.11044
7.15963
7.06875
7.33171
7.34302
7.58369
7.64523
7.85272
7.7266
7.5576
7.58814
7.76271
7.88338
7.76883
7.84451
7.75572
7.73725
7.78805
7.74845
8.25604
8.30937
8.55933
7.89594
7.53099
8.18974
8.05054
8.2102
8.08189
8.18736
7.95298
7.4567
7.11951
7.40038
7.51472
7.29049
7.75792
7.60388
7.76531
8.02433
7.70135
7.51071
7.5018
7.9802
7.91796
8.30748
8.29484
8.33006
7.89698
7.75977
7.97842
8.03505
7.51822
7.33881
7.81973
7.76341
7.46451
7.60595
8.01899
7.87951
7.78499
8.16309
7.84917
7.75446
8.1335
7.88655
7.79095
7.33521
6.76976
6.90805
6.9454
6.90669
7.14178
7.34876
7.30877
7.58682
7.75516
7.86975
7.74149
7.59178
7.46343
7.43568
7.3105
7.19772
7.38604
7.70214
7.98148
8.01774
8.27949
7.58185
7.40394
7.28019
6.99162
7.01406
7.26934
7.35655
7.50551
7.45342
7.3468
7.53939
7.94721
7.23623
7.31452
7.37392
7.53702
7.49493
7.30665
7.57688
7.71523
7.62954
7.66157
7.39765
7.25064
7.73492
7.15924
7.18154
7.31416
7.63753
7.97155
8.03976
8.08014
8.18774
8.63751
8.53671
8.13031
8.26346
8.04656
8.49801
8.46195
8.71927
8.65164
8.27274
8.28053
8.53082
8.27916
8.48953
8.2651
8.17694
8.5346
8.45667
8.38359
8.09915
8.1987
7.53874
7.9845
8.2872
8.18133
8.18086
7.74121
7.5797
7.66062
7.55945
7.51989
7.70006
7.82879
7.9205
7.51559
7.78081
7.75299
7.69329
7.29995
7.46982
7.7073
8.00843
8.09533
8.10692
8.1364
7.79745
7.83232
7.69298
7.93952
8.05053
7.5124
7.53671
7.80986
7.30807
7.38697
7.24862
7.23938
7.3212
7.29028
7.40898
7.64165
8.08521
7.86754
7.79713
8.16465
8.5231
8.58772
8.12864
8.0682
8.22632
7.86191
7.46526
7.36825
7.47239
7.62722
7.61056
7.89192
7.89809
7.77397
7.66602
7.54196
7.61046
7.90177
7.87176
8.4078
8.46697
8.07142
7.79215
7.83491
7.75539
7.6234
7.39229
7.37575
7.37679
7.53313
7.56393
8.07857
7.91752
7.83371
7.83999
8.00961
7.79519
7.80166
7.76295
7.41972
7.30428
7.31587
7.49635
7.36216
7.39306
7.53015
7.41484
7.23462
7.81071
7.52894
7.55794
7.79601
7.56439
7.30197
6.80869
7.00693
7.00172
7.11643
7.22619
7.41475
8.05207
7.94756
8.13631
8.04743
7.8915
7.85667
7.50166
7.37153
7.45586
7.25874
7.67106
7.71093
7.35177
7.3833
7.59567
8.17616
8.23946
8.51239
8.34955
8.05492
7.94228
7.9354
7.86208
7.67105
7.61293
7.98069
8.67461
8.46571
7.9884
8.15802
7.73003
8.15573
8.14637
7.84745
7.75602
7.84255
7.96151
7.97568
8.00465
8.18025
7.84187
7.97525
7.5214
7.51029
7.16879
7.3138
7.12751
7.27184
6.99936
7.45507
7.18452
6.81406
7.49292
7.48586
7.32537
7.37885
6.9129
6.85697
7.133
7.14761
7.62511
7.85014
7.86292
8.41268
7.97932
8.23912
8.17449
8.35313
7.99711
8.15052
8.16235
8.34435
8.86081
8.80831
8.46281
8.38446
8.87604
8.36106
8.15297
8.46749
8.58508
8.84045
8.95725
8.88943
8.37114
8.16422
8.36845
8.62137
8.44318
8.43221
8.30515
8.16807
7.88751
8.30182
8.14033
8.51747
8.02264
7.84264
8.25863
7.94119
8.1387
7.90391
7.84823
7.75566
7.75166
8.25318
8.01664
7.77504
7.97172
7.41637
7.84831
7.60915
7.75358
7.9553
7.89333
7.90486
7.65005
7.44513
7.38393
7.46155
8.09657
7.50395
7.28309
7.2161
8.25258
8.21526
7.91689
7.77868
8.06622
7.4409
7.50977
7.46694
7.87207
7.70818
7.80776
7.80656
7.66151
7.71108
7.94078
7.68955
7.32921
7.06777
7.62521
7.79586
7.46801
7.92434
7.75163
7.84305
7.83307
7.9158
7.97858
7.96592
8.32345
7.96191
7.81785
7.8127
7.55501
7.68506
7.80091
8.03731
8.19126
7.89626
8.36819
8.00023
7.93474
8.15794
7.74434
8.39749
8.13454
8.34155
8.1691
7.66681
7.5768
7.60863
7.57549
7.86083
8.19691
8.37554
8.02982
7.70578
7.87012
8.14579
8.31963
8.0059
8.26769
8.25358
8.1027
7.82367
8.25275
7.75308
7.76314
8.06597
7.95252
7.94405
8.15115
7.94744
8.00411
7.69355
7.67487
7.90502
7.75253
7.75275
7.45483
7.23852
7.31329
7.23349
7.69108
7.70652
7.9928
7.63858
7.31524
7.40355
8.04956
8.23923
7.73889
7.23041
7.86427
7.82166
7.93143
7.76817
8.05183
8.31238
8.12451
8.41094
8.02505
8.30937
8.27402
8.14249
8.10085
7.63324
7.38016
7.77159
7.34641
7.68156
7.71168
8.06369
7.97274
7.68263
8.05987
7.91643
7.61072
7.67232
7.99508
7.9514
8.10705
8.42294
8.54192
8.53765
8.19559
8.20384
8.53769
7.90238
8.15874
8.29181
8.09197
7.84998
7.81719
7.91647
7.83017
7.61575
7.72901
7.6553
8.01862
8.03062
8.38834
8.28169
7.97206
7.86912
8.06011
8.38012
8.50122
8.42031
8.17576
8.34089
8.24714
8.28948
8.50021
8.03563
8.35284
8.11981
7.80641
8.13407
7.99257
8.097
7.99127
7.96851
8.1157
8.31318
8.14253
8.41971
7.86859
7.82611
8.46461
8.63473
8.29686
8.23728
8.10177
8.07379
8.11747
8.43898
8.25896
8.14798
8.07414
7.46751
7.73142
7.81736
7.55555
7.42708
7.0739
6.90022
6.97396
7.40979
7.32149
7.54911
7.76954
7.75621
7.79394
8.02989
8.08852
7.91551
8.04312
7.24768
7.63429
7.85819
7.64434
7.80474
7.30809
7.09956
7.3054
7.39348
7.53207
7.4837
7.83807
7.98115
7.73624
7.3215
7.606
7.86768
8.0064
8.22757
8.13668
7.52219
7.37746
7.34578
7.71505
7.76375
7.93329
7.9304
7.84091
7.96832
8.12958
8.2191
7.88802
7.93885
8.06398
8.30183
8.71923
8.97062
8.70885
8.12685
8.18931
7.63334
8.09564
8.28375
8.51169
8.75077
8.49801
8.41928
8.43683
8.09742
7.7518
7.47496
7.45455
7.32055
6.73682
6.90061
6.86081
6.94097
7.31862
7.25715
7.27236
7.3341
7.07122
7.26033
7.21574
7.1057
7.54515
8.1331
7.90597
8.45815
8.60495
8.15619
8.49286
7.81464
7.63537
7.88363
7.87882
8.26035
8.30395
8.30741
8.59447
8.71082
8.40608
8.60671
7.83812
7.90646
7.36636
7.31383
7.25887
7.4559
7.51268
7.7824
8.45502
8.45963
8.42607
8.14659
7.76335
7.73268
7.88324
7.56046
7.63936
8.07192
7.98415
8.10537
7.93117
7.65236
7.75599
7.67209
7.65898
7.75221
7.66603
7.70523
7.98634
7.97115
8.30936
8.43377
8.2684
8.5937
8.47837
7.9374
7.81887
7.68661
7.18455
7.358
7.2625
7.20014
7.63224
7.8406
7.63764
7.75596
7.80268
7.85286
8.09966
8.11293
7.85797
7.72262
7.56768
7.60366
7.5675
7.8197
7.81494
7.83398
7.33184
7.30358
7.09506
7.29994
7.62445
7.66745
7.24232
7.21434
7.49828
7.37076
7.25093
7.353
7.30467
7.65416
7.63471
7.46816
7.76058
8.06326
7.24406
6.64745
6.64177
6.86548
7.31831
7.3054
7.7188
7.71626
7.55298
7.68987
8.02739
7.99311
8.01931
7.85768
7.88363
7.80823
8.10298
7.73874
8.05427
7.98325
7.80897
8.02064
7.90949
8.11159
7.7776
7.5259
7.75235
7.77352
7.78539
7.61144
7.63486
7.84522
7.86087
7.55149
7.5868
7.32666
7.57352
7.86435
7.83703
7.50449
7.83672
7.97635
7.69771
7.25808
6.89711
6.9612
7.15976
7.24542
7.7937
7.67128
7.85798
7.71231
8.17743
8.28393
8.49137
8.0407
7.70633
7.79266
8.2983
7.97761
8.21184
8.61047
8.52566
8.2196
8.34131
8.28565
8.69588
8.52224
8.64019
8.3682
7.78841
8.41313
8.41159
8.13036
7.97173
8.07794
8.08884
8.53376
8.68195
8.53783
8.78246
8.85463
8.63808
8.4438
8.43607
8.30129
8.6903
8.67019
8.96437
8.72943
8.35202
8.00651
7.81189
7.96108
7.95999
7.912
8.04986
8.29918
8.3434
8.49403
7.82589
8.40827
7.7633
7.97785
8.06237
8.60435
8.04681
7.43242
7.5684
7.56739
7.61386
7.55825
7.46649
7.69187
7.77346
7.99909
8.23159
7.89624
7.78109
7.34853
7.40861
7.52609
7.50053
7.47139
7.35549
7.31908
7.50874
7.17642
7.23076
7.50438
7.07404
7.26265
7.34414
7.16162
7.37693
7.62593
7.77245
7.97103
7.8006
8.15942
8.85317
8.53613
8.25018
8.28105
8.31475
7.81591
7.62059
7.95508
7.85557
7.93122
8.0246
8.15071
7.90758
8.009
8.32169
8.34002
8.47381
8.64815
8.54142
8.44063
8.62976
8.49825
8.28285
7.75792
7.97672
8.2936
8.63862
8.34333
7.98963
8.32808
8.19109
7.77538
8.25733
8.63393
8.27068
8.20873
8.01835
8.1525
8.10918
8.23333
8.27929
8.50993
8.73172
8.66676
7.64802
7.39135
8.19648
7.93023
7.82797
7.71257
7.81912
7.89729
8.28367
8.05395
7.81351
8.32273
7.95002
8.19304
8.10418
8.07568
8.08043
8.17285
8.34686
8.52625
8.08484
7.76101
7.47563
7.37035
7.50075
7.73745
7.62648
6.94476
7.41416
7.49236
7.46221
7.75373
7.61202
8.06503
7.82238
7.6355
7.73435
7.62612
7.44382
7.91853
7.54173
7.36039
7.54655
7.83677
7.94582
7.75792
7.38744
7.60664
7.8403
8.19342
7.85716
8.10987
8.22375
7.95696
8.11222
8.35432
8.26747
8.32533
8.1112
7.99006
7.93879
7.64233
7.9784
7.7371
7.97142
8.18712
8.16645
7.76189
7.80674
7.65357
8.04162
7.99801
7.91332
7.57754
7.66259
8.01162
7.58696
7.58211
7.83505
7.754
7.95549
8.04641
8.28735
8.09752
7.95962
8.08137
7.97622
8.1205
7.86616
7.98742
7.98449
8.54135
8.64735
8.60492
8.06508
8.22149
8.36122
7.96534
8.12782
7.92853
8.06079
7.95547
7.52499
7.6798
7.3576
7.39875
7.316
7.63544
7.79916
7.84488
7.72477
8.00347
7.77462
7.74644
7.47228
7.58043
7.4687
7.62353
7.33757
7.30215
7.34462
7.2772
7.2071
7.69907
7.79187
8.10718
8.21116
7.65764
7.85886
8.45326
8.31901
8.46689
8.67249
8.77273
8.48058
8.45757
8.23839
8.34099
8.09265
7.96022
8.29173
8.43703
8.44234
8.70108
8.3176
7.95943
7.99289
8.50404
8.66937
8.74981
8.83164
8.80078
8.78081
8.18081
7.998
8.07132
7.8123
7.61452
7.34278
7.44292
7.7144
7.78003
7.43694
7.54026
7.85916
8.38406
8.66743
8.30812
8.71137
8.83813
8.7159
8.86331
9.1069
8.52652
8.66452
8.26157
7.9958
7.93096
7.91723
7.78846
7.90565
8.09147
7.81757
8.06089
8.02995
7.60225
7.69511
7.72545
7.42197
7.5447
7.69376
7.74269
7.6365
7.92228
8.09447
8.00014
8.24559
7.96728
7.64045
7.67581
7.43316
7.96549
7.93307
7.8177
7.87498
7.64587
8.22433
8.36961
8.18297
7.96315
8.15322
8.3027
8.18202
8.27194
8.05728
8.43856
8.32066
8.4245
8.39223
8.86212
8.53334
8.4549
8.46941
8.19998
7.99588
7.92774
8.07753
8.21796
7.92807
7.88668
8.28048
7.72318
7.89754
8.27389
8.37439
8.29402
8.49535
8.69734
8.98916
8.84661
9.60515
9.24558
9.07591
9.21042
9.49612
9.33228
8.93081
8.51395
8.2862
8.5641
8.54688
8.28624
8.11946
8.02677
7.86343
7.99398
8.30013
8.34386
8.31009
8.41251
8.54273
8.32991
8.39765
7.93078
8.37444
8.15983
7.99136
8.32936
8.36146
8.08801
8.12675
8.43426
8.67247
8.89604
8.84966
8.54923
8.66671
9.12152
8.80089
9.49384
9.49439
9.10787
9.29694
8.84096
8.26483
8.43106
8.49673
8.80475
8.54188
8.3917
8.60492
8.17464
8.402
8.15053
8.35181
8.45804
8.65045
9.30781
8.58744
8.83498
8.7602
8.89337
8.43875
8.33791
8.48769
8.29674
8.27466
8.19726
8.19207
7.9064
8.28256
8.051
7.94012
7.77008
7.53548
7.70718
7.31173
7.6233
7.7075
8.0488
8.21418
8.2243
7.65207
7.57315
7.34309
7.691
7.63054
7.71518
7.48518
7.95471
8.16986
8.14833
8.52653
8.29783
8.33596
8.12182
7.85927
8.25406
8.03262
8.44549
8.3031
8.09393
8.06253
7.90866
7.74079
7.65504
7.85185
8.12139
8.38922
8.62758
7.83778
7.43053
7.4696
7.3406
7.18702
7.40195
8.01177
8.49858
8.58077
8.42679
8.25771
8.32901
8.46521
8.56073
8.36362
8.34364
8.41508
8.51102
8.60214
8.43002
8.45327
8.71901
8.7344
8.64263
8.52249
8.56616
8.37846
8.01455
8.12354
8.15423
7.6594
7.37291
7.41144
7.28796
7.34225
7.61422
7.60376
7.69972
7.60677
7.6756
7.63929
7.40958
7.67658
8.1345
7.95933
8.15023
8.00491
8.32934
8.08576
7.91658
7.78991
7.5005
7.55208
7.68963
7.65097
7.52282
7.42257
7.26236
7.51827
8.2188
7.52296
7.33171
7.01707
7.21644
6.95054
6.77769
7.49829
7.51228
7.55314
7.57717
8.0504
7.49569
7.54789
7.0691
7.38464
7.11887
6.95064
6.91281
7.5884
8.08356
7.81828
7.35427
7.05765
6.63811
6.81905
6.96939
6.83745
6.86323
6.78885
7.01176
7.2235
7.6605
7.8482
8.287
8.32833
8.22369
7.9681
8.2723
8.63381
8.44062
8.6154
8.48865
8.15873
8.15411
7.94397
7.87853
7.88349
8.60347
8.33935
8.50403
8.49285
8.6014
8.33258
8.39654
8.25669
7.95023
8.06622
8.08977
7.91784
7.97594
8.21473
8.33092
8.01098
8.36606
8.26562
7.6062
7.5103
7.963
7.91217
7.99751
8.11546
8.18171
7.9498
7.82307
7.57878
7.58369
7.96864
7.50628
7.68508
7.40686
7.54354
7.20501
7.13929
7.1159
7.31134
7.19431
7.91049
8.35172
8.20214
8.04526
8.3042
7.92741
7.77904
7.66487
7.69233
7.43974
7.87509
7.95526
8.00115
8.2154
8.25761
8.6241
8.04038
8.10096
7.8325
7.5083
7.30328
7.28356
7.09254
7.10808
7.63435
7.51591
7.99195
8.11958
8.13824
8.05441
8.11088
8.05082
8.2703
8.05625
8.1385
8.41967
8.47884
9.37026
8.65353
8.62686
8.56504
8.24308
8.00923
7.87381
7.93116
7.65034
7.59106
7.4463
7.89802
7.59521
7.70572
7.73361
7.44546
7.51637
7.39136
7.89467
7.92836
7.61386
7.90692
8.18623
8.47209
8.45655
8.35718
8.20708
8.35305
8.245
8.26906
8.38031
8.29925
8.73857
8.45364
8.40984
7.8313
7.95066
8.10905
8.12424
8.25385
7.64235
7.88214
7.4659
7.64456
8.02745
8.2571
7.56602
7.5526
7.72163
7.8194
7.56276
7.12319
7.42263
7.31918
7.27075
7.6359
7.37252
7.59082
7.70153
7.54202
7.69471
7.252
7.43311
7.14946
7.23298
7.6113
7.22736
7.55608
7.2975
6.84051
6.91099
6.76428
6.86894
7.25879
7.57108
7.63988
7.45924
7.22047
7.18461
7.22985
6.96219
7.08194
7.60504
7.34033
7.44828
7.75945
7.51165
7.54822
7.46817
7.28472
7.63551
7.69856
8.06446
8.17458
7.89358
7.89126
7.52914
7.55151
7.22627
7.34925
7.7344
7.37016
7.75755
7.39741
7.56495
7.17894
7.99077
7.95858
7.81008
7.92867
7.86835
8.33947
8.23019
8.0706
7.93035
8.25086
8.36816
7.99994
8.0878
8.24617
8.37485
8.47515
8.30238
8.58604
8.28022
8.34021
8.05857
8.21717
8.23937
8.36944
8.05836
8.08042
8.22731
8.39684
8.61018
8.55162
8.55839
9.07304
8.12279
7.79285
7.86453
7.67647
7.8729
7.74927
7.70937
7.94001
7.71756
7.63156
7.83238
7.76046
7.89733
7.7685
7.97875
7.10636
7.48206
7.15345
7.18104
7.4535
7.55461
7.42306
7.64911
7.81303
7.77263
7.91258
8.11187
7.92676
8.33238
8.39256
8.44626
8.30485
8.24522
7.65341
7.32854
7.31768
7.3538
7.48138
7.59676
7.56866
7.52599
7.87855
7.37889
7.79486
7.92701
8.05627
8.11207
8.04451
7.6575
7.80331
7.63518
7.89225
7.82148
7.44769
7.35506
7.23315
7.21783
7.51047
7.39702
7.50268
7.57505
7.80475
8.03327
7.98091
7.76634
7.57341
7.44298
7.82279
7.59205
7.96602
7.96003
8.15106
8.04973
8.07702
7.96187
7.95405
8.08561
7.92561
7.60206
7.53656
7.4712
7.72498
7.70665
7.65308
7.719
7.86753
8.31359
8.22473
8.14486
8.04067
8.37257
8.39644
8.17429
7.9373
8.13956
8.12867
8.05552
7.77396
7.39606
7.51388
7.67511
7.90228
7.84777
7.94039
8.06579
7.66037
7.94915
7.80418
7.62892
7.32663
7.95525
7.87178
7.66846
7.54852
7.38184
7.71737
7.84565
7.48617
7.54358
7.82535
7.38966
7.55756
7.85176
8.16619
7.40783
7.70271
7.53123
7.73488
7.99459
8.01528
7.57176
7.41153
7.89349
8.24846
7.90812
8.01588
8.05643
8.17181
8.59687
8.2285
8.1932
8.30223
7.77538
8.04223
7.71827
7.99882
7.6216
7.38454
7.65756
7.45315
7.37169
7.09824
7.28026
7.88466
7.77639
7.3292
7.68459
7.37243
7.71525
7.71565
7.91469
7.92244
7.87408
7.88228
8.25152
8.36418
8.27018
8.17789
8.26019
8.05466
8.46346
8.29908
8.17512
7.88765
7.56659
7.32774
7.65905
7.86776
7.91374
7.75665
7.95159
8.08065
7.91151
7.92094
7.94355
8.3445
8.50299
8.31094
8.88451
8.73145
8.44226
8.69234
8.2004
8.47871
8.8173
8.65142
8.8787
8.8669
8.9529
8.9693
8.64224
9.00601
8.68941
8.66983
8.56839
7.7925
8.04194
7.84712
8.15002
7.952
7.89769
7.53045
7.56002
7.73118
7.77092
7.74605
7.4809
7.60503
7.63194
7.79285
8.44151
8.37129
9.08421
8.90671
8.84589
8.40005
8.65564
8.61985
8.40079
7.83367
7.82029
7.62266
7.72123
7.57843
7.45504
7.02773
7.22523
7.25636
7.62907
7.58726
8.3298
7.83834
8.44905
8.32192
8.4113
8.35417
8.42226
8.18729
8.06106
7.9483
7.79601
7.55086
7.31687
7.35068
7.10355
7.20919
7.15174
7.33693
6.99829
7.24771
7.57627
7.68128
7.97098
7.82288
8.13082
8.04964
7.66019
7.45618
7.35681
7.36986
7.23171
7.51098
7.90845
7.35756
7.37883
6.88637
7.52004
8.01298
7.84457
7.74715
7.42176
7.64152
7.58476
7.17532
7.33821
7.35366
7.24694
7.71713
7.60184
7.49395
7.15464
6.76072
7.22113
7.03598
6.68131
6.67987
6.85734
6.77368
7.06351
7.04209
7.47249
7.7747
7.98904
8.2596
8.01912
7.97553
8.2302
8.31153
8.18625
7.73515
7.6247
7.31804
7.47771
7.2049
7.54111
7.47567
7.25372
7.18104
7.12334
7.05413
7.68799
7.71278
7.98332
8.08373
7.53354
7.68207
7.6505
7.11869
7.19731
7.40923
7.64861
7.83779
7.85011
7.75415
7.6533
7.38615
7.91431
8.00336
7.58668
7.89939
8.37507
7.77158
7.68585
7.96476
7.57245
7.79694
7.79504
7.81297
8.12978
7.9693
7.59116
7.59551
7.69324
7.54016
7.30497
7.00062
7.10703
7.13477
7.07693
7.39789
7.45668
7.51826
7.34285
7.5586
6.9489
7.28154
7.44527
7.14719
7.20363
6.55454
6.75592
6.87179
7.23644
7.36853
6.67253
7.07193
7.07504
7.35319
6.97319
7.41567
7.88246
7.36069
7.41722
7.4805
7.64681
7.747
7.18137
7.71458
7.69399
7.99381
7.88235
7.65348
7.6765
7.73195
7.33041
7.11694
7.40921
7.38393
7.20736
7.45561
7.7501
7.10286
7.18531
7.48789
7.11298
7.00548
7.01528
6.67134
6.21936
6.8198
7.23376
7.3559
7.11006
7.0706
6.8834
6.76011
7.02598
6.66124
6.8876
7.34645
7.37939
6.88786
7.04048
6.69806
7.0307
7.45937
7.81141
8.36289
8.44104
8.47366
8.51916
8.58436
8.46673
8.86231
8.39871
8.25776
8.21666
8.04404
7.86858
8.08893
7.61563
7.7491
7.38346
7.38474
7.56658
7.8109
7.37305
7.1878
7.09994
7.28642
7.00945
6.85822
7.22097
6.92469
7.14271
7.56112
7.78294
7.07801
7.21127
7.21914
7.13358
7.21752
6.95672
7.07196
7.09132
7.47843
7.7343
7.79234
8.09525
7.61782
7.33028
7.2313
7.38559
7.93926
7.78421
7.70758
7.95811
8.22953
7.52739
7.64956
7.78313
7.4505
7.6474
7.21328
7.04127
6.92238
7.44701
7.51687
7.61779
7.64344
7.8247
7.85661
7.96091
8.04146
7.87116
7.75425
7.97565
8.39692
7.90602
7.87698
7.77855
7.69236
7.57406
7.61887
6.98437
6.98614
7.01253
7.3278
7.19855
7.17462
7.22795
7.36117
7.0428
7.73443
7.79372
7.83021
7.66849
7.47618
7.23947
6.99288
6.86506
6.82905
7.02682
7.54777
7.70513
7.42671
7.25758
7.29059
6.79703
6.98687
6.89701
7.07522
6.56622
6.77172
6.93922
7.28729
7.31549
7.45381
6.86096
7.00767
7.04846
7.10329
7.43164
7.83786
7.99549
8.38053
8.69091
8.54187
8.52164
8.13673
7.83439
8.01208
