          10           0           0           0           0
          10   0.0230664           0           0           0
          10   0.0461329           0           0           0
          10   0.0691993           0           0           0
          10   0.0922657           0           0           0
          10    0.115332           0           0           0
          10    0.138399           0           0           0
          10    0.161465           0           0           0
          10    0.184531           0           0           0
          10    0.207598           0           0           0
          10    0.230664           0           0           0
          10    0.253731           0           0           0
          10    0.276797           0           0           0
          10    0.299864           0           0           0
          10     0.32293           0           0           0
          10    0.345996           0           0           0
          10    0.369063           0           0           0
          10    0.392129           0           0           0
          10    0.415196           0           0           0
          10    0.438262           0           0           0
          10    0.461329           0           0           0
          10    0.484395           0           0           0
          10    0.507461           0           0           0
          10    0.530528           0           0           0
          10    0.553594           0           0           0
          10    0.576661           0           0           0
          10    0.599727           0           0           0
          10    0.622794           0           0           0
          10     0.64586           0           0           0
          10    0.668926           0           0           0
          10    0.691993           0           0           0
          10    0.715059           0           0           0
          10    0.738126           0           0           0
          10    0.761192           0           0           0
          10    0.784259           0           0           0
          10    0.807325           0           0           0
          10    0.830391           0           0           0
          10    0.853458           0           0           0
          10    0.876524 0.000392749 0.000166918 5.08092e-05
          10    0.899591  0.00382444  0.00524228 0.000491584
          10    0.922657    0.063708   0.0646662  0.00133264
          10    0.945724    0.388471    0.405609  0.00484885
          10     0.96879     1.39154     1.37684  0.00733001
          10    0.991856     3.02786     3.03201  0.00788294
          10     1.01492     4.84911     4.85008  0.00957828
          10     1.03799      6.1107     6.12649   0.0131527
          10     1.06106      6.5026     6.47604   0.0128497
          10     1.08412     5.92672     5.93029   0.0133857
          10     1.10719     4.85593     4.82624   0.0115355
          10     1.13026     3.58162     3.58371   0.0101374
          10     1.15332     2.42163     2.43385  0.00407572
          10     1.17639     1.52497     1.52697  0.00409529
          10     1.19945    0.895773    0.897837  0.00523423
          10     1.22252    0.483725    0.483934  0.00403949
          10     1.24559    0.247597    0.248072  0.00368596
          10     1.26865    0.121953    0.125123  0.00208286
          10     1.29172   0.0662459   0.0690407  0.00186592
          10     1.31479   0.0630813   0.0598634  0.00149472
          10     1.33785   0.0874809    0.086137   0.0020381
          10     1.36092     0.14656    0.149274  0.00181989
          10     1.38399    0.252257    0.253919  0.00283542
          10     1.40705    0.409241    0.412639  0.00256315
          10     1.43012    0.617085    0.614611  0.00244687
          10     1.45319    0.833971    0.837909  0.00234262
          10     1.47625     1.06947     1.05596  0.00305353
          10     1.49932     1.21754     1.21309  0.00300082
          10     1.52238     1.26749      1.2709   0.0058814
          10     1.54545     1.20064     1.21683  0.00516314
          10     1.56852     1.06683     1.06311  0.00328262
          10     1.59158    0.855048    0.851457  0.00231609
          10     1.61465    0.620566    0.622777  0.00218747
          10     1.63772    0.437863    0.433747  0.00154293
          10     1.66078    0.305085    0.305714  0.00268386
          10     1.68385    0.270976    0.271736  0.00392842
          10     1.70692    0.355531     0.35905  0.00483121
          10     1.72998    0.583556    0.599731  0.00521673
          10     1.75305     1.00384     1.02296  0.00511979
          10     1.77612     1.60705     1.61426  0.00283009
          10     1.79918     2.29869     2.30323  0.00420712
          10     1.82225     2.97686     2.96993  0.00519351
          10     1.84531     3.45525     3.43298  0.00849676
          10     1.86838     3.59047     3.57222   0.0116026
          10     1.89145     3.41344     3.36871   0.0083571
          10     1.91451     2.88148     2.88669  0.00586329
          10     1.93758     2.22211      2.2398  0.00578986
          10     1.96065     1.60229     1.60849  0.00292531
          10     1.98371      1.0926     1.08808  0.00488443
          10     2.00678    0.739163     0.74763  0.00466185
          10     2.02985    0.599313    0.603306  0.00489937
          10     2.05291    0.626895    0.637775  0.00440674
          10     2.07598    0.787713    0.796334  0.00342948
          10     2.09905      1.0167     1.01145  0.00181539
          10     2.12211     1.20891      1.2114  0.00140596
          10     2.14518     1.34473     1.33119  0.00403367
          10     2.16824     1.32418     1.32755  0.00417485
          10     2.19131     1.23782     1.22486  0.00277698
          10     2.21438     1.05305     1.05795  0.00252933
          10     2.23744    0.894009    0.889444  0.00226669
          10     2.26051    0.783391    0.783321  0.00371243
          10     2.28358    0.782249    0.784877  0.00431062
