           1           0           0           0           0
           1   0.0230664           0           0           0
           1   0.0461329           0           0           0
           1   0.0691993           0           0           0
           1   0.0922657           0           0           0
           1    0.115332           0           0           0
           1    0.138399           0           0           0
           1    0.161465           0           0           0
           1    0.184531           0           0           0
           1    0.207598           0           0           0
           1    0.230664           0           0           0
           1    0.253731           0           0           0
           1    0.276797           0           0           0
           1    0.299864           0           0           0
           1     0.32293           0           0           0
           1    0.345996           0           0           0
           1    0.369063           0           0           0
           1    0.392129           0           0           0
           1    0.415196           0           0           0
           1    0.438262           0           0           0
           1    0.461329           0           0           0
           1    0.484395           0           0           0
           1    0.507461           0           0           0
           1    0.530528           0           0           0
           1    0.553594           0           0           0
           1    0.576661           0           0           0
           1    0.599727           0           0           0
           1    0.622794           0           0           0
           1     0.64586           0           0           0
           1    0.668926           0           0           0
           1    0.691993           0           0           0
           1    0.715059           0           0           0
           1    0.738126           0           0           0
           1    0.761192           0           0           0
           1    0.784259           0           0           0
           1    0.807325           0           0           0
           1    0.830391           0           0           0
           1    0.853458           0           0           0
           1    0.876524           0           0           0
           1    0.899591  0.00391772  0.00391772           0
           1    0.922657   0.0663698   0.0663698           0
           1    0.945724    0.402668    0.402668           0
           1     0.96879     1.34593     1.34593           0
           1    0.991856     3.01256     3.01256           0
           1     1.01492     4.85308     4.85308           0
           1     1.03799     6.14669     6.14669           0
           1     1.06106      6.4845      6.4845           0
           1     1.08412     5.96136     5.96136           0
           1     1.10719     4.84492     4.84492           0
           1     1.13026     3.56237     3.56237           0
           1     1.15332     2.44149     2.44149           0
           1     1.17639     1.54978     1.54978           0
           1     1.19945    0.872803    0.872803           0
           1     1.22252    0.492013    0.492013           0
           1     1.24559    0.241031    0.241031           0
           1     1.26865    0.122756    0.122756           0
           1     1.29172   0.0649693   0.0649693           0
           1     1.31479   0.0551136   0.0551136           0
           1     1.33785   0.0806338   0.0806338           0
           1     1.36092    0.141093    0.141093           0
           1     1.38399    0.242237    0.242237           0
           1     1.40705     0.40547     0.40547           0
           1     1.43012    0.615892    0.615892           0
           1     1.45319    0.840612    0.840612           0
           1     1.47625     1.06086     1.06086           0
           1     1.49932     1.20845     1.20845           0
           1     1.52238     1.29231     1.29231           0
           1     1.54545     1.23121     1.23121           0
           1     1.56852     1.07378     1.07378           0
           1     1.59158    0.863485    0.863485           0
           1     1.61465      0.6114      0.6114           0
           1     1.63772    0.427557    0.427557           0
           1     1.66078    0.302261    0.302261           0
           1     1.68385    0.263083    0.263083           0
           1     1.70692    0.361694    0.361694           0
           1     1.72998     0.59073     0.59073           0
           1     1.75305     1.00914     1.00914           0
           1     1.77612     1.60611     1.60611           0
           1     1.79918     2.29782     2.29782           0
           1     1.82225      2.9811      2.9811           0
           1     1.84531     3.44671     3.44671           0
           1     1.86838     3.59573     3.59573           0
           1     1.89145     3.38031     3.38031           0
           1     1.91451     2.88405     2.88405           0
           1     1.93758     2.22614     2.22614           0
           1     1.96065     1.61063     1.61063           0
           1     1.98371       1.077       1.077           0
           1     2.00678    0.735019    0.735019           0
           1     2.02985    0.596079    0.596079           0
           1     2.05291    0.630802    0.630802           0
           1     2.07598    0.800668    0.800668           0
           1     2.09905     1.01376     1.01376           0
           1     2.12211     1.21155     1.21155           0
           1     2.14518     1.33892     1.33892           0
           1     2.16824     1.33308     1.33308           0
           1     2.19131     1.22855     1.22855           0
           1     2.21438     1.05674     1.05674           0
           1     2.23744    0.887088    0.887088           0
           1     2.26051    0.779221    0.779221           0
           1     2.28358      0.7694      0.7694           0
           2           0           0           0           0
           2   0.0230664           0           0           0
           2   0.0461329           0           0           0
           2   0.0691993           0           0           0
           2   0.0922657           0           0           0
           2    0.115332           0           0           0
           2    0.138399           0           0           0
           2    0.161465           0           0           0
           2    0.184531           0           0           0
           2    0.207598           0           0           0
           2    0.230664           0           0           0
           2    0.253731           0           0           0
           2    0.276797           0           0           0
           2    0.299864           0           0           0
           2     0.32293           0           0           0
           2    0.345996           0           0           0
           2    0.369063           0           0           0
           2    0.392129           0           0           0
           2    0.415196           0           0           0
           2    0.438262           0           0           0
           2    0.461329           0           0           0
           2    0.484395           0           0           0
           2    0.507461           0           0           0
           2    0.530528           0           0           0
           2    0.553594           0           0           0
           2    0.576661           0           0           0
           2    0.599727           0           0           0
           2    0.622794           0           0           0
           2     0.64586           0           0           0
           2    0.668926           0           0           0
           2    0.691993           0           0           0
           2    0.715059           0           0           0
           2    0.738126           0           0           0
           2    0.761192           0           0           0
           2    0.784259           0           0           0
           2    0.807325           0           0           0
           2    0.830391           0           0           0
           2    0.853458           0           0           0
           2    0.876524           0           0           0
           2    0.899591  0.00624969  0.00508371  0.00116599
           2    0.922657   0.0627319   0.0645509  0.00181896
           2    0.945724    0.414837    0.408752  0.00608438
           2     0.96879     1.40177     1.37385   0.0279194
           2    0.991856     3.04386     3.02821   0.0156519
           2     1.01492     4.89115     4.87212   0.0190354
           2     1.03799     6.10395     6.12532   0.0213715
           2     1.06106      6.4501      6.4673   0.0171977
           2     1.08412     5.89466     5.92801   0.0333494
           2     1.10719     4.77865     4.81178   0.0331331
           2     1.13026     3.57728     3.56983  0.00745452
           2     1.15332      2.4266     2.43404  0.00744758
           2     1.17639     1.53809     1.54393  0.00584417
           2     1.19945    0.911931    0.892367    0.019564
           2     1.22252    0.495725    0.493869  0.00185598
           2     1.24559    0.257299    0.249165    0.008134
           2     1.26865    0.132868    0.127812  0.00505577
           2     1.29172   0.0705771   0.0677732  0.00280394
           2     1.31479   0.0612765   0.0581951  0.00308143
           2     1.33785   0.0893947   0.0850143  0.00438043
           2     1.36092    0.155358    0.148225  0.00713274
           2     1.38399     0.26693    0.254584   0.0123465
           2     1.40705    0.414436    0.409953  0.00448299
           2     1.43012    0.603187     0.60954  0.00635267
           2     1.45319    0.836353    0.838483  0.00212959
           2     1.47625     1.05845     1.05966  0.00120696
           2     1.49932     1.21001     1.20923 0.000780258
           2     1.52238     1.26154     1.27692   0.0153862
           2     1.54545     1.19572     1.21346   0.0177448
           2     1.56852     1.06022       1.067  0.00677741
           2     1.59158    0.862521    0.863003 0.000482108
           2     1.61465    0.625544    0.618472  0.00707185
           2     1.63772    0.433821    0.430689  0.00313166
           2     1.66078    0.314251    0.308256  0.00599482
           2     1.68385    0.281834    0.272458   0.0093756
           2     1.70692    0.371029    0.366361  0.00466769
           2     1.72998    0.609267    0.599999  0.00926846
           2     1.75305     1.03732     1.02323   0.0140887
           2     1.77612     1.62649      1.6163   0.0101896
           2     1.79918     2.29442     2.29612  0.00170055
           2     1.82225     2.96098     2.97104   0.0100634
           2     1.84531     3.41459     3.43065   0.0160587
           2     1.86838     3.55821     3.57697   0.0187566
           2     1.89145     3.33023     3.35527   0.0250406
           2     1.91451     2.86524     2.87464  0.00940412
           2     1.93758     2.24306      2.2346  0.00845923
           2     1.96065     1.61507     1.61285  0.00221993
           2     1.98371     1.09215     1.08458  0.00757655
           2     2.00678    0.762431    0.748725   0.0137062
           2     2.02985    0.614309    0.605194  0.00911484
           2     2.05291    0.654423    0.642612   0.0118104
           2     2.07598    0.815613     0.80814   0.0074725
           2     2.09905     1.01385      1.0138 4.34605e-05
           2     2.12211     1.21367     1.21261  0.00106315
           2     2.14518     1.31623     1.32757   0.0113459
           2     2.16824     1.31737     1.32522  0.00785562
           2     2.19131      1.2182     1.22337  0.00517054
           2     2.21438     1.05272     1.05473  0.00200838
           2     2.23744    0.893901    0.890495  0.00340658
           2     2.26051    0.786871    0.783046   0.0038253
           2     2.28358     0.78857    0.778985  0.00958515
           3           0           0           0           0
           3   0.0230664           0           0           0
           3   0.0461329           0           0           0
           3   0.0691993           0           0           0
           3   0.0922657           0           0           0
           3    0.115332           0           0           0
           3    0.138399           0           0           0
           3    0.161465           0           0           0
           3    0.184531           0           0           0
           3    0.207598           0           0           0
           3    0.230664           0           0           0
           3    0.253731           0           0           0
           3    0.276797           0           0           0
           3    0.299864           0           0           0
           3     0.32293           0           0           0
           3    0.345996           0           0           0
           3    0.369063           0           0           0
           3    0.392129           0           0           0
           3    0.415196           0           0           0
           3    0.438262           0           0           0
           3    0.461329           0           0           0
           3    0.484395           0           0           0
           3    0.507461           0           0           0
           3    0.530528           0           0           0
           3    0.553594           0           0           0
           3    0.576661           0           0           0
           3    0.599727           0           0           0
           3    0.622794           0           0           0
           3     0.64586           0           0           0
           3    0.668926           0           0           0
           3    0.691993           0           0           0
           3    0.715059           0           0           0
           3    0.738126           0           0           0
           3    0.761192           0           0           0
           3    0.784259           0           0           0
           3    0.807325           0           0           0
           3    0.830391           0           0           0
           3    0.853458           0           0           0
           3    0.876524 0.000294562 9.81873e-05 9.81873e-05
           3    0.899591  0.00652953  0.00556565 0.000827915
           3    0.922657   0.0705401   0.0665473  0.00225578
           3    0.945724    0.424386    0.413963  0.00628459
           3     0.96879     1.40032     1.38268    0.018376
           3    0.991856     3.06516     3.04053   0.0152781
           3     1.01492     4.88292     4.87572   0.0115651
           3     1.03799       6.065     6.10521   0.0235903
           3     1.06106     6.42096     6.45185   0.0183634
           3     1.08412     5.88002     5.91201   0.0250329
           3     1.10719     4.80804     4.81054   0.0191701
           3     1.13026     3.60894     3.58286     0.01373
           3     1.15332      2.4448     2.43763  0.00559886
           3     1.17639     1.53167     1.53984  0.00530075
           3     1.19945    0.920168    0.901634   0.0146104
           3     1.22252    0.486369    0.491369  0.00272003
           3     1.24559    0.243922    0.247417  0.00501082
           3     1.26865    0.126678    0.127434  0.00294332
           3     1.29172   0.0730847   0.0695437  0.00239904
           3     1.31479   0.0669111   0.0611004  0.00340678
           3     1.33785   0.0865453   0.0855246  0.00258002
           3     1.36092    0.154413    0.150288  0.00460567
           3     1.38399    0.256472    0.255213  0.00715598
           3     1.40705    0.414513    0.411473  0.00300157
           3     1.43012    0.614886    0.611322   0.0040778
           3     1.45319    0.833899    0.836955  0.00196126
           3     1.47625     1.04764     1.05565  0.00406586
           3     1.49932     1.20363     1.20736  0.00191945
           3     1.52238     1.28954     1.28113  0.00982916
           3     1.54545     1.20332     1.21008   0.0107883
           3     1.56852     1.06748     1.06716  0.00391622
           3     1.59158    0.843237    0.856414  0.00659468
           3     1.61465    0.626539    0.621161  0.00488896
           3     1.63772    0.433194    0.431524  0.00199161
           3     1.66078    0.301043    0.305851  0.00421431
           3     1.68385     0.28178    0.275565  0.00624144
           3     1.70692    0.364395    0.365706  0.00277349
           3     1.72998    0.617591    0.605863  0.00793865
           3     1.75305     1.03361     1.02669  0.00883986
           3     1.77612     1.61476     1.61578   0.0059053
           3     1.79918     2.28705     2.29309  0.00317863
           3     1.82225     2.96164     2.96791  0.00660042
           3     1.84531     3.41998      3.4271  0.00993008
           3     1.86838     3.55265     3.56886   0.0135278
           3     1.89145     3.35809     3.35621   0.0144878
           3     1.91451     2.89891     2.88273  0.00974223
           3     1.93758     2.25158     2.24026  0.00747576
           3     1.96065     1.60802     1.61124  0.00205737
           3     1.98371     1.08997     1.08637  0.00472993
           3     2.00678    0.748079     0.74851  0.00791619
           3     2.02985    0.612859    0.607749  0.00584997
           3     2.05291      0.6467    0.643975  0.00695357
           3     2.07598    0.806514    0.807598  0.00434816
           3     2.09905     1.00222     1.00994  0.00386227
           3     2.12211     1.20746     1.21089  0.00182173
           3     2.14518     1.31376     1.32297  0.00800627
           3     2.16824     1.32807     1.32617  0.00463402
           3     2.19131     1.22119     1.22265  0.00307288
           3     2.21438     1.05789     1.05578  0.00156765
           3     2.23744    0.901128    0.894039   0.0040535
           3     2.26051    0.791282    0.785791  0.00352333
           3     2.28358    0.796641     0.78487  0.00807852
           4           0           0           0           0
           4   0.0230664           0           0           0
           4   0.0461329           0           0           0
           4   0.0691993           0           0           0
           4   0.0922657           0           0           0
           4    0.115332           0           0           0
           4    0.138399           0           0           0
           4    0.161465           0           0           0
           4    0.184531           0           0           0
           4    0.207598           0           0           0
           4    0.230664           0           0           0
           4    0.253731           0           0           0
           4    0.276797           0           0           0
           4    0.299864           0           0           0
           4     0.32293           0           0           0
           4    0.345996           0           0           0
           4    0.369063           0           0           0
           4    0.392129           0           0           0
           4    0.415196           0           0           0
           4    0.438262           0           0           0
           4    0.461329           0           0           0
           4    0.484395           0           0           0
           4    0.507461           0           0           0
           4    0.530528           0           0           0
           4    0.553594           0           0           0
           4    0.576661           0           0           0
           4    0.599727           0           0           0
           4    0.622794           0           0           0
           4     0.64586           0           0           0
           4    0.668926           0           0           0
           4    0.691993           0           0           0
           4    0.715059           0           0           0
           4    0.738126           0           0           0
           4    0.761192           0           0           0
           4    0.784259           0           0           0
           4    0.807325           0           0           0
           4    0.830391           0           0           0
           4    0.853458           0           0           0
           4    0.876524 0.000196375 0.000122734 7.36405e-05
           4    0.899591  0.00447739  0.00529358 0.000645554
           4    0.922657   0.0599813   0.0649058  0.00228884
           4    0.945724    0.395823    0.409428  0.00634944
           4     0.96879     1.35351     1.37538   0.0149001
           4    0.991856     3.00879     3.03259   0.0134042
           4     1.01492     4.88218     4.87733  0.00833609
           4     1.03799     6.12891     6.11114   0.0177011
           4     1.06106     6.50483      6.4651    0.018547
           4     1.08412     5.90756      5.9109   0.0177359
           4     1.10719     4.86181     4.82336    0.018656
           4     1.13026       3.597      3.5864   0.0103318
           4     1.15332     2.43544     2.43708  0.00399659
           4     1.17639     1.51411     1.53341  0.00744623
           4     1.19945    0.892763    0.899416   0.0105665
           4     1.22252    0.486013     0.49003  0.00234356
           4     1.24559    0.241717    0.245992  0.00381904
           4     1.26865    0.123748    0.126512  0.00227608
           4     1.29172   0.0628264   0.0678644  0.00238701
           4     1.31479   0.0594717   0.0606932  0.00244313
           4     1.33785   0.0884165   0.0862476  0.00196238
           4     1.36092    0.150795    0.150415  0.00325916
           4     1.38399    0.259693    0.256333  0.00518251
           4     1.40705    0.405354    0.409943  0.00261618
           4     1.43012    0.611719    0.611421  0.00288515
           4     1.45319    0.838663    0.837382  0.00145111
           4     1.47625     1.05453     1.05537  0.00288859
           4     1.49932     1.22579     1.21197  0.00480106
           4     1.52238     1.27141      1.2787  0.00736281
           4     1.54545     1.21207     1.21058  0.00764472
           4     1.56852     1.04673     1.06205     0.00581
           4     1.59158    0.848178    0.854355  0.00509749
           4     1.61465     0.62531    0.622198  0.00360923
           4     1.63772    0.438945    0.433379  0.00232923
           4     1.66078    0.309737    0.306823  0.00313431
           4     1.68385     0.26936    0.274014  0.00467809
           4     1.70692    0.360828    0.364487  0.00230932
           4     1.72998    0.601863    0.604863  0.00570185
           4     1.75305     1.01593       1.024    0.006805
           4     1.77612      1.6024     1.61244  0.00535092
           4     1.79918     2.31631      2.2989  0.00622428
           4     1.82225     2.97528     2.96975  0.00501764
           4     1.84531     3.43142     3.42818  0.00710419
           4     1.86838     3.56411     3.56767  0.00963915
           4     1.89145     3.35298     3.35541   0.0102762
           4     1.91451     2.88958     2.88444  0.00709828
           4     1.93758     2.27468     2.24887   0.0100978
           4     1.96065     1.61063     1.61109  0.00146276
           4     1.98371      1.0821      1.0853  0.00351151
           4     2.00678    0.746083    0.747903  0.00563038
           4     2.02985    0.591266    0.603628  0.00583879
           4     2.05291    0.634672    0.641649  0.00543922
           4     2.07598    0.784994    0.801947   0.0064333
           4     2.09905     1.01437     1.01105  0.00294679
           4     2.12211     1.22119     1.21347  0.00287855
           4     2.14518       1.337     1.32648   0.0066604
           4     2.16824     1.33818     1.32917  0.00444368
           4     2.19131     1.21948     1.22185  0.00231245
           4     2.21438     1.06994     1.05932  0.00370956
           4     2.23744    0.884195    0.891578  0.00377792
           4     2.26051    0.789632    0.786751  0.00266996
           4     2.28358    0.785556    0.785042  0.00571495
           5           0           0           0           0
           5   0.0230664           0           0           0
           5   0.0461329           0           0           0
           5   0.0691993           0           0           0
           5   0.0922657           0           0           0
           5    0.115332           0           0           0
           5    0.138399           0           0           0
           5    0.161465           0           0           0
           5    0.184531           0           0           0
           5    0.207598           0           0           0
           5    0.230664           0           0           0
           5    0.253731           0           0           0
           5    0.276797           0           0           0
           5    0.299864           0           0           0
           5     0.32293           0           0           0
           5    0.345996           0           0           0
           5    0.369063           0           0           0
           5    0.392129           0           0           0
           5    0.415196           0           0           0
           5    0.438262           0           0           0
           5    0.461329           0           0           0
           5    0.484395           0           0           0
           5    0.507461           0           0           0
           5    0.530528           0           0           0
           5    0.553594           0           0           0
           5    0.576661           0           0           0
           5    0.599727           0           0           0
           5    0.622794           0           0           0
           5     0.64586           0           0           0
           5    0.668926           0           0           0
           5    0.691993           0           0           0
           5    0.715059           0           0           0
           5    0.738126           0           0           0
           5    0.761192           0           0           0
           5    0.784259           0           0           0
           5    0.807325           0           0           0
           5    0.830391           0           0           0
           5    0.853458           0           0           0
           5    0.876524 0.000196375 0.000137462 5.89124e-05
           5    0.899591  0.00624969  0.00548481  0.00053536
           5    0.922657   0.0677895   0.0654826  0.00186438
           5    0.945724    0.412133    0.409969   0.0049479
           5     0.96879     1.39613     1.37953   0.0122649
           5    0.991856     3.05294     3.03666   0.0111516
           5     1.01492     4.83463     4.86879   0.0107065
           5     1.03799     6.06507     6.10192    0.016519
           5     1.06106     6.44425     6.46093   0.0149593
           5     1.08412     5.99561     5.92784   0.0218124
           5     1.10719     4.78645     4.81597    0.016227
           5     1.13026     3.58334     3.58579  0.00802636
           5     1.15332     2.44828     2.43932  0.00382115
           5     1.17639     1.52437      1.5316  0.00604459
           5     1.19945    0.909344    0.901402  0.00842213
           5     1.22252    0.471979     0.48642  0.00404096
           5     1.24559    0.253085    0.247411  0.00328075
           5     1.26865    0.128284    0.126867   0.0017983
           5     1.29172   0.0769601   0.0696835  0.00259383
           5     1.31479    0.064534   0.0614614   0.0020424
           5     1.33785    0.096582   0.0883145  0.00256565
           5     1.36092    0.152152    0.150762  0.00254833
           5     1.38399    0.261005    0.257268  0.00412168
           5     1.40705    0.424941    0.412943  0.00361994
           5     1.43012    0.632436    0.615624  0.00476006
           5     1.45319    0.829134    0.835732  0.00199609
           5     1.47625     1.04033     1.05236  0.00374945
           5     1.49932     1.20241     1.21006  0.00418144
           5     1.52238     1.24143     1.27125  0.00938595
           5     1.54545     1.20313     1.20909   0.0061062
           5     1.56852     1.05793     1.06123  0.00457542
           5     1.59158     0.84851    0.853186  0.00411795
           5     1.61465    0.631371    0.624033  0.00334389
           5     1.63772    0.439856    0.434675  0.00222107
           5     1.66078    0.317961     0.30905  0.00329495
           5     1.68385    0.277873    0.274786  0.00370493
           5     1.70692    0.371999    0.365989  0.00233613
           5     1.72998    0.622647     0.60842  0.00567072
           5     1.75305     1.03623     1.02645  0.00581046
           5     1.77612     1.62195     1.61434  0.00456097
           5     1.79918     2.30644     2.30041  0.00505166
           5     1.82225     2.94601       2.965  0.00613625
           5     1.84531     3.40139     3.42282  0.00768032
           5     1.86838     3.54055     3.56225  0.00922881
           5     1.89145     3.36759     3.35784   0.0083245
           5     1.91451     2.86994     2.88154  0.00621696
           5     1.93758     2.24683     2.24846  0.00783229
           5     1.96065      1.6081     1.61049  0.00128084
           5     1.98371     1.10604     1.08945  0.00495958
           5     2.00678    0.752831    0.748889  0.00447127
           5     2.02985    0.615498    0.606002  0.00510789
           5     2.05291      0.6481    0.642939  0.00440628
           5     2.07598      0.7977    0.801098  0.00505509
           5     2.09905     1.01463     1.01176  0.00239231
           5     2.12211     1.21053     1.21288  0.00230608
           5     2.14518     1.32495     1.32617  0.00516816
           5     2.16824     1.32351     1.32804  0.00362365
           5     2.19131     1.22677     1.22284  0.00204362
           5     2.21438     1.04983     1.05742  0.00344421
           5     2.23744     0.89629     0.89252  0.00307436
           5     2.26051    0.796127    0.788627  0.00279166
           5     2.28358    0.797861    0.787606  0.00511565
           6           0           0           0           0
           6   0.0230664           0           0           0
           6   0.0461329           0           0           0
           6   0.0691993           0           0           0
           6   0.0922657           0           0           0
           6    0.115332           0           0           0
           6    0.138399           0           0           0
           6    0.161465           0           0           0
           6    0.184531           0           0           0
           6    0.207598           0           0           0
           6    0.230664           0           0           0
           6    0.253731           0           0           0
           6    0.276797           0           0           0
           6    0.299864           0           0           0
           6     0.32293           0           0           0
           6    0.345996           0           0           0
           6    0.369063           0           0           0
           6    0.392129           0           0           0
           6    0.415196           0           0           0
           6    0.438262           0           0           0
           6    0.461329           0           0           0
           6    0.484395           0           0           0
           6    0.507461           0           0           0
           6    0.530528           0           0           0
           6    0.553594           0           0           0
           6    0.576661           0           0           0
           6    0.599727           0           0           0
           6    0.622794           0           0           0
           6     0.64586           0           0           0
           6    0.668926           0           0           0
           6    0.691993           0           0           0
           6    0.715059           0           0           0
           6    0.738126           0           0           0
           6    0.761192           0           0           0
           6    0.784259           0           0           0
           6    0.807325           0           0           0
           6    0.830391           0           0           0
           6    0.853458           0           0           0
           6    0.876524           0 0.000114552 5.32791e-05
           6    0.899591    0.008022  0.00590767 0.000608184
           6    0.922657   0.0664586   0.0656452  0.00153093
           6    0.945724    0.397682    0.407921  0.00452933
           6     0.96879     1.39001     1.38128   0.0101653
           6    0.991856     3.04463     3.03799  0.00920158
           6     1.01492     4.83794     4.86365   0.0101421
           6     1.03799     6.18395      6.1156   0.0192047
           6     1.06106     6.45885     6.46058   0.0122191
           6     1.08412     5.88692     5.92102   0.0190711
           6     1.10719      4.8271     4.81783   0.0133784
           6     1.13026     3.54794     3.57948   0.0090962
           6     1.15332     2.44651     2.44052  0.00334222
           6     1.17639     1.52552     1.53059  0.00503835
           6     1.19945      0.8944    0.900235  0.00697495
           6     1.22252    0.491912    0.487335  0.00342403
           6     1.24559    0.248528    0.247597  0.00268518
           6     1.26865    0.128001    0.127056  0.00148042
           6     1.29172   0.0744525   0.0704784  0.00226209
           6     1.31479   0.0583711   0.0609463  0.00174533
           6     1.33785   0.0894798   0.0885087  0.00210383
           6     1.36092     0.15433    0.151357  0.00216403
           6     1.38399    0.259892    0.257705  0.00339364
           6     1.40705    0.411357    0.412679  0.00296746
           6     1.43012    0.617085    0.615868  0.00389419
           6     1.45319    0.849131    0.837965  0.00276457
           6     1.47625     1.04593     1.05129  0.00324395
           6     1.49932     1.20811     1.20973  0.00342952
           6     1.52238     1.24775     1.26733  0.00860637
           6     1.54545     1.22325     1.21145  0.00551632
           6     1.56852     1.06978     1.06265  0.00399828
           6     1.59158    0.846039    0.851995  0.00356707
           6     1.61465    0.632923    0.625515  0.00310643
           6     1.63772    0.430888    0.434044  0.00192016
           6     1.66078    0.304061    0.308219  0.00281592
           6     1.68385    0.275476    0.274901  0.00302725
           6     1.70692    0.356108    0.364342  0.00251998
           6     1.72998    0.605003     0.60785    0.004665
           6     1.75305       1.036     1.02804  0.00500436
           6     1.77612     1.61948      1.6152  0.00382136
           6     1.79918      2.3267     2.30479  0.00601849
           6     1.82225      2.9788      2.9673  0.00551283
           6     1.84531     3.41219     3.42105  0.00651632
           6     1.86838     3.54581     3.55951   0.0080179
           6     1.89145     3.34405     3.35554  0.00717537
           6     1.91451     2.88939     2.88285  0.00524198
           6     1.93758     2.22423     2.24442  0.00756357
           6     1.96065     1.61651      1.6115  0.00144843
           6     1.98371      1.0876     1.08914  0.00406122
           6     2.00678    0.757356      0.7503  0.00391402
           6     2.02985    0.618044    0.608009  0.00462833
           6     2.05291    0.644992    0.643281  0.00361395
           6     2.07598    0.801645    0.801189  0.00412847
           6     2.09905     1.01338     1.01203  0.00197173
           6     2.12211     1.20777     1.21203  0.00206656
           6     2.14518     1.31987     1.32512  0.00434845
           6     2.16824     1.31805     1.32638  0.00339507
           6     2.19131     1.22251     1.22278  0.00166949
           6     2.21438     1.06161     1.05812  0.00289754
           6     2.23744    0.886338     0.89149  0.00271345
           6     2.26051    0.786721    0.788309  0.00230139
           6     2.28358    0.794495    0.788754  0.00433184
           7           0           0           0           0
           7   0.0230664           0           0           0
           7   0.0461329           0           0           0
           7   0.0691993           0           0           0
           7   0.0922657           0           0           0
           7    0.115332           0           0           0
           7    0.138399           0           0           0
           7    0.161465           0           0           0
           7    0.184531           0           0           0
           7    0.207598           0           0           0
           7    0.230664           0           0           0
           7    0.253731           0           0           0
           7    0.276797           0           0           0
           7    0.299864           0           0           0
           7     0.32293           0           0           0
           7    0.345996           0           0           0
           7    0.369063           0           0           0
           7    0.392129           0           0           0
           7    0.415196           0           0           0
           7    0.438262           0           0           0
           7    0.461329           0           0           0
           7    0.484395           0           0           0
           7    0.507461           0           0           0
           7    0.530528           0           0           0
           7    0.553594           0           0           0
           7    0.576661           0           0           0
           7    0.599727           0           0           0
           7    0.622794           0           0           0
           7     0.64586           0           0           0
           7    0.668926           0           0           0
           7    0.691993           0           0           0
           7    0.715059           0           0           0
           7    0.738126           0           0           0
           7    0.761192           0           0           0
           7    0.784259           0           0           0
           7    0.807325           0           0           0
           7    0.830391           0           0           0
           7    0.853458           0           0           0
           7    0.876524 0.000196375 0.000126241 4.65215e-05
           7    0.899591  0.00466395     0.00573 0.000543851
           7    0.922657    0.064684   0.0655079  0.00130114
           7    0.945724    0.417287    0.409259  0.00405508
           7     0.96879     1.35157     1.37704  0.00958216
           7    0.991856     3.03463     3.03751  0.00779155
           7     1.01492     4.82052     4.85749   0.0105563
           7     1.03799     6.18304     6.12523    0.018875
           7     1.06106     6.46457     6.46115   0.0103428
           7     1.08412     5.96658     5.92753   0.0173826
           7     1.10719     4.81646     4.81763   0.0113085
           7     1.13026     3.56415     3.57729  0.00799334
           7     1.15332     2.41998     2.43759  0.00407347
           7     1.17639     1.52777     1.53018  0.00427715
           7     1.19945    0.899575     0.90014  0.00589567
           7     1.22252    0.478132    0.486021  0.00317852
           7     1.24559    0.249753    0.247905   0.0022902
           7     1.26865    0.129702    0.127434  0.00130704
           7     1.29172   0.0688446    0.070245  0.00192601
           7     1.31479   0.0590315   0.0606728  0.00150023
           7     1.33785   0.0805913   0.0873776  0.00210731
           7     1.36092    0.150178    0.151188  0.00183667
           7     1.38399    0.247645    0.256268  0.00320807
           7     1.40705    0.420439    0.413787  0.00274206
           7     1.43012     0.60654    0.614535  0.00355069
           7     1.45319    0.841623    0.838488   0.0023942
           7     1.47625     1.05908      1.0524  0.00295888
           7     1.49932     1.22192     1.21147  0.00338097
           7     1.52238     1.26743     1.26734  0.00727372
           7     1.54545      1.2283     1.21386  0.00524691
           7     1.56852     1.05855     1.06207  0.00342966
           7     1.59158    0.847787    0.851394  0.00307408
           7     1.61465    0.621415    0.624929  0.00268994
           7     1.63772    0.434988    0.434178  0.00162843
           7     1.66078    0.305584    0.307842  0.00240947
           7     1.68385    0.267744    0.273878  0.00275524
           7     1.70692    0.354037     0.36287  0.00258909
           7     1.72998    0.600305    0.606772  0.00408733
           7     1.75305     1.03227     1.02864  0.00427245
           7     1.77612     1.60846     1.61423  0.00337014
           7     1.79918     2.29862     2.30391  0.00516231
           7     1.82225     2.96841     2.96746   0.0046619
           7     1.84531     3.45949     3.42654  0.00777764
           7     1.86838     3.57859     3.56224   0.0073041
           7     1.89145     3.37755     3.35869  0.00683105
           7     1.91451       2.872      2.8813  0.00469351
           7     1.93758     2.22074     2.24104  0.00723224
           7     1.96065     1.60908     1.61115  0.00127186
           7     1.98371     1.08114       1.088  0.00361768
           7     2.00678    0.755265    0.751009  0.00338313
           7     2.02985    0.608437     0.60807  0.00391213
           7     2.05291    0.640759    0.642921  0.00307553
           7     2.07598    0.794359    0.800213  0.00362304
           7     2.09905     1.01738      1.0128  0.00183289
           7     2.12211     1.21349     1.21224  0.00175892
           7     2.14518     1.34008     1.32726  0.00425143
           7     2.16824     1.31277     1.32443  0.00346573
           7     2.19131     1.21575     1.22178  0.00173253
           7     2.21438     1.04927     1.05686  0.00275641
           7     2.23744    0.882327    0.890181   0.0026406
           7     2.26051    0.777316    0.786739  0.00249991
           7     2.28358    0.788129    0.788665  0.00366216
           8           0           0           0           0
           8   0.0230664           0           0           0
           8   0.0461329           0           0           0
           8   0.0691993           0           0           0
           8   0.0922657           0           0           0
           8    0.115332           0           0           0
           8    0.138399           0           0           0
           8    0.161465           0           0           0
           8    0.184531           0           0           0
           8    0.207598           0           0           0
           8    0.230664           0           0           0
           8    0.253731           0           0           0
           8    0.276797           0           0           0
           8    0.299864           0           0           0
           8     0.32293           0           0           0
           8    0.345996           0           0           0
           8    0.369063           0           0           0
           8    0.392129           0           0           0
           8    0.415196           0           0           0
           8    0.438262           0           0           0
           8    0.461329           0           0           0
           8    0.484395           0           0           0
           8    0.507461           0           0           0
           8    0.530528           0           0           0
           8    0.553594           0           0           0
           8    0.576661           0           0           0
           8    0.599727           0           0           0
           8    0.622794           0           0           0
           8     0.64586           0           0           0
           8    0.668926           0           0           0
           8    0.691993           0           0           0
           8    0.715059           0           0           0
           8    0.738126           0           0           0
           8    0.761192           0           0           0
           8    0.784259           0           0           0
           8    0.807325           0           0           0
           8    0.830391           0           0           0
           8    0.853458           0           0           0
           8    0.876524           0 0.000110461 4.32689e-05
           8    0.899591  0.00289165   0.0053752 0.000589668
           8    0.922657   0.0562547   0.0643512   0.0016148
           8    0.945724    0.379006    0.405478  0.00516075
           8     0.96879     1.35101     1.37378   0.0089133
           8    0.991856     2.98148     3.03051  0.00972506
           8     1.01492     4.79384     4.84953   0.0121192
           8     1.03799     6.14339      6.1275   0.0165031
           8     1.06106     6.56534     6.47417   0.0158062
           8     1.08412     5.98116     5.93423   0.0164791
           8     1.10719     4.89021      4.8267   0.0133497
           8     1.13026     3.65806     3.58739   0.0122419
           8     1.15332     2.44195     2.43813  0.00356961
           8     1.17639     1.50165     1.52662  0.00514228
           8     1.19945    0.870004    0.896373  0.00634505
           8     1.22252    0.455402    0.482193  0.00471438
           8     1.24559    0.226527    0.245233  0.00332786
           8     1.26865    0.108959    0.125124  0.00257184
           8     1.29172   0.0583584   0.0687591  0.00223379
           8     1.31479   0.0503154   0.0593781  0.00183417
           8     1.33785   0.0732339   0.0856097  0.00254092
           8     1.36092    0.138174    0.149562  0.00227521
           8     1.38399    0.238141    0.254002  0.00358505
           8     1.40705    0.399274    0.411973  0.00298832
           8     1.43012    0.614439    0.614523  0.00307501
           8     1.45319    0.848698    0.839764  0.00243472
           8     1.47625     1.06989     1.05459  0.00336814
           8     1.49932     1.22813     1.21356  0.00359247
           8     1.52238     1.29902      1.2713  0.00744054
           8     1.54545     1.24616      1.2179  0.00607854
           8     1.56852     1.07986     1.06429  0.00371046
           8     1.59158     0.84405    0.850476  0.00281604
           8     1.61465    0.614504    0.623626  0.00266925
           8     1.63772    0.424739    0.432999  0.00183879
           8     1.66078    0.286948    0.305231  0.00334295
           8     1.68385    0.242984    0.270017  0.00453946
           8     1.70692    0.320655    0.357593  0.00573353
           8     1.72998    0.565989    0.601675  0.00620633
           8     1.75305    0.992778     1.02416  0.00581289
           8     1.77612     1.60887     1.61356   0.0029947
           8     1.79918     2.28813     2.30194  0.00488619
           8     1.82225      3.0013     2.97169  0.00584733
           8     1.84531     3.48253     3.43354  0.00971393
           8     1.86838     3.65931     3.57437   0.0136846
           8     1.89145     3.40691     3.36472  0.00844622
           8     1.91451      2.9307     2.88748  0.00739291
           8     1.93758     2.25941     2.24333  0.00667103
           8     1.96065     1.58591     1.60799  0.00334239
           8     1.98371     1.05809     1.08426   0.0048778
           8     2.00678    0.715458    0.746565  0.00532283
           8     2.02985    0.567276    0.602971  0.00612222
           8     2.05291    0.606091    0.638317  0.00531874
           8     2.07598    0.778241    0.797467   0.0041699
           8     2.09905      1.0021     1.01146   0.0020758
           8     2.12211     1.21366     1.21241  0.00153357
           8     2.14518     1.35074      1.3302  0.00470846
           8     2.16824     1.35842     1.32868  0.00520178
           8     2.19131     1.24134     1.22422  0.00286921
           8     2.21438     1.07276     1.05884  0.00310617
           8     2.23744    0.877596    0.888608  0.00277567
           8     2.26051    0.753884    0.782632  0.00464255
           8     2.28358    0.754008    0.784332  0.00536897
           9           0           0           0           0
           9   0.0230664           0           0           0
           9   0.0461329           0           0           0
           9   0.0691993           0           0           0
           9   0.0922657           0           0           0
           9    0.115332           0           0           0
           9    0.138399           0           0           0
           9    0.161465           0           0           0
           9    0.184531           0           0           0
           9    0.207598           0           0           0
           9    0.230664           0           0           0
           9    0.253731           0           0           0
           9    0.276797           0           0           0
           9    0.299864           0           0           0
           9     0.32293           0           0           0
           9    0.345996           0           0           0
           9    0.369063           0           0           0
           9    0.392129           0           0           0
           9    0.415196           0           0           0
           9    0.438262           0           0           0
           9    0.461329           0           0           0
           9    0.484395           0           0           0
           9    0.507461           0           0           0
           9    0.530528           0           0           0
           9    0.553594           0           0           0
           9    0.576661           0           0           0
           9    0.599727           0           0           0
           9    0.622794           0           0           0
           9     0.64586           0           0           0
           9    0.668926           0           0           0
           9    0.691993           0           0           0
           9    0.715059           0           0           0
           9    0.738126           0           0           0
           9    0.761192           0           0           0
           9    0.784259           0           0           0
           9    0.807325           0           0           0
           9    0.830391           0           0           0
           9    0.853458           0           0           0
           9    0.876524 0.000392749 0.000141826 4.93958e-05
           9    0.899591  0.00559674  0.00539982 0.000520621
           9    0.922657   0.0681444   0.0647727  0.00148517
           9    0.945724    0.423794    0.407513  0.00498566
           9     0.96879     1.38663     1.37521  0.00798924
           9    0.991856     3.04817     3.03247  0.00879833
           9     1.01492     4.85543     4.85019   0.0107082
           9     1.03799     6.13425     6.12825   0.0145737
           9     1.06106     6.46437     6.47308   0.0139822
           9     1.08412     5.90234     5.93069   0.0149591
           9     1.10719     4.79288     4.82295   0.0123586
           9     1.13026     3.55643     3.58395   0.0113309
           9     1.15332     2.41182     2.43521  0.00429656
           9     1.17639     1.53183      1.5272  0.00457191
           9     1.19945    0.911614    0.898067  0.00584642
           9     1.22252    0.498064    0.483957  0.00451622
           9     1.24559    0.271264    0.248125  0.00412061
           9     1.26865    0.128284    0.125476  0.00229516
           9     1.29172   0.0740878   0.0693512  0.00205706
           9     1.31479   0.0605282   0.0595059  0.00162263
           9     1.33785   0.0890119   0.0859877  0.00227255
           9     1.36092    0.149685    0.149575  0.00200659
           9     1.38399    0.254922    0.254104  0.00316337
           9     1.40705    0.421362    0.413016  0.00283443
           9     1.43012    0.612837    0.614336  0.00271836
           9     1.45319    0.827005    0.838346  0.00257303
           9     1.47625     1.05345     1.05446  0.00297313
           9     1.49932     1.20496      1.2126  0.00330922
           9     1.52238     1.27105     1.27128  0.00656201
           9     1.54545      1.2245     1.21863  0.00541076
           9     1.56852     1.04993     1.06269  0.00364084
           9     1.59158    0.855711    0.851058  0.00255073
           9     1.61465    0.618194    0.623022   0.0024302
           9     1.63772    0.435614    0.433289   0.0016475
           9     1.66078    0.310208    0.305784  0.00299963
           9     1.68385    0.286252    0.271821  0.00439109
           9     1.70692    0.374228    0.359441  0.00538373
           9     1.72998    0.600356    0.601528  0.00547543
           9     1.75305     1.03244     1.02508  0.00520848
           9     1.77612     1.62702     1.61506  0.00303484
           9     1.79918     2.31813     2.30373  0.00466977
           9     1.82225     2.94895     2.96916  0.00574232
           9     1.84531     3.40624      3.4305  0.00908804
           9     1.86838     3.53674     3.57019   0.0127725
           9     1.89145     3.35596     3.36374  0.00751218
           9     1.91451     2.88557     2.88726  0.00652337
           9     1.93758     2.22922     2.24177  0.00608869
           9     1.96065      1.6187     1.60918   0.0031785
           9     1.98371     1.11411     1.08758  0.00543203
           9     2.00678    0.764617    0.748571  0.00510487
           9     2.02985    0.609979     0.60375  0.00545515
           9     2.05291     0.64432    0.638984  0.00473787
           9     2.07598    0.795888    0.797291  0.00368169
           9     2.09905     1.00618     1.01087  0.00192233
           9     2.12211     1.20576     1.21167  0.00154121
           9     2.14518     1.32557     1.32968  0.00418419
           9     2.16824     1.32191     1.32793  0.00464876
           9     2.19131     1.21699     1.22342  0.00265497
           9     2.21438      1.0557      1.0585  0.00276151
           9     2.23744    0.891574    0.888937     0.00247
           9     2.26051    0.788762    0.783313  0.00415061
           9     2.28358    0.791863    0.785169  0.00480835
          10           0           0           0           0
          10   0.0230664           0           0           0
          10   0.0461329           0           0           0
          10   0.0691993           0           0           0
          10   0.0922657           0           0           0
          10    0.115332           0           0           0
          10    0.138399           0           0           0
          10    0.161465           0           0           0
          10    0.184531           0           0           0
          10    0.207598           0           0           0
          10    0.230664           0           0           0
          10    0.253731           0           0           0
          10    0.276797           0           0           0
          10    0.299864           0           0           0
          10     0.32293           0           0           0
          10    0.345996           0           0           0
          10    0.369063           0           0           0
          10    0.392129           0           0           0
          10    0.415196           0           0           0
          10    0.438262           0           0           0
          10    0.461329           0           0           0
          10    0.484395           0           0           0
          10    0.507461           0           0           0
          10    0.530528           0           0           0
          10    0.553594           0           0           0
          10    0.576661           0           0           0
          10    0.599727           0           0           0
          10    0.622794           0           0           0
          10     0.64586           0           0           0
          10    0.668926           0           0           0
          10    0.691993           0           0           0
          10    0.715059           0           0           0
          10    0.738126           0           0           0
          10    0.761192           0           0           0
          10    0.784259           0           0           0
          10    0.807325           0           0           0
          10    0.830391           0           0           0
          10    0.853458           0           0           0
          10    0.876524 0.000392749 0.000166918 5.08092e-05
          10    0.899591  0.00382444  0.00524228 0.000491584
          10    0.922657    0.063708   0.0646662  0.00133264
          10    0.945724    0.388471    0.405609  0.00484885
          10     0.96879     1.39154     1.37684  0.00733001
          10    0.991856     3.02786     3.03201  0.00788294
          10     1.01492     4.84911     4.85008  0.00957828
          10     1.03799      6.1107     6.12649   0.0131527
          10     1.06106      6.5026     6.47604   0.0128497
          10     1.08412     5.92672     5.93029   0.0133857
          10     1.10719     4.85593     4.82624   0.0115355
          10     1.13026     3.58162     3.58371   0.0101374
          10     1.15332     2.42163     2.43385  0.00407572
          10     1.17639     1.52497     1.52697  0.00409529
          10     1.19945    0.895773    0.897837  0.00523423
          10     1.22252    0.483725    0.483934  0.00403949
          10     1.24559    0.247597    0.248072  0.00368596
          10     1.26865    0.121953    0.125123  0.00208286
          10     1.29172   0.0662459   0.0690407  0.00186592
          10     1.31479   0.0630813   0.0598634  0.00149472
          10     1.33785   0.0874809    0.086137   0.0020381
          10     1.36092     0.14656    0.149274  0.00181989
          10     1.38399    0.252257    0.253919  0.00283542
          10     1.40705    0.409241    0.412639  0.00256315
          10     1.43012    0.617085    0.614611  0.00244687
          10     1.45319    0.833971    0.837909  0.00234262
          10     1.47625     1.06947     1.05596  0.00305353
          10     1.49932     1.21754     1.21309  0.00300082
          10     1.52238     1.26749      1.2709   0.0058814
          10     1.54545     1.20064     1.21683  0.00516314
          10     1.56852     1.06683     1.06311  0.00328262
          10     1.59158    0.855048    0.851457  0.00231609
          10     1.61465    0.620566    0.622777  0.00218747
          10     1.63772    0.437863    0.433747  0.00154293
          10     1.66078    0.305085    0.305714  0.00268386
          10     1.68385    0.270976    0.271736  0.00392842
          10     1.70692    0.355531     0.35905  0.00483121
          10     1.72998    0.583556    0.599731  0.00521673
          10     1.75305     1.00384     1.02296  0.00511979
          10     1.77612     1.60705     1.61426  0.00283009
          10     1.79918     2.29869     2.30323  0.00420712
          10     1.82225     2.97686     2.96993  0.00519351
          10     1.84531     3.45525     3.43298  0.00849676
          10     1.86838     3.59047     3.57222   0.0116026
          10     1.89145     3.41344     3.36871   0.0083571
          10     1.91451     2.88148     2.88669  0.00586329
          10     1.93758     2.22211      2.2398  0.00578986
          10     1.96065     1.60229     1.60849  0.00292531
          10     1.98371      1.0926     1.08808  0.00488443
          10     2.00678    0.739163     0.74763  0.00466185
          10     2.02985    0.599313    0.603306  0.00489937
          10     2.05291    0.626895    0.637775  0.00440674
          10     2.07598    0.787713    0.796334  0.00342948
          10     2.09905      1.0167     1.01145  0.00181539
          10     2.12211     1.20891      1.2114  0.00140596
          10     2.14518     1.34473     1.33119  0.00403367
          10     2.16824     1.32418     1.32755  0.00417485
          10     2.19131     1.23782     1.22486  0.00277698
          10     2.21438     1.05305     1.05795  0.00252933
          10     2.23744    0.894009    0.889444  0.00226669
          10     2.26051    0.783391    0.783321  0.00371243
          10     2.28358    0.782249    0.784877  0.00431062
