-8.55503
-7.53285
-7.49142
-7.44188
-7.47176
-7.50119
-7.5298
-7.56086
-7.49114
-7.48783
-7.57701
-7.51119
-7.48318
-7.47329
-7.39773
-7.37477
-7.38694
-7.29541
-7.33309
-7.3604
-7.45563
-7.53629
-7.63241
-7.54195
-7.50908
-7.48831
-7.44565
-7.39384
-7.34147
-7.33035
-7.42624
-7.43789
-7.45397
-7.49387
-7.44185
-7.52158
-7.54926
-7.46938
-7.47189
-7.4337
-7.48475
-7.48082
-7.47983
-7.52214
-7.494
-7.49374
-7.49568
-7.47614
-7.50923
-7.50901
-7.48857
-7.49706
-7.54662
-7.49498
-7.47952
-7.41521
-7.43608
-7.47242
-7.40674
-7.54807
-7.58081
-7.54323
-7.51911
-7.53378
-7.59054
-7.61071
-7.61293
-7.61326
-7.60379
-7.64038
-7.64426
-7.56469
-7.54549
-7.45302
-7.41084
-7.43647
-7.40353
-7.45468
-7.54018
-7.5446
-7.44119
-7.43457
-7.48498
-7.4631
-7.36797
-7.43933
-7.49331
-7.46826
-7.54927
-7.5163
-7.5224
-7.62314
-7.5678
-7.55538
-7.55349
-7.62884
-7.60555
-7.7032
-7.60456
-7.5918
-7.61018
-7.58834
-7.5693
-7.60692
-7.55706
-7.57009
-7.62825
-7.54932
-7.63096
-7.60395
-7.62119
-7.62367
-7.54784
-7.50309
-7.50954
-7.43962
-7.54378
-7.50376
-7.54642
-7.54167
-7.59942
-7.46732
-7.44945
-7.49821
-7.4929
-7.49702
-7.49593
-7.50223
-7.54626
-7.53956
-7.53979
-7.51669
-7.53041
-7.47915
-7.53328
-7.53735
-7.45244
-7.55679
-7.58785
-7.54001
-7.55597
-7.50025
-7.43706
-7.43248
-7.40864
-7.46529
-7.55284
-7.56513
-7.50664
-7.49727
-7.49704
-7.47335
-7.40351
-7.3418
-7.37924
-7.35647
-7.32508
-7.3964
-7.4646
-7.46753
-7.42051
-7.49781
-7.5351
-7.55637
-7.52806
-7.55999
-7.57422
-7.48292
-7.51604
-7.40771
-7.47163
-7.49266
-7.50948
-7.54369
-7.44857
-7.46658
-7.44565
-7.50677
-7.54465
-7.52774
-7.52498
-7.50677
-7.41822
-7.48384
-7.4569
-7.45904
-7.44309
-7.38301
-7.36166
-7.38175
-7.3935
-7.40142
-7.40497
-7.36774
-7.32931
-7.33581
-7.40129
-7.32247
-7.41894
-7.44262
-7.46768
-7.39737
-7.38647
-7.37776
-7.44223
-7.49585
-7.51451
-7.52185
-7.54964
-7.50273
-7.50663
-7.46832
-7.45871
-7.50053
-7.41826
-7.39739
-7.39997
-7.38957
-7.43128
-7.50647
-7.48086
-7.46619
-7.45658
-7.4409
-7.42685
-7.45322
-7.42946
-7.44015
-7.38848
-7.32971
-7.35845
-7.4119
-7.34784
-7.34353
-7.42398
-7.45152
-7.50789
-7.55882
-7.58938
-7.52786
-7.47622
-7.43123
-7.40309
-7.39949
-7.39511
-7.41696
-7.36445
-7.4297
-7.49089
-7.5162
-7.51018
-7.50816
-7.51055
-7.44071
-7.42263
-7.44603
-7.44319
-7.38332
-7.42657
-7.41326
-7.35112
-7.46302
-7.47736
-7.51165
-7.57739
-7.48153
-7.46776
-7.43382
-7.49329
-7.52671
-7.53502
-7.45292
-7.45206
-7.46954
-7.57066
-7.52537
-7.49395
-7.48991
-7.52382
-7.54151
-7.53049
-7.51647
-7.59035
-7.58459
-7.58919
-7.63057
-7.60636
-7.60891
-7.57691
-7.52859
-7.48555
-7.54476
-7.54749
-7.56742
-7.47082
-7.46606
-7.48713
-7.4582
-7.46854
-7.54901
-7.58551
-7.53074
-7.50157
-7.46777
-7.52682
-7.51901
-7.49701
-7.49183
-7.4484
-7.40794
-7.47559
-7.47201
-7.4452
-7.40756
-7.44773
-7.47023
-7.46035
-7.39968
-7.45209
-7.48879
-7.49424
-7.4965
-7.43131
-7.50172
-7.46353
-7.44964
-7.42875
-7.41015
-7.4667
-7.50213
-7.37727
-7.40115
-7.45179
-7.47665
-7.50539
-7.52612
-7.5286
-7.57009
-7.63202
-7.59632
-7.59695
-7.58563
-7.65057
-7.56832
-7.60653
-7.55255
-7.58251
-7.59995
-7.62742
-7.5743
-7.54945
-7.53557
-7.5116
-7.46415
-7.52366
-7.60521
-7.54546
-7.52942
-7.56454
-7.53315
-7.58399
-7.5862
-7.58949
-7.63754
-7.58725
-7.6104
-7.61564
-7.59649
-7.61607
-7.6201
-7.61938
-7.66389
-7.59072
-7.62681
-7.61623
-7.62395
-7.69197
-7.65101
-7.53352
-7.48129
-7.47779
-7.47512
-7.46996
-7.43436
-7.53709
-7.49217
-7.5146
-7.50819
-7.48848
-7.56566
-7.57456
-7.57854
-7.6102
-7.64014
-7.66189
-7.67662
-7.68896
-7.59998
-7.55294
-7.54888
-7.54739
-7.48562
-7.52859
-7.53232
-7.59022
-7.58117
-7.57756
-7.58953
-7.60162
-7.5326
-7.51219
-7.45645
-7.38929
-7.38489
-7.47977
-7.57665
-7.59886
-7.61203
-7.56504
-7.52677
-7.44751
-7.48064
-7.43707
-7.42519
-7.40351
-7.41396
-7.42883
-7.47652
-7.40671
-7.41779
-7.3885
-7.33226
-7.34866
-7.4239
-7.43111
-7.47471
-7.42948
-7.40645
-7.44495
-7.47036
-7.44327
-7.41376
-7.40986
-7.41707
-7.33734
-7.38768
-7.32609
-7.45855
-7.41473
-7.44609
-7.4185
-7.4703
-7.432
-7.35805
-7.37516
-7.30547
-7.42302
-7.45177
-7.36436
-7.46501
-7.42821
-7.39846
-7.43398
-7.43495
-7.4382
-7.45832
-7.44048
-7.48581
-7.4464
-7.45079
-7.51189
-7.54703
-7.51267
-7.50437
-7.55291
-7.54552
-7.55914
-7.5348
-7.47885
-7.48794
-7.45401
-7.39766
-7.42452
-7.42252
-7.4038
-7.46891
-7.43507
-7.45668
-7.45044
-7.42553
-7.44073
-7.42734
-7.3579
-7.32859
-7.4142
-7.43694
-7.40328
-7.42967
-7.52852
-7.5279
-7.49317
-7.4346
-7.41874
-7.44436
-7.41239
-7.45194
-7.44018
-7.48127
-7.49636
-7.48582
-7.46464
-7.46531
-7.42474
-7.45883
-7.51315
-7.5439
-7.47561
-7.40231
-7.28257
-7.35184
-7.32574
-7.37745
-7.42313
-7.48402
-7.497
-7.50626
-7.55144
-7.59545
-7.57897
-7.59763
-7.56302
-7.56875
-7.55058
-7.55666
-7.57576
-7.5658
-7.51756
-7.44407
-7.4093
-7.41293
-7.44933
-7.42651
-7.41669
-7.52743
-7.55162
-7.53964
-7.50728
-7.45827
-7.44694
-7.49551
-7.43015
-7.43637
-7.48395
-7.41155
-7.42741
-7.39213
-7.38317
-7.46692
-7.3813
-7.36716
-7.33416
-7.30317
-7.32588
-7.28907
-7.3074
-7.32146
-7.42451
-7.4404
-7.36184
-7.37113
-7.36041
-7.4457
-7.39139
-7.41896
-7.39323
-7.36866
-7.45522
-7.49543
-7.54458
-7.46122
-7.50542
-7.52528
-7.47394
-7.41556
-7.45261
-7.45095
-7.39254
-7.31428
-7.32702
-7.31525
-7.44349
-7.47159
-7.46757
-7.42674
-7.46481
-7.4831
-7.52595
-7.50098
-7.49619
-7.52817
-7.49772
-7.56549
-7.56601
-7.56063
-7.59831
-7.63942
-7.61754
-7.74477
-7.70158
-7.70118
-7.70661
-7.71502
-7.65586
-7.68146
-7.54708
-7.57988
-7.52764
-7.56735
-7.56893
-7.58902
-7.57575
-7.59419
-7.52814
-7.53467
-7.5452
-7.49339
-7.42413
-7.3639
-7.38666
-7.43747
-7.49754
-7.45942
-7.48221
-7.50034
-7.46211
-7.46172
-7.4644
-7.49768
-7.47744
-7.52239
-7.57682
-7.54943
-7.56838
-7.49433
-7.40182
-7.43069
-7.51042
-7.52531
-7.48842
-7.53395
-7.45104
-7.41071
-7.44025
-7.52987
-7.45088
-7.53274
-7.47742
-7.49369
-7.56808
-7.50867
-7.5376
-7.58717
-7.57775
-7.56983
-7.55855
-7.55344
-7.47057
-7.40726
-7.39391
-7.35851
-7.33074
-7.37525
-7.33365
-7.30899
-7.32299
-7.29525
-7.24001
-7.32991
-7.3819
-7.28365
-7.27837
-7.31491
-7.32362
-7.34743
-7.32338
-7.38176
-7.27344
-7.2803
-7.27174
-7.31295
-7.2557
-7.21163
-7.27351
-7.34349
-7.28179
-7.39284
-7.44202
-7.4504
-7.33498
-7.28659
-7.31583
-7.29934
-7.3886
-7.3134
-7.36113
-7.36767
-7.40202
-7.3888
-7.33206
-7.30867
-7.37115
-7.42292
-7.41692
-7.44489
-7.4559
-7.41896
-7.39701
-7.46129
-7.49308
-7.48779
-7.54131
-7.56693
-7.50737
-7.50424
-7.54092
-7.49485
-7.44511
-7.48274
-7.51298
-7.4845
-7.42894
-7.4383
-7.30257
-7.28054
-7.39038
-7.39173
-7.36539
-7.38274
-7.40556
-7.45964
-7.49249
-7.52994
-7.48609
-7.45498
-7.48928
-7.54429
-7.52423
-7.50459
-7.52789
-7.48088
-7.45866
-7.39809
-7.45826
-7.42144
-7.36845
-7.40486
-7.49689
-7.48377
-7.39354
-7.35625
-7.33233
-7.32849
-7.36322
-7.41819
-7.49046
-7.42867
-7.41253
-7.41708
-7.44364
-7.44048
-7.40005
-7.42678
-7.47018
-7.44028
-7.37674
-7.41542
-7.49379
-7.48365
-7.5748
-7.52767
-7.43939
-7.44143
-7.43881
-7.38086
-7.30061
-7.32987
-7.33488
-7.35953
-7.40829
-7.4601
-7.50817
-7.55089
-7.5874
-7.49361
-7.46748
-7.49887
-7.57321
-7.51094
-7.45804
-7.44184
-7.38231
-7.34856
-7.35786
-7.32553
-7.33082
-7.37357
-7.33669
-7.36397
-7.37187
-7.28414
-7.41624
-7.43594
-7.52844
-7.50154
-7.42461
-7.37429
-7.31766
-7.25629
-7.37229
-7.39798
-7.46304
-7.48005
-7.44056
-7.42315
-7.43819
-7.42005
-7.42709
-7.40315
-7.37651
-7.33366
-7.32264
-7.3719
-7.36588
-7.279
-7.34524
-7.42178
-7.48174
-7.46039
-7.52343
-7.39105
-7.33865
-7.2894
-7.33982
-7.27993
-7.29542
-7.30071
-7.33789
-7.39794
-7.45225
-7.49699
-7.50497
-7.52304
-7.52218
-7.47202
-7.46522
-7.41732
-7.34129
-7.3311
-7.39391
-7.40043
-7.37034
-7.40983
-7.43372
-7.46802
-7.44726
-7.46576
-7.51863
-7.52619
-7.54702
-7.51145
-7.48445
-7.48597
-7.51629
-7.51035
-7.54559
-7.58585
-7.58952
-7.53805
-7.55578
-7.4467
-7.36229
-7.40711
-7.42316
-7.43522
-7.42056
-7.39772
-7.37823
-7.32735
-7.48039
-7.50726
-7.44074
-7.4328
-7.48948
-7.44906
-7.42946
-7.48052
-7.47248
-7.51338
-7.43965
-7.45454
-7.50545
-7.46558
-7.54601
-7.49106
-7.49598
-7.47961
-7.48467
-7.50203
-7.42693
-7.38586
-7.40277
-7.39119
-7.4311
-7.39854
-7.41176
-7.38275
-7.3756
-7.30119
-7.25101
-7.30924
-7.28469
-7.33592
-7.38646
-7.42639
-7.48448
-7.47498
-7.41171
-7.38901
-7.41342
-7.42641
-7.56916
-7.44145
-7.41617
-7.40122
-7.41702
-7.41854
-7.44579
-7.42706
-7.42055
-7.47069
-7.53035
-7.50759
-7.54591
-7.49676
-7.4669
-7.47799
-7.49993
-7.38216
-7.36701
-7.45149
-7.47586
-7.4071
-7.42497
-7.5258
-7.55573
-7.54551
-7.44208
-7.50064
-7.44182
-7.48669
-7.42935
-7.38222
-7.45213
-7.41879
-7.46805
-7.41169
-7.41596
-7.39677
-7.36312
-7.41055
-7.39188
-7.39831
-7.46511
-7.40483
-7.36589
-7.40303
-7.42722
-7.45384
-7.43257
-7.51176
-7.51141
-7.49787
-7.4556
-7.39643
-7.3105
-7.39305
-7.41315
-7.46498
-7.45137
-7.48467
-7.46727
-7.44531
-7.5073
-7.51794
-7.49166
-7.52271
-7.45548
-7.42246
-7.44272
-7.50233
-7.58948
-7.59388
-7.62602
-7.57469
-7.53958
-7.52587
-7.53456
-7.51562
-7.56329
-7.58297
-7.58479
-7.55744
-7.59921
-7.52217
-7.56021
-7.48094
-7.43069
-7.51792
-7.54603
-7.58902
-7.57512
-7.54743
-7.52153
-7.48052
-7.39227
-7.44692
-7.3745
-7.31941
-7.29834
-7.40334
-7.43351
-7.44981
-7.47663
-7.47869
-7.49656
-7.51103
-7.41912
-7.42507
-7.39716
-7.48622
-7.44598
-7.5142
-7.51997
-7.48781
-7.49382
-7.45902
-7.4558
-7.49458
-7.44108
-7.4451
-7.46386
-7.45445
-7.44092
-7.4875
-7.42754
-7.36617
-7.39539
-7.40631
-7.39513
-7.42472
-7.44873
-7.44456
-7.49635
-7.44762
-7.4728
-7.44455
-7.50772
-7.44745
-7.4955
-7.42071
-7.48111
-7.41184
-7.37289
-7.39869
-7.34197
-7.35564
-7.42156
-7.42271
-7.46595
-7.44746
-7.46732
-7.41429
-7.41486
-7.46406
-7.48426
-7.48351
-7.46504
-7.45454
-7.40544
-7.39162
-7.43274
-7.5074
-7.49407
-7.52541
-7.53191
-7.47455
-7.44663
-7.44314
-7.4666
-7.43742
-7.419
-7.40845
-7.42137
-7.44042
-7.46885
-7.42875
-7.44698
-7.45193
-7.41317
-7.34829
-7.35053
-7.42692
-7.38482
-7.41608
-7.43623
-7.4572
-7.38319
-7.44983
-7.4791
-7.41808
-7.36848
-7.39005
-7.38659
-7.39381
-7.38523
-7.40469
-7.36407
-7.37068
-7.39478
-7.37885
-7.42307
-7.41307
-7.42165
-7.31657
-7.30295
-7.31269
-7.39667
-7.45187
-7.3964
-7.45668
-7.42068
-7.38973
-7.33023
-7.38015
-7.41934
-7.35475
-7.39552
-7.3911
-7.3901
-7.43398
-7.40158
-7.45053
-7.40311
-7.40843
-7.4241
-7.37638
-7.3798
-7.39277
-7.37303
-7.35307
-7.34266
-7.35487
-7.40723
-7.45055
-7.41432
-7.41696
-7.39486
-7.37242
-7.376
-7.34136
-7.43938
-7.38877
-7.36116
-7.34206
-7.38741
-7.48996
-7.48019
-7.44666
-7.40242
-7.37587
-7.38604
-7.34461
-7.34994
-7.37798
-7.36519
-7.34806
-7.33185
-7.35079
-7.40201
-7.38601
-7.28636
-7.42061
-7.44151
-7.47628
-7.45828
-7.45029
-7.49573
-7.46171
-7.39147
-7.42409
-7.41541
-7.44348
-7.4332
-7.50119
-7.46808
-7.39903
-7.45455
-7.43761
-7.54017
-7.55422
-7.47666
-7.40021
-7.3263
-7.35695
-7.31829
-7.32475
-7.37738
-7.47344
-7.51319
-7.4319
-7.46062
-7.48808
-7.48871
-7.46029
-7.54929
-7.60273
-7.50188
-7.44328
-7.42123
-7.41333
-7.38355
-7.37976
-7.45829
-7.50332
-7.44219
-7.44051
-7.48422
-7.51843
-7.52693
-7.50742
-7.45216
-7.47452
-7.45471
-7.39541
-7.40738
-7.39252
-7.30919
-7.30147
-7.32479
-7.26712
-7.29936
-7.29948
-7.31318
-7.3608
-7.39988
-7.40333
-7.33141
-7.33126
-7.3192
-7.28397
-7.29874
-7.26579
-7.27452
-7.32976
-7.3486
-7.32867
-7.24653
-7.30863
-7.29052
-7.35778
-7.3436
-7.36056
-7.39449
-7.41063
-7.3443
-7.4074
-7.4281
-7.47682
-7.41677
-7.41077
-7.42353
-7.45215
-7.40541
-7.3852
-7.42669
-7.46353
-7.35867
-7.40697
-7.46493
-7.49869
-7.52666
-7.51569
-7.36588
-7.44846
-7.4611
-7.39708
-7.43273
-7.426
-7.40533
-7.39669
-7.4092
-7.40831
-7.39939
-7.41531
-7.43465
-7.45121
-7.48742
-7.45879
-7.48004
-7.47181
-7.36414
-7.34201
-7.38004
-7.38842
-7.33646
-7.45038
-7.4545
-7.51442
-7.49976
-7.43489
-7.49291
-7.4597
-7.41576
-7.42527
-7.48815
-7.48688
-7.47033
-7.50084
-7.45972
-7.49738
-7.54295
-7.50903
-7.51858
-7.5011
-7.4351
-7.4051
-7.43299
-7.36023
-7.3296
-7.30763
-7.33775
-7.38274
-7.4256
-7.44245
-7.46517
-7.39262
-7.45864
-7.50988
-7.45383
-7.37057
-7.43873
-7.46545
-7.5293
-7.49715
-7.46115
-7.50526
-7.50435
-7.54566
-7.53455
-7.53221
-7.47517
-7.49237
-7.46007
-7.47155
-7.43286
-7.47052
-7.476
-7.44746
-7.38581
-7.3543
-7.48316
-7.50735
-7.54327
-7.51566
-7.42643
-7.47893
-7.4471
-7.4652
-7.52779
-7.52997
-7.48593
-7.51591
-7.46687
-7.45098
-7.46955
-7.45448
-7.42008
-7.41721
-7.41915
-7.47354
-7.32681
-7.37483
-7.40037
-7.32303
-7.23109
-7.28276
-7.29188
-7.34555
-7.39257
-7.39455
-7.42347
-7.32296
-7.24684
-7.32422
-7.28445
-7.34283
-7.35334
-7.37383
-7.37234
-7.42874
-7.42225
-7.38632
-7.33573
-7.37894
-7.40433
-7.47196
-7.49616
-7.54164
-7.60476
-7.57015
-7.5873
-7.52984
-7.56503
-7.492
-7.47277
-7.38031
-7.35082
-7.31342
-7.30687
-7.35908
-7.25437
-7.24852
-7.31132
-7.36897
-7.42977
-7.42932
-7.50202
-7.52552
-7.5114
-7.57908
-7.5036
-7.48717
-7.35595
-7.45117
-7.38088
-7.44845
-7.46105
-7.53131
-7.55144
-7.46871
-7.49552
-7.42678
-7.43758
-7.4383
-7.36525
-7.39095
-7.52738
-7.34647
-7.33462
-7.37574
-7.41788
-7.39686
-7.37534
-7.45892
-7.45341
-7.48281
-7.40556
-7.49416
-7.54688
-7.49328
-7.49219
-7.45444
-7.3815
-7.406
-7.4168
-7.42918
-7.46213
-7.48484
-7.54439
-7.60508
-7.52059
-7.46206
-7.45873
-7.42279
-7.38415
-7.42647
-7.46248
-7.47623
-7.49337
-7.55524
-7.52083
-7.52152
-7.51178
-7.46338
-7.48787
-7.5055
-7.52149
-7.54043
-7.56037
-7.52617
-7.55357
-7.54883
-7.51907
-7.53065
-7.56438
-7.57996
-7.47175
-7.54465
-7.54293
-7.53075
-7.5733
-7.65585
-7.63759
-7.63525
-7.55034
-7.5069
-7.49926
-7.49651
-7.5027
-7.49639
-7.51604
-7.50183
-7.5419
-7.51795
-7.53818
-7.5168
-7.49042
-7.5241
-7.54178
-7.52709
-7.44566
-7.44774
-7.51688
-7.53675
-7.52172
-7.49586
-7.46787
-7.51911
-7.53883
-7.57811
-7.55929
-7.57366
-7.59877
-7.55209
-7.44751
-7.45421
-7.43273
-7.41202
-7.45525
-7.43158
-7.38171
-7.4032
-7.36216
-7.40817
-7.49481
-7.47654
-7.47204
-7.448
-7.53516
-7.53146
-7.56193
-7.57457
-7.58879
-7.54285
-7.56031
-7.5159
-7.57458
-7.61566
-7.56404
-7.49502
-7.54879
-7.46455
-7.53896
-7.53404
-7.50613
-7.55191
-7.53437
-7.58271
-7.60516
-7.57579
-7.60605
-7.61547
-7.60718
-7.5598
-7.53819
-7.51507
-7.58527
-7.61587
-7.58132
-7.60056
-7.56092
-7.6063
-7.61023
-7.58646
-7.63692
-7.52631
-7.45712
-7.49734
-7.52528
-7.54834
-7.56247
-7.50701
-7.45813
-7.47851
-7.48544
-7.40866
-7.41125
-7.39601
-7.53647
-7.52237
-7.58186
-7.59059
-7.59305
-7.58567
-7.5243
-7.49078
-7.4542
-7.53205
-7.48381
-7.4964
-7.43683
-7.37881
-7.49835
-7.4974
-7.37242
-7.38258
-7.48844
-7.49033
-7.51199
-7.49849
-7.51355
-7.52498
-7.51221
-7.43737
-7.40817
-7.46694
-7.5074
-7.47658
-7.44613
-7.38254
-7.33066
-7.40706
-7.43148
-7.36167
-7.41215
-7.42672
-7.46297
-7.4593
-7.3823
-7.33668
-7.3523
-7.3753
-7.39498
-7.40983
-7.40415
-7.53829
-7.50389
-7.5195
-7.47767
-7.44908
-7.44408
-7.49883
-7.42484
-7.47858
-7.41606
-7.43367
-7.4697
-7.5943
-7.49934
-7.53515
-7.49542
-7.49732
-7.45431
-7.49869
-7.51208
-7.53239
-7.55063
-7.4845
-7.52038
-7.42927
-7.38565
-7.44394
-7.41874
-7.41453
-7.45811
-7.4911
-7.4958
-7.50542
-7.46029
-7.51079
-7.59024
-7.57739
-7.61205
-7.57748
-7.58009
-7.45871
-7.47659
-7.49689
-7.47677
-7.48488
-7.48489
-7.49037
-7.39942
-7.43564
-7.46313
-7.4739
-7.42373
-7.48981
-7.50062
-7.54707
-7.52701
-7.5268
-7.57446
-7.54579
-7.61205
-7.55736
-7.4776
-7.41848
-7.38701
-7.36275
-7.3515
-7.29236
-7.26234
-7.29308
-7.4303
-7.41256
-7.36356
-7.45536
-7.41624
-7.41195
-7.39447
-7.49161
-7.50346
-7.49499
-7.50975
-7.53654
-7.40293
-7.36832
-7.26435
-7.33339
-7.33634
-7.3704
-7.29873
-7.23277
-7.33301
-7.33915
-7.46595
-7.46979
-7.5418
-7.52984
-7.47416
-7.45792
-7.49173
-7.51373
-7.5401
-7.49788
-7.44126
-7.46923
-7.51506
-7.47104
-7.47036
-7.48629
-7.46984
-7.5493
-7.49392
-7.47152
-7.5058
-7.52266
-7.39454
-7.44177
-7.42373
-7.45946
-7.42523
-7.35681
-7.33238
-7.41937
-7.52159
-7.39315
-7.35271
-7.25297
-7.24269
-7.28598
-7.26602
-7.29736
-7.23924
-7.25023
-7.21535
-7.22415
-7.25312
-7.20986
-7.25738
-7.21815
-7.26958
-7.30631
-7.38838
-7.44069
-7.53725
-7.46538
-7.47015
-7.47211
-7.46054
-7.4936
-7.46138
-7.56048
-7.54072
-7.51828
-7.56036
-7.50072
-7.45378
-7.44022
-7.41279
-7.50757
-7.50591
-7.50783
-7.52057
-7.53459
-7.48857
-7.51867
-7.47935
-7.47662
-7.44404
-7.5231
-7.47716
-7.4919
-7.46336
-7.4565
-7.44938
-7.42594
-7.44441
-7.57087
-7.53751
-7.5667
-7.62029
-7.58365
-7.5627
-7.5454
-7.53924
-7.49655
-7.54396
-7.48478
-7.40847
-7.4223
-7.4536
-7.5295
-7.56147
-7.53308
-7.56611
-7.60883
-7.6189
-7.66486
-7.56088
-7.55978
-7.56821
-7.52908
-7.54011
-7.59043
-7.56275
-7.54998
-7.59639
-7.58177
-7.52002
-7.43027
-7.4503
-7.44841
-7.39312
-7.40372
-7.54247
-7.48378
-7.45698
-7.40518
-7.39166
-7.43141
-7.37002
-7.41193
-7.35147
-7.32469
-7.42384
-7.42681
-7.44506
-7.3716
-7.30478
-7.34218
-7.28493
-7.34597
-7.38679
-7.49188
-7.46799
-7.42181
-7.42083
-7.41705
-7.41095
-7.41344
-7.46022
-7.49255
-7.51501
-7.45515
-7.45766
-7.48787
-7.51989
-7.49798
-7.46182
-7.42391
-7.44441
-7.45817
-7.44343
-7.42009
-7.49764
-7.45566
-7.43905
-7.44065
-7.40929
-7.36781
-7.39076
-7.41396
-7.38652
-7.38967
-7.31657
-7.3689
-7.30903
-7.34552
-7.3726
-7.37624
-7.32713
-7.34616
-7.35907
-7.39965
-7.37884
-7.36405
-7.4623
-7.41277
-7.54766
-7.5661
-7.51352
-7.5939
-7.5077
-7.52577
-7.45703
-7.51856
-7.54065
-7.56849
-7.55841
-7.48504
-7.47439
-7.45408
-7.43226
-7.43907
-7.31993
-7.37692
-7.36529
-7.38841
-7.44018
-7.47538
-7.45829
-7.46852
-7.41544
-7.4161
-7.45763
-7.53995
-7.55486
-7.57527
-7.55814
-7.55213
-7.51466
-7.51146
-7.44166
-7.44616
-7.33743
-7.3765
-7.39252
-7.40592
-7.35394
-7.44656
-7.47011
-7.41262
-7.46963
-7.45973
-7.38994
-7.42959
-7.44785
-7.48516
-7.44071
-7.40054
-7.35674
-7.30161
-7.2743
-7.23126
-7.2467
-7.33796
-7.40505
-7.49454
-7.3566
-7.38878
-7.30051
-7.21467
-7.29183
-7.2198
-7.28366
-7.33765
-7.41764
-7.39522
-7.2888
-7.2988
-7.41814
-7.40931
-7.34356
-7.32683
-7.31967
-7.38075
-7.36442
-7.35174
-7.37725
-7.37573
-7.39769
-7.34579
-7.35716
-7.26392
-7.38898
-7.40615
-7.39826
-7.36808
-7.3274
-7.28042
-7.41911
-7.38743
-7.38739
-7.3678
-7.39226
-7.38
-7.40086
-7.45419
-7.41529
-7.39692
-7.3285
-7.282
-7.36051
-7.38538
-7.38025
-7.48375
-7.46978
-7.52394
-7.54095
-7.57978
-7.58558
-7.60262
-7.63376
-7.59781
-7.58054
-7.50923
-7.47258
-7.4133
-7.39954
-7.42601
-7.45593
-7.57131
-7.57957
-7.60559
-7.56503
-7.55901
-7.55091
-7.57636
-7.54875
-7.47825
-7.40514
-7.41644
-7.47844
-7.44079
-7.44532
-7.41541
-7.4668
-7.47122
-7.485
-7.499
-7.42337
-7.34664
-7.39517
-7.38531
-7.34635
-7.43728
-7.47876
-7.40539
-7.48318
-7.4418
-7.42311
-7.39126
-7.3524
-7.44506
-7.48283
-7.4888
-7.42849
-7.4814
-7.41593
-7.44184
-7.40056
-7.29813
-7.4415
-7.39671
-7.37887
-7.43038
-7.50423
-7.49021
-7.47725
-7.37332
-7.30571
-7.31828
-7.35538
-7.31483
-7.30438
-7.28848
-7.33581
-7.33561
-7.2987
-7.33975
-7.36872
-7.36704
-7.3901
-7.4278
-7.34791
-7.32295
-7.33417
-7.41936
-7.4477
-7.46102
-7.35635
-7.38057
-7.41799
-7.36734
-7.37585
-7.30905
-7.3529
-7.36053
-7.43343
-7.46373
-7.43646
-7.37421
-7.34595
-7.13937
-7.31946
-7.35931
-7.31307
-7.36636
-7.2966
-7.27599
-7.27252
-7.29314
-7.34815
-7.26329
-7.32679
-7.27954
-7.36834
-7.40587
-7.38755
-7.30181
-7.32394
-7.35982
-7.34103
-7.32186
-7.40025
-7.47569
-7.42013
-7.42399
-7.4648
-7.41412
-7.4124
-7.43368
-7.43123
-7.38956
-7.30598
-7.30556
-7.3677
-7.4287
-7.45858
-7.44302
-7.37955
-7.43013
-7.4196
-7.4669
-7.4499
-7.47961
-7.46263
-7.52439
-7.52772
-7.48759
-7.40654
-7.46776
-7.44032
-7.43045
-7.417
-7.44197
-7.52833
-7.52041
-7.55336
-7.50081
-7.50573
-7.47048
-7.48564
-7.49857
-7.45206
-7.36906
-7.34754
-7.38312
-7.35961
-7.46275
-7.46019
-7.41741
-7.35268
-7.36961
-7.44053
-7.51278
-7.47907
-7.41976
-7.47496
-7.45201
-7.41404
-7.33508
-7.38625
-7.35603
-7.4198
-7.45173
-7.53367
-7.48199
-7.45369
-7.37166
-7.39026
-7.39298
-7.31906
-7.34132
-7.32649
-7.44327
-7.48513
-7.46314
-7.48132
-7.4893
-7.49502
-7.53202
-7.45137
-7.42239
-7.44206
-7.39627
-7.41136
-7.39385
-7.33089
-7.2947
-7.45964
-7.47437
-7.56305
-7.48818
-7.46361
-7.52827
-7.51851
-7.55759
-7.55124
-7.47984
-7.50527
-7.52545
-7.47926
-7.525
-7.55989
-7.50006
-7.52039
-7.50277
-7.57428
-7.48245
-7.4354
-7.45598
-7.44681
-7.56518
-7.56903
-7.62434
-7.62561
-7.63437
-7.59983
-7.57629
-7.61923
-7.65238
-7.60339
-7.63592
-7.56194
-7.51122
-7.5562
-7.5803
-7.57277
-7.61152
-7.58498
-7.59818
-7.58314
-7.49691
-7.51314
-7.5458
-7.54391
-7.59521
-7.41739
-7.51238
-7.54827
-7.58544
-7.55758
-7.58356
-7.65349
-7.64041
-7.63269
-7.61458
-7.55187
-7.52826
-7.52696
-7.52951
-7.5068
-7.54579
-7.53303
-7.54216
-7.49256
-7.36057
-7.35948
-7.38645
-7.3209
-7.39436
-7.4441
-7.51298
-7.51027
-7.47174
-7.53356
-7.53056
-7.4874
-7.50012
-7.48836
-7.45011
-7.37975
-7.48252
-7.4918
-7.50838
-7.53937
-7.45727
-7.50188
-7.44832
-7.41254
-7.42234
-7.53544
-7.51033
-7.54582
-7.57124
-7.62935
-7.65267
-7.61557
-7.50557
-7.55663
-7.57656
-7.61257
-7.55975
-7.6307
-7.59491
-7.62969
-7.5916
-7.59571
-7.62028
-7.59443
-7.55113
-7.61893
-7.55635
-7.66601
-7.61693
-7.52733
-7.53431
-7.53649
-7.49553
-7.5735
-7.53156
-7.48496
-7.45952
-7.49855
-7.49303
-7.44569
-7.4446
-7.49688
-7.5022
-7.44693
-7.39972
-7.44455
-7.46587
-7.46495
-7.36807
-7.41614
-7.48594
-7.50082
-7.39967
-7.44605
-7.4641
-7.46288
-7.49476
-7.52747
-7.54118
-7.53763
-7.60843
-7.5615
-7.58914
-7.58671
-7.54522
-7.60482
-7.62483
-7.60752
-7.62205
-7.53571
-7.49892
-7.44121
-7.47166
-7.53677
-7.52749
-7.50524
-7.4287
-7.45701
-7.4471
-7.42052
-7.43451
-7.39956
-7.41193
-7.36164
-7.38697
-7.44406
-7.43403
-7.40532
-7.30743
-7.27179
-7.26545
-7.28354
-7.3811
-7.39461
-7.38737
-7.4439
-7.44528
-7.37793
-7.28065
-7.35491
-7.38875
-7.41297
-7.34681
-7.34131
-7.29929
-7.34042
-7.4464
-7.44312
-7.47402
-7.52478
-7.53334
-7.51204
-7.52414
-7.59623
-7.61252
-7.56657
-7.56493
-7.50046
-7.44596
-7.38747
-7.41698
-7.4137
-7.47133
-7.46647
-7.484
-7.53091
-7.54027
-7.46232
-7.48558
-7.40727
-7.44976
-7.48634
-7.43016
-7.4519
-7.4368
-7.37696
-7.41366
-7.47773
-7.43282
-7.44568
-7.37828
-7.40885
-7.38243
-7.40259
-7.40326
-7.47354
-7.35876
-7.31302
-7.27886
-7.3326
-7.34323
-7.34379
-7.31654
-7.45026
-7.4607
-7.39453
-7.2559
-7.32558
-7.31185
-7.30328
-7.36383
-7.50445
-7.55464
-7.58282
-7.56212
-7.55682
-7.46788
-7.39915
-7.42726
-7.36597
-7.36047
-7.35188
-7.41743
-7.47082
-7.44587
-7.34111
-7.4064
-7.34844
-7.38745
-7.38287
-7.37806
-7.2929
-7.32577
-7.2636
-7.21974
-7.19626
-7.21011
-7.31927
-7.39875
-7.32784
-7.43113
-7.38352
-7.37058
-7.41282
-7.36469
-7.35064
-7.42711
-7.36586
-7.46141
-7.44761
-7.44299
-7.39346
-7.3791
-7.46068
-7.4404
-7.37664
-7.37002
-7.33271
-7.40619
-7.3466
-7.37806
-7.47572
-7.4568
-7.45775
-7.42218
-7.4362
-7.49902
-7.44672
-7.40676
-7.39423
-7.40193
-7.42554
-7.46275
-7.43176
-7.4099
-7.38382
-7.36001
-7.3774
-7.43271
-7.4897
-7.42369
-7.38156
-7.44704
-7.49026
-7.58521
-7.59677
-7.4951
-7.44717
-7.40467
-7.47495
-7.45893
-7.4799
-7.47244
-7.39104
-7.39991
-7.41012
-7.42551
-7.44587
-7.445
-7.38856
-7.37156
-7.32448
-7.40439
-7.40206
-7.38264
-7.39075
-7.32339
-7.37589
-7.40293
-7.44229
-7.37613
-7.42937
-7.4502
-7.44932
-7.4352
-7.45475
-7.46305
-7.42272
-7.34684
-7.41313
-7.38044
-7.33801
-7.39745
-7.3531
-7.40866
-7.38503
-7.34247
-7.39914
-7.43998
-7.37618
-7.4384
-7.48091
-7.53701
-7.4712
-7.46783
-7.54247
-7.55509
-7.59386
-7.55553
-7.60748
-7.62691
-7.60866
-7.58019
-7.57105
-7.49661
-7.53851
-7.49683
-7.48944
-7.49701
-7.46548
-7.45437
-7.43566
-7.42197
-7.46948
-7.42214
-7.38075
-7.44465
-7.38384
-7.3872
-7.42207
-7.50349
-7.51046
-7.50617
-7.57571
-7.58063
-7.54645
-7.52766
-7.45746
-7.40665
-7.40769
-7.44116
-7.45263
-7.44439
-7.43769
-7.49851
-7.50307
-7.54449
-7.48271
-7.45779
-7.44212
-7.38303
-7.37431
-7.44405
-7.43166
-7.46436
-7.4154
-7.36209
-7.42309
-7.47261
-7.44513
-7.38251
-7.39975
-7.33872
-7.38778
-7.34799
-7.3782
-7.3002
-7.29073
-7.36101
-7.38695
-7.36688
-7.31609
-7.38062
-7.36763
-7.32853
-7.31703
-7.30058
-7.35421
-7.46037
-7.36538
-7.42369
-7.51817
-7.45152
-7.46524
-7.46814
-7.48692
-7.46205
-7.49542
-7.44267
-7.49765
-7.42539
-7.44539
-7.46755
-7.47259
-7.48842
-7.45445
-7.47413
-7.4782
-7.4002
-7.33308
-7.37051
-7.4129
-7.41857
-7.4042
-7.407
-7.33839
-7.33234
-7.38481
-7.36351
-7.38851
-7.4267
-7.4453
-7.51572
-7.46441
-7.50952
-7.52605
-7.49516
-7.49639
-7.3534
-7.3564
-7.37656
-7.36121
-7.26668
-7.2544
-7.24408
-7.28973
-7.38379
-7.53116
-7.51412
-7.43118
-7.42873
-7.46257
-7.38303
-7.40175
-7.29562
-7.28524
-7.38976
-7.41927
-7.44163
-7.50102
-7.54103
-7.48417
-7.47568
-7.52926
-7.50738
-7.46969
-7.50795
-7.51515
-7.49138
-7.46005
-7.48585
-7.4668
-7.47155
-7.46027
-7.4613
-7.44069
-7.44024
-7.48928
-7.52549
-7.45283
-7.53417
-7.46736
-7.40379
-7.46003
-7.47383
-7.50805
-7.47237
-7.54652
-7.52865
-7.51909
-7.49834
-7.50236
-7.51746
-7.51228
-7.63768
-7.58687
-7.57812
-7.54165
-7.45403
-7.42421
-7.44903
-7.437
-7.45098
-7.38598
-7.39248
-7.40399
-7.503
-7.50129
-7.46228
-7.47449
-7.36312
-7.46704
-7.33891
-7.40988
-7.41447
-7.40053
-7.34273
-7.34505
-7.29732
-7.37141
-7.33887
-7.37631
-7.40611
-7.45378
-7.40371
-7.39543
-7.37485
-7.34278
-7.40599
-7.48453
-7.50399
-7.45507
-7.42818
-7.47637
-7.48636
-7.48427
-7.48082
-7.45815
-7.50506
-7.43846
-7.50278
-7.46741
-7.38843
-7.38042
-7.46495
-7.4068
-7.4412
-7.4321
-7.43715
-7.4731
-7.47991
-7.48183
-7.57512
-7.57363
-7.53651
-7.49703
-7.50368
-7.54724
-7.51464
-7.4858
-7.42482
-7.43012
-7.34017
-7.42199
-7.42906
-7.40929
-7.42002
-7.44436
-7.47569
-7.49149
-7.48579
-7.52786
-7.58459
-7.4806
-7.44975
-7.39045
-7.41539
-7.3939
-7.49598
-7.47556
-7.51095
-7.51438
-7.55271
-7.51832
-7.47816
-7.57005
-7.56528
-7.60104
-7.57345
-7.4962
-7.4469
-7.44037
-7.39949
-7.33817
-7.29425
-7.2911
-7.31464
-7.29359
-7.36167
-7.32498
-7.32849
-7.33212
-7.38914
-7.37816
-7.35321
-7.37082
-7.32754
-7.3014
-7.31575
-7.30162
-7.33528
-7.40294
-7.35324
-7.32081
-7.37169
-7.43411
-7.43885
-7.45495
-7.37745
-7.34462
-7.38729
-7.38822
-7.41155
-7.40684
-7.43949
-7.41967
-7.43408
-7.4291
-7.41546
-7.47995
-7.46031
-7.45699
-7.42811
-7.49695
-7.50578
-7.436
-7.40067
-7.47513
-7.43584
-7.39088
-7.30103
-7.33821
-7.52601
-7.52433
-7.55278
-7.57599
-7.58687
-7.63708
-7.60768
-7.58912
-7.62764
-7.57058
-7.4952
-7.52626
-7.5385
-7.52391
-7.46207
-7.40085
-7.33329
-7.3538
-7.45186
-7.45861
-7.48441
-7.49958
-7.4925
-7.47114
-7.47169
-7.4345
-7.44687
-7.40755
-7.45173
-7.38972
-7.47396
-7.46295
-7.36767
-7.41147
-7.44013
-7.37979
-7.31467
-7.44378
-7.52298
-7.55756
-7.51245
-7.54242
-7.47413
-7.43449
-7.42486
-7.41655
-7.36058
-7.35695
-7.3429
-7.3777
-7.40419
-7.41745
-7.40341
-7.42345
-7.42578
-7.42436
-7.4818
-7.45394
-7.37988
-7.25729
-7.25513
-7.34229
-7.34511
-7.25238
-7.2637
-7.2633
-7.30645
-7.3246
-7.31542
-7.42993
-7.45877
-7.4923
-7.48943
-7.45981
-7.42935
-7.49878
-7.47344
-7.458
-7.47327
-7.46417
-7.54001
-7.40814
-7.34852
-7.40539
-7.38441
-7.35565
-7.53158
-7.5998
-7.65066
-7.58153
-7.52776
-7.45446
-7.45024
-7.43358
-7.41773
-7.47317
-7.48289
-7.4701
-7.50605
-7.5137
-7.4999
-7.50136
-7.50686
-7.51719
-7.50149
-7.49797
-7.49687
-7.47401
-7.52971
-7.51518
-7.50585
-7.5637
-7.59961
-7.60254
-7.61428
-7.52785
-7.46169
-7.38211
-7.42201
-7.48681
-7.52221
-7.52583
-7.54778
-7.51628
-7.57981
-7.56841
-7.5271
-7.47864
-7.53801
-7.54646
-7.50626
-7.49369
-7.49708
-7.53999
-7.52453
-7.50275
-7.44868
-7.51044
-7.4699
-7.49228
-7.51282
-7.55537
-7.61912
-7.59779
-7.54215
-7.46188
-7.48478
-7.52794
-7.55568
-7.59331
-7.59474
-7.46636
-7.51979
-7.61406
-7.58804
-7.62883
-7.51172
-7.53637
-7.49005
-7.5425
-7.61605
-7.59896
-7.60965
-7.55165
-7.54533
-7.54229
-7.61457
-7.61097
-7.57036
-7.46737
-7.45465
-7.515
-7.47065
-7.42501
-7.43814
-7.46294
-7.52603
-7.48622
-7.45554
-7.48602
-7.48514
-7.557
-7.49146
-7.59143
-7.54237
-7.45918
-7.48739
-7.42554
-7.45777
-7.41997
-7.39547
-7.3601
-7.33068
-7.36502
-7.33393
-7.27889
-7.26823
-7.3276
-7.41418
-7.37027
-7.3627
-7.40198
-7.39611
-7.34328
-7.43773
-7.42094
-7.39722
-7.43206
-7.38555
-7.47868
-7.42207
-7.39933
-7.28838
-7.36554
-7.40668
-7.38887
-7.43119
-7.3893
-7.40053
-7.43871
-7.39868
-7.37972
-7.33777
-7.28628
-7.32737
-7.29174
-7.36271
-7.32089
-7.3776
-7.39564
-7.44151
-7.38041
-7.36829
-7.34122
-7.37406
-7.34671
-7.34515
-7.45419
-7.34837
-7.37022
-7.40914
-7.44089
-7.52449
-7.41948
-7.34983
-7.3705
-7.37572
-7.38791
-7.42306
-7.38807
-7.41695
-7.3881
-7.41251
-7.42162
-7.43433
-7.3979
-7.36547
-7.39875
-7.46503
-7.44572
-7.39246
-7.42818
-7.4152
-7.39706
-7.4225
-7.32971
-7.45605
-7.50905
-7.50786
-7.5305
-7.45992
-7.49681
-7.57838
-7.54929
-7.51042
-7.54969
-7.53228
-7.48011
-7.47697
-7.46302
-7.44535
-7.41444
-7.42366
-7.42163
-7.45752
-7.49826
-7.47471
-7.46481
-7.39128
-7.3149
-7.34102
-7.39793
-7.41666
-7.44145
-7.42059
-7.48416
-7.49966
-7.51164
-7.52726
-7.64291
-7.63033
-7.57823
-7.52705
-7.58178
-7.57125
-7.52995
-7.52039
-7.45747
-7.58311
-7.63601
-7.58817
-7.55104
-7.49749
-7.51227
-7.55414
-7.53752
-7.54168
-7.49302
-7.50411
-7.54158
-7.54918
-7.51968
-7.49153
-7.43136
-7.45388
-7.36365
-7.38851
-7.38734
-7.32541
-7.45868
-7.43703
-7.46066
-7.44785
-7.47433
-7.41955
-7.49521
-7.48875
-7.47558
-7.50094
-7.51243
-7.48051
-7.57735
-7.51979
-7.49746
-7.50764
-7.53093
-7.55727
-7.5213
-7.55617
-7.56056
-7.57204
-7.60417
-7.58485
-7.53561
-7.57391
-7.58455
-7.59302
-7.57913
-7.54575
-7.45367
-7.46641
-7.45945
-7.46941
-7.47761
-7.51306
-7.51074
-7.50169
-7.48175
-7.50362
-7.42742
-7.38371
-7.46196
-7.3669
-7.3523
-7.32039
-7.38194
-7.42568
-7.51201
-7.48872
-7.49702
-7.49611
-7.51194
-7.47425
-7.5145
-7.4288
-7.39825
-7.38893
-7.38312
-7.45878
-7.5212
-7.46628
-7.45686
-7.42617
-7.41367
-7.36409
-7.31265
-7.322
-7.46487
-7.45823
-7.43032
-7.4328
-7.46318
-7.50612
-7.45972
-7.47292
-7.43616
-7.39811
-7.45801
-7.45892
-7.44408
-7.40987
-7.38542
-7.48343
-7.5138
-7.49514
-7.39659
-7.41887
-7.43174
-7.43039
-7.41295
-7.38975
-7.37303
-7.36884
-7.39598
-7.46075
-7.46042
-7.46712
-7.49476
-7.59345
-7.62495
-7.5732
-7.57176
-7.43873
-7.379
-7.4083
-7.42412
-7.41084
-7.4229
-7.43635
-7.37228
-7.4359
-7.45489
-7.38409
-7.36779
-7.40053
-7.42715
-7.45571
-7.47096
-7.47124
-7.4767
-7.47697
-7.45214
-7.46925
-7.39303
-7.43929
-7.44481
-7.50848
-7.43722
-7.42642
-7.40547
-7.44177
-7.3877
-7.42041
-7.42495
-7.37765
-7.35922
-7.38668
-7.34498
-7.3583
-7.38128
-7.36969
-7.32535
-7.30993
-7.32619
-7.36887
-7.37611
-7.34045
-7.34408
-7.39477
-7.42363
-7.43904
-7.42224
-7.46215
-7.4782
-7.48183
-7.40272
-7.42445
-7.43961
-7.40697
-7.35381
-7.45489
-7.4758
-7.48865
-7.42128
-7.42134
-7.44948
-7.51915
-7.50751
-7.441
-7.45949
-7.40087
-7.31203
-7.30016
-7.37391
-7.3998
-7.39897
-7.43554
-7.47924
-7.54377
-7.54012
-7.58578
-7.56266
-7.56773
-7.54489
-7.50684
-7.55519
-7.56991
-7.57352
-7.54027
-7.55984
-7.54398
-7.48624
-7.53695
-7.57912
-7.58007
-7.48366
-7.45431
-7.46749
-7.40066
-7.3649
-7.38354
-7.39591
-7.41656
-7.42712
-7.37771
-7.44337
-7.48184
-7.46763
-7.46614
-7.43085
-7.50799
-7.51173
-7.53007
-7.55988
-7.50438
-7.58684
-7.54002
-7.48269
-7.51405
-7.53351
-7.56421
-7.60114
-7.6086
-7.62131
-7.58644
-7.5698
-7.50773
-7.51211
-7.5243
-7.53723
-7.50234
-7.51533
-7.61141
-7.64652
-7.64435
-7.63372
-7.62623
-7.62668
-7.63342
-7.60567
-7.64607
-7.6451
-7.6355
-7.60353
-7.47917
-7.52076
-7.55566
-7.6042
-7.63554
-7.53162
-7.56018
-7.61221
-7.63566
-7.66051
-7.69798
-7.67395
-7.56972
-7.55744
-7.56586
-7.59537
-7.56436
-7.54407
-7.50413
-7.51637
-7.51966
-7.51996
-7.57225
-7.54203
-7.5086
-7.55236
-7.58913
-7.51557
-7.51646
-7.52185
-7.46471
-7.45492
-7.52936
-7.60839
-7.64289
-7.59182
-7.5056
-7.49571
-7.49134
-7.52783
-7.42679
-7.36395
-7.3864
-7.43804
-7.44612
-7.45821
-7.42801
-7.41685
-7.45338
-7.4302
-7.40242
-7.49308
-7.44366
-7.40685
-7.44996
-7.31259
-7.35555
-7.34914
-7.40492
-7.43683
-7.4619
-7.39595
-7.45295
-7.51232
-7.40967
-7.4712
-7.46809
-7.4614
-7.46551
-7.41391
-7.36663
-7.35474
-7.39312
-7.41151
-7.43353
-7.34708
-7.34792
-7.36256
-7.36078
-7.30938
-7.27786
-7.30424
-7.30434
-7.43174
-7.45149
-7.40439
-7.48255
-7.52335
-7.51531
-7.57105
-7.56319
-7.56269
-7.49463
-7.53967
-7.57128
-7.43733
-7.47721
-7.38794
-7.34896
-7.30852
-7.31039
-7.35838
-7.45088
-7.36849
-7.47596
-7.42865
-7.42029
-7.47341
-7.49744
-7.51199
-7.42738
-7.43763
-7.44198
-7.51116
-7.56664
-7.63043
-7.62121
-7.55208
-7.52106
-7.57229
-7.52602
-7.49536
-7.39485
-7.50831
-7.49866
-7.53512
-7.41881
-7.4129
-7.3715
-7.37457
-7.40021
-7.45658
-7.47374
-7.39412
-7.40097
-7.40807
-7.32158
-7.35533
-7.37932
-7.32588
-7.34419
-7.36426
-7.4185
-7.43792
-7.47391
-7.45044
-7.51029
-7.51128
-7.48462
-7.44994
-7.43467
-7.39357
-7.45763
-7.5094
-7.48251
-7.50036
-7.43013
-7.55716
-7.53019
-7.49994
-7.49265
-7.483
-7.5393
-7.43898
-7.39901
-7.43529
-7.50717
-7.45943
-7.44583
-7.44675
-7.42711
-7.46376
-7.49163
-7.42085
-7.41467
-7.43025
-7.34919
-7.3255
-7.38241
-7.425
-7.45635
-7.50303
-7.48964
-7.42776
-7.40358
-7.43596
-7.44079
-7.47532
-7.50701
-7.49384
-7.54153
-7.4325
-7.59096
-7.58761
-7.59078
-7.5425
-7.53426
-7.49454
-7.59218
-7.61546
-7.59451
-7.54062
-7.51282
-7.59293
-7.57172
-7.56953
-7.46508
-7.48282
-7.47579
-7.51669
-7.4573
-7.39263
-7.37898
-7.33598
-7.37403
-7.37973
-7.44733
-7.4014
-7.39937
-7.39586
-7.3803
-7.36032
-7.34901
-7.4207
-7.46611
-7.52682
-7.50786
-7.46285
-7.52519
-7.51119
-7.50793
-7.49857
-7.63176
-7.63355
-7.54256
-7.49895
-7.45799
-7.52407
-7.46661
-7.43842
-7.46542
-7.42408
-7.39646
-7.44584
-7.41452
-7.42581
-7.52635
-7.4345
-7.35374
-7.37342
-7.32722
-7.35903
-7.43221
-7.44235
-7.43549
-7.3841
-7.3686
-7.40972
-7.39393
-7.39923
-7.41728
-7.41371
-7.45249
-7.42768
-7.41458
-7.4197
-7.44897
-7.37095
-7.42314
-7.43342
-7.49666
-7.52475
-7.55457
-7.54669
-7.5989
-7.55836
-7.54262
-7.55412
-7.49949
-7.51229
-7.48853
-7.46006
-7.47166
-7.50349
-7.47717
-7.37961
-7.37014
-7.3449
-7.38329
-7.34522
-7.33608
-7.39581
-7.38876
-7.45115
-7.40869
-7.36868
-7.28433
-7.43632
-7.45572
-7.46252
-7.41331
-7.43943
-7.42781
-7.44115
-7.43871
-7.44923
-7.42718
-7.398
-7.39192
-7.39994
-7.4362
-7.42913
-7.42132
-7.43652
-7.40932
-7.46664
-7.46881
-7.44868
-7.48186
-7.48854
-7.52881
-7.45334
-7.44451
-7.42786
-7.37781
-7.34396
-7.33708
-7.41241
-7.36636
-7.34027
-7.43773
-7.46663
-7.52816
-7.51442
-7.49963
-7.41804
-7.40074
-7.39285
-7.35408
-7.35394
-7.39188
-7.43794
-7.51442
-7.50451
-7.50592
-7.39804
-7.36982
-7.3812
-7.37439
-7.33091
-7.36924
-7.37854
-7.42008
-7.42844
-7.37198
-7.29483
-7.33127
-7.26208
-7.34176
-7.4575
-7.44821
-7.50783
-7.51609
-7.52669
-7.45131
-7.41997
-7.40762
-7.381
-7.34366
-7.43769
-7.44894
-7.46137
-7.44149
-7.46425
-7.59115
-7.53306
-7.51745
-7.45334
-7.41055
-7.34197
-7.43976
-7.4825
-7.50407
-7.52901
-7.634
-7.6081
-7.62391
-7.61766
-7.61767
-7.61254
-7.6193
-7.58036
-7.58795
-7.62291
-7.5872
-7.49946
-7.55087
-7.53954
-7.42908
-7.4837
-7.53831
-7.55987
-7.56728
-7.59515
-7.53632
-7.56632
-7.49799
-7.55857
-7.55867
-7.53045
-7.55092
-7.57617
-7.60964
-7.63307
-7.57904
-7.53319
-7.48355
-7.50409
-7.55447
-7.54444
-7.52498
-7.49927
-7.55091
-7.55613
-7.49706
-7.55872
-7.60681
-7.59252
-7.59509
-7.62814
-7.573
-7.62737
-7.57942
-7.62673
-7.61817
-7.52437
-7.50863
-7.52554
-7.5284
-7.57008
-7.55418
-7.52211
-7.47419
-7.53582
-7.52014
-7.52651
-7.53182
-7.50834
-7.51288
-7.50327
-7.50409
-7.49999
-7.54407
-7.47119
-7.38597
-7.43565
-7.41311
-7.40148
-7.46405
-7.49965
-7.50726
-7.4176
-7.35523
-7.38179
-7.47619
-7.50762
-7.4445
-7.42352
-7.43759
-7.39343
-7.45663
-7.49483
-7.41775
-7.4086
-7.44846
-7.39836
-7.44236
-7.39964
-7.35814
-7.39644
-7.30891
-7.34692
-7.43384
-7.30899
-7.27384
-7.33368
-7.37848
-7.47232
-7.52407
-7.47627
-7.51094
-7.51381
-7.58129
-7.58981
-7.56946
-7.51237
-7.44702
-7.50541
-7.50047
-7.44921
-7.40055
-7.39836
-7.43959
-7.46734
-7.48884
-7.461
-7.51087
-7.54056
-7.60956
-7.61427
-7.60079
-7.57091
-7.57346
-7.52104
-7.52828
-7.5515
-7.56211
-7.51546
-7.54383
-7.5136
-7.46581
-7.48591
-7.53025
-7.52097
-7.54007
-7.56319
-7.56825
-7.53121
-7.61519
-7.51697
-7.42105
-7.41078
-7.50805
-7.48467
-7.47384
-7.48328
-7.53275
-7.5137
-7.45747
-7.4993
-7.47099
-7.52034
-7.44556
-7.42102
-7.46203
-7.51414
-7.58464
-7.62333
-7.57372
-7.5639
-7.48511
-7.44996
-7.42134
-7.43781
-7.37756
-7.3622
-7.28024
-7.38504
-7.47447
-7.51255
-7.44611
-7.39351
-7.44802
-7.41227
-7.38799
-7.47963
-7.41788
-7.4186
-7.42059
-7.46316
-7.44624
-7.46706
-7.49461
-7.41192
-7.3856
-7.42325
-7.36184
-7.38538
-7.36628
-7.35361
-7.37114
-7.32874
-7.28734
-7.37079
-7.42498
-7.32549
-7.33195
-7.51258
-7.5128
-7.44092
-7.39953
-7.51165
-7.43141
-7.44604
-7.47278
-7.49164
-7.5514
-7.57613
-7.54709
-7.60703
-7.5841
-7.61926
-7.56972
-7.49759
-7.49903
-7.4261
-7.42023
-7.40722
-7.48714
-7.45613
-7.40123
-7.33995
-7.35868
-7.37116
-7.38795
-7.41058
-7.36199
-7.42404
-7.41884
-7.38744
-7.39268
-7.32981
-7.27654
-7.29387
-7.32974
-7.37708
-7.33749
-7.34312
-7.29449
-7.29692
-7.32956
-7.35739
-7.32335
-7.33724
-7.28326
-7.37832
-7.31303
-7.32349
-7.3311
-7.30845
-7.34992
-7.33485
-7.35288
-7.22938
-7.2135
-7.2717
-7.37217
-7.42216
-7.38918
-7.35488
-7.41111
-7.35096
-7.28307
-7.28805
-7.37358
-7.43294
-7.35253
-7.40115
-7.41621
-7.35624
-7.33824
-7.35545
-7.43034
-7.47478
-7.42823
-7.45767
-7.45017
-7.48355
-7.48037
-7.50715
-7.56286
-7.49878
-7.47104
-7.40947
-7.37933
-7.4509
-7.39312
-7.40081
-7.40107
-7.42215
-7.44573
-7.53863
-7.52024
-7.53243
-7.46259
-7.43376
-7.41347
-7.39299
-7.41932
-7.38169
-7.30959
-7.25465
-7.25105
-7.24945
-7.30987
-7.2909
-7.33702
-7.33239
-7.35323
-7.36104
-7.44376
-7.47936
-7.48275
-7.43873
-7.4552
-7.48413
-7.49472
-7.46909
-7.51178
-7.49453
-7.5227
-7.49446
-7.54231
-7.51184
-7.5
-7.42775
-7.3591
-7.35517
-7.30909
-7.34142
-7.33541
-7.35348
-7.42885
-7.42684
-7.42501
-7.52215
-7.47286
-7.51509
-7.51437
-7.48423
-7.43012
-7.37631
-7.30733
-7.28831
-7.20518
-7.22482
-7.18537
-7.12789
-7.15516
-7.13684
-7.23738
-7.25318
-7.29425
-7.36052
-7.35579
-7.40145
-7.41489
-7.43967
-7.40296
-7.42005
-7.37775
-7.39341
-7.35808
-7.39284
-7.375
-7.3655
-7.35782
-7.35977
-7.36423
-7.34412
-7.25763
-7.38102
-7.365
-7.3925
-7.38813
-7.29231
-7.31479
-7.30864
-7.2875
-7.24227
-7.25752
-7.27554
-7.31135
-7.34473
-7.32455
-7.29158
-7.32242
-7.3666
-7.43166
-7.50362
-7.48326
-7.47903
-7.46401
-7.38619
-7.34357
-7.2993
-7.33861
-7.35507
-7.39783
-7.43006
-7.37905
-7.39803
-7.37568
-7.39141
-7.27842
-7.31791
-7.30665
-7.36459
-7.36749
-7.39968
-7.32814
-7.33935
-7.3406
-7.33739
-7.33588
-7.34768
-7.3713
-7.29581
-7.37132
-7.26977
-7.2647
-7.33202
-7.36909
-7.37945
-7.33788
-7.36246
-7.35721
-7.39092
-7.34289
-7.41407
-7.42592
-7.48111
-7.44663
-7.53614
-7.47662
-7.47825
-7.48185
-7.38211
-7.41686
-7.45415
-7.39791
-7.36868
-7.45172
-7.39978
-7.45642
-7.42426
-7.3808
-7.4836
-7.57222
-7.56004
-7.63011
-7.5246
-7.47377
-7.40014
-7.40649
-7.48759
-7.50688
-7.55577
-7.50621
-7.52371
-7.51055
-7.47293
-7.48888
-7.45289
-7.47953
-7.48758
-7.4733
-7.5184
-7.49111
-7.43715
-7.39016
-7.3329
-7.37344
-7.42057
-7.40023
-7.44183
-7.47867
-7.49143
-7.50024
-7.54441
-7.48376
-7.43313
-7.51164
-7.47697
-7.46764
-7.4833
-7.43043
-7.42693
-7.45776
-7.48549
-7.48538
-7.49667
-7.54506
-7.49074
-7.46961
-7.49907
-7.49822
-7.49767
-7.51929
-7.46017
-7.44942
-7.40112
-7.38042
-7.34915
-7.35922
-7.37968
-7.42309
-7.4094
-7.36514
-7.4523
-7.5123
-7.4156
-7.46626
-7.48799
-7.54114
-7.42701
-7.45224
-7.45023
-7.4565
-7.36847
-7.3803
-7.42722
-7.46063
-7.48129
-7.4217
-7.36466
-7.35638
-7.37624
-7.45165
-7.5058
-7.53857
-7.45006
-7.38697
-7.4245
-7.40143
-7.372
-7.41645
-7.44005
-7.37282
-7.44409
-7.44102
-7.46584
-7.49111
-7.50205
-7.48599
-7.45362
-7.42029
-7.35466
-7.36892
-7.45371
-7.47501
-7.50989
-7.51023
-7.50596
-7.43462
-7.45975
-7.45255
-7.39242
-7.4528
-7.42488
-7.43357
-7.45026
-7.46656
-7.43568
-7.44881
-7.32561
-7.47215
-7.47462
-7.43438
-7.42539
-7.46053
-7.49168
-7.40815
-7.4106
-7.53894
-7.47351
-7.49028
-7.41661
-7.38413
-7.44066
-7.39967
-7.51956
-7.58164
-7.56075
-7.46417
-7.43902
-7.39785
-7.49295
-7.42623
-7.46823
-7.50558
-7.47494
-7.49334
-7.52686
-7.46556
-7.4712
-7.47296
-7.55453
-7.52575
-7.47421
-7.44946
-7.56686
-7.58499
-7.59797
-7.67572
-7.64373
-7.6056
-7.51402
-7.56558
-7.57107
-7.58181
-7.50166
-7.42834
-7.38782
-7.42347
-7.45554
-7.45461
-7.41238
-7.37764
-7.4263
-7.41211
-7.41531
-7.38715
-7.40124
-7.42432
-7.45145
-7.47212
-7.53107
-7.49693
-7.5137
-7.47868
-7.43166
-7.58504
-7.53945
-7.52621
-7.51283
-7.50199
-7.5031
-7.55414
-7.6087
-7.66588
-7.65054
-7.59007
-7.53796
-7.5605
-7.5651
-7.48812
-7.54463
-7.56921
-7.51287
-7.53338
-7.53585
-7.51127
-7.44055
-7.54244
-7.50703
-7.51421
-7.47825
-7.42006
-7.52216
-7.48482
-7.49188
-7.4976
-7.45815
-7.4848
-7.43096
-7.42972
-7.46362
-7.49762
-7.48514
-7.44406
-7.37606
-7.32702
-7.32309
-7.38352
-7.30631
-7.30568
-7.31534
-7.33555
-7.33556
-7.42598
-7.36908
-7.34175
-7.41571
-7.43999
-7.41856
-7.50053
-7.49935
-7.56181
-7.54211
-7.59121
-7.68826
-7.65604
-7.57197
-7.55693
-7.53665
-7.50793
-7.48039
-7.46441
-7.39337
-7.42345
-7.47305
-7.44504
-7.47004
-7.3887
-7.38259
-7.449
-7.48228
-7.42015
-7.49512
-7.48725
-7.40613
-7.40405
-7.43402
-7.47676
-7.48677
-7.50722
-7.52952
-7.50818
-7.58167
-7.55096
-7.5421
-7.55679
-7.61458
-7.56857
-7.5303
-7.59516
-7.57531
-7.534
-7.57613
-7.5446
-7.59979
-7.55547
-7.53712
-7.50757
-7.5055
-7.53649
-7.4964
-7.46427
-7.49796
-7.39464
-7.49991
-7.44496
-7.47769
-7.48984
-7.52421
-7.55483
-7.54469
-7.54179
-7.52758
-7.59555
-7.6576
-7.58712
-7.55693
-7.55326
-7.50982
-7.58262
-7.5985
-7.56666
-7.62651
-7.56983
-7.58664
-7.59123
-7.62319
-7.59007
-7.52452
-7.47069
-7.53809
-7.58735
-7.57474
-7.61865
-7.59893
-7.51476
-7.52982
-7.55902
-7.51603
-7.49839
-7.50808
-7.51704
-7.4774
-7.40913
-7.38887
-7.39301
-7.43172
-7.4205
-7.37264
-7.40088
-7.36888
-7.33703
-7.37929
-7.41199
-7.344
-7.34115
-7.47459
-7.51821
-7.49514
-7.55717
-7.58844
-7.46311
-7.50275
-7.58339
-7.51224
-7.53791
-7.4803
-7.4635
-7.36662
-7.40093
-7.44053
-7.48235
-7.50499
-7.53971
-7.54377
-7.53968
-7.51848
-7.57438
-7.5892
-7.61249
-7.54108
-7.44647
-7.58947
-7.58912
-7.64223
-7.62372
-7.60235
-7.57792
-7.54146
-7.53368
-7.61009
-7.60061
-7.50856
-7.54942
-7.44334
-7.5139
-7.49491
-7.48876
-7.56811
-7.54708
-7.57536
-7.57564
-7.56838
-7.57258
-7.54863
-7.52534
-7.49148
-7.4376
-7.62002
-7.5645
-7.55754
-7.61232
-7.56905
-7.58043
-7.56505
-7.58643
-7.63973
-7.51652
-7.44918
-7.50029
-7.47974
-7.42135
-7.4059
-7.38281
-7.44123
-7.36049
-7.45037
-7.44911
-7.50325
-7.53928
-7.4876
-7.41047
-7.39631
-7.39332
-7.39577
-7.37148
-7.43297
-7.45057
-7.41836
-7.4773
-7.45151
-7.38854
-7.42488
-7.32313
-7.38812
-7.45758
-7.46745
-7.44147
-7.41886
-7.39844
-7.43683
-7.54529
-7.5858
-7.54847
-7.49918
-7.41762
-7.4568
-7.50496
-7.50687
-7.47464
-7.47309
-7.47509
-7.38739
-7.43245
-7.4832
-7.57383
-7.63482
-7.61008
-7.50986
-7.60531
-7.52017
-7.52555
-7.50622
-7.57805
-7.5916
-7.56145
-7.58143
-7.56923
-7.464
-7.46355
-7.48927
-7.52223
-7.48745
-7.45564
-7.43218
-7.44697
-7.49521
-7.50277
-7.53273
-7.55508
-7.56336
-7.53274
-7.53636
-7.5182
-7.58502
-7.56342
-7.55753
-7.52361
-7.56203
-7.50817
-7.49731
-7.46966
-7.50073
-7.53902
-7.45936
-7.5409
-7.60009
-7.58095
-7.51944
-7.45885
-7.4477
-7.45441
-7.33141
-7.3752
-7.33205
-7.33382
-7.38013
-7.4319
-7.42676
-7.47714
-7.48694
-7.46585
-7.37033
-7.405
-7.43614
-7.44988
-7.47404
-7.46776
-7.49138
-7.45102
-7.45313
-7.4703
-7.42423
-7.4195
-7.44952
-7.45777
-7.40724
-7.3771
-7.4379
-7.47278
-7.47454
-7.48618
-7.42783
-7.43734
-7.40672
-7.39626
-7.41072
-7.36139
-7.44244
-7.44903
-7.50321
-7.45871
-7.42431
-7.42547
-7.38129
-7.46911
-7.39048
-7.40179
-7.38679
-7.42497
-7.37737
-7.41045
-7.43345
-7.4285
-7.39642
-7.4198
-7.39627
-7.37408
-7.41017
-7.36423
-7.33953
-7.22299
-7.27496
-7.35541
-7.22252
-7.265
-7.24935
-7.25896
-7.26278
-7.35741
-7.42816
-7.3943
-7.50142
-7.42703
-7.52151
-7.50735
-7.48145
-7.44139
-7.42241
-7.34587
-7.31038
-7.29548
-7.28091
-7.35882
-7.44088
-7.51596
-7.57475
-7.51556
-7.4876
-7.48175
-7.40215
-7.4525
-7.45927
-7.47021
-7.42767
-7.48068
-7.47317
-7.42975
-7.48438
-7.42715
-7.39361
-7.4717
-7.48724
-7.46321
-7.4865
-7.54545
-7.54374
-7.46765
-7.5025
-7.55281
-7.5584
-7.53055
-7.59073
-7.49619
-7.48774
-7.42441
-7.49153
-7.3854
-7.47223
-7.44163
-7.4572
-7.39854
-7.42422
-7.3863
-7.40578
-7.46301
-7.44233
-7.43045
-7.43134
-7.39681
-7.43273
-7.44286
-7.42466
-7.46715
-7.43354
-7.4255
-7.41799
-7.45339
-7.42112
-7.42361
-7.43564
-7.4835
-7.43162
-7.38145
-7.37444
-7.48726
-7.52595
-7.49713
-7.46407
-7.45104
-7.39342
-7.38915
-7.38111
-7.31764
-7.36158
-7.41716
-7.47113
-7.50046
-7.52032
-7.38821
-7.41882
-7.37638
-7.35403
-7.2686
-7.28299
-7.34422
-7.36679
-7.40552
-7.47496
-7.47143
-7.40316
-7.42531
-7.42313
-7.45919
-7.50135
-7.4803
-7.50304
-7.44688
-7.43392
-7.51451
-7.45521
-7.46822
-7.50544
-7.53498
-7.44855
-7.46054
-7.49823
-7.48752
-7.55223
-7.54704
-7.4971
-7.51719
-7.45908
-7.44492
-7.46131
-7.50288
-7.5112
-7.49065
-7.5089
-7.41575
-7.45777
-7.52586
-7.44839
-7.44121
-7.49138
-7.46832
-7.49958
-7.5307
-7.55103
-7.60003
-7.56427
-7.63455
-7.61384
-7.61728
-7.58745
-7.60237
-7.66651
-7.63055
-7.5759
-7.50723
-7.53302
-7.52777
-7.49212
-7.40103
-7.4258
-7.41279
-7.54919
-7.50774
-7.50402
-7.52534
-7.51737
-7.54688
-7.52711
-7.46118
-7.56243
-7.52531
-7.58503
-7.5914
-7.48895
-7.56943
-7.56481
-7.47493
-7.50038
-7.40214
-7.42206
-7.33687
-7.36612
-7.40409
-7.34273
-7.34265
-7.27148
-7.28126
-7.37184
-7.43759
-7.43615
-7.45672
-7.41947
-7.46146
-7.47436
-7.47704
-7.49138
-7.50416
-7.37229
-7.42522
-7.50938
-7.50787
-7.44603
-7.48593
-7.49691
-7.48205
-7.46506
-7.36263
-7.43696
-7.38787
-7.37996
-7.43789
-7.37945
-7.364
-7.30382
-7.32671
-7.37116
-7.40561
-7.42065
-7.44506
-7.51183
-7.39554
-7.37404
-7.37844
-7.32276
-7.365
-7.304
-7.24644
-7.26986
-7.26618
-7.26044
-7.32533
-7.23382
-7.21186
-7.31747
-7.29556
-7.34843
-7.36826
-7.37621
-7.35054
-7.40594
-7.49919
-7.43101
-7.33462
-7.37018
-7.34113
-7.35192
-7.2723
-7.27025
-7.26871
-7.36914
-7.39277
-7.44296
-7.44047
-7.41693
-7.52066
-7.47596
-7.54537
-7.5091
-7.46328
-7.50157
-7.53277
-7.52668
-7.47679
-7.53442
-7.56795
-7.63984
-7.59989
-7.51273
-7.40915
-7.4049
-7.39734
-7.46121
-7.54
-7.56352
-7.50805
-7.55615
-7.56429
-7.47472
-7.49828
-7.4909
-7.44917
-7.47011
-7.48675
-7.53644
-7.5413
-7.50416
-7.46472
-7.45707
-7.41756
-7.40495
-7.47698
-7.45795
-7.42944
-7.42847
-7.51861
-7.57334
-7.54535
-7.55364
-7.47537
-7.49577
-7.48455
-7.58437
-7.62505
-7.65184
-7.56235
-7.56703
-7.51202
-7.47597
-7.38506
-7.34881
-7.38668
-7.39389
-7.44124
-7.49693
-7.4319
-7.39374
-7.44167
-7.49491
-7.34642
-7.27985
-7.32061
-7.36654
-7.35956
-7.39514
-7.32846
-7.29172
-7.31208
-7.38902
-7.36022
-7.35604
-7.31215
-7.24633
-7.23029
-7.20548
-7.19525
-7.1902
-7.25078
-7.25583
-7.26459
-7.2468
-7.37808
-7.3672
-7.36291
-7.32384
-7.36232
-7.35502
-7.39149
-7.40644
-7.46391
-7.41275
-7.4623
-7.48284
-7.44571
-7.52435
-7.51732
-7.46186
-7.48095
-7.47015
-7.40546
-7.45705
-7.45831
-7.44571
-7.5104
-7.54906
-7.57393
-7.56151
-7.58542
-7.47323
-7.44426
-7.39555
-7.37377
-7.33917
-7.38683
-7.43376
-7.42947
-7.44897
-7.39211
-7.38976
-7.36712
-7.37142
-7.31416
-7.26368
-7.30082
-7.36104
-7.38577
-7.29187
-7.32099
-7.29856
-7.24431
-7.28484
-7.3259
-7.3338
-7.35549
-7.29298
-7.31086
-7.39354
-7.3497
-7.3513
-7.40863
-7.41133
-7.44295
-7.42446
-7.50325
-7.41932
-7.43243
-7.50187
-7.48557
-7.48657
-7.54953
-7.57674
-7.51427
-7.49206
-7.49699
-7.5141
-7.51975
-7.50118
-7.48126
-7.51823
-7.54832
-7.55359
-7.51258
-7.52863
-7.54214
-7.48815
-7.5028
-7.45541
-7.52432
-7.58166
-7.54036
-7.62262
-7.63087
-7.615
-7.55496
-7.52332
-7.59027
-7.58314
-7.54377
-7.52696
-7.53439
-7.56292
-7.4954
-7.44614
-7.47496
-7.50955
-7.47553
-7.57229
-7.52897
-7.50756
-7.53773
-7.51888
-7.4271
-7.43323
-7.43553
-7.47976
-7.42188
-7.41727
-7.46756
-7.43228
-7.45955
-7.46149
-7.41797
-7.43039
-7.42523
-7.2922
-7.29989
-7.33537
-7.36045
-7.28744
-7.34854
-7.4147
-7.43527
-7.42605
-7.4968
-7.49358
-7.50284
-7.4675
-7.44385
-7.44183
-7.4209
-7.47221
-7.46933
-7.41842
-7.48833
-7.48899
-7.47678
-7.39831
-7.41391
-7.31065
-7.38679
-7.42542
-7.41096
-7.43142
-7.36524
-7.4318
-7.38798
-7.40407
-7.42062
-7.40585
-7.31319
-7.31769
-7.31745
-7.34352
-7.27505
-7.32832
-7.27239
-7.36215
-7.2896
-7.23915
-7.28973
-7.28197
-7.30872
-7.28165
-7.32083
-7.39608
-7.45773
-7.45891
-7.48698
-7.40598
-7.44048
-7.42176
-7.35622
-7.33077
-7.32274
-7.31344
-7.31773
-7.38927
-7.44528
-7.41115
-7.50055
-7.4759
-7.52047
-7.57068
-7.60149
-7.51616
-7.41939
-7.41681
-7.38091
-7.29153
-7.25509
-7.24742
-7.33919
-7.35654
-7.39784
-7.44417
-7.46204
-7.46682
-7.46334
-7.4481
-7.39957
-7.39515
-7.2702
-7.29767
-7.29099
-7.29462
-7.36873
-7.37173
-7.38036
-7.42988
-7.40248
-7.4224
-7.42785
-7.35708
-7.33065
-7.32831
-7.27331
-7.32971
-7.40196
-7.46366
-7.52211
-7.54559
-7.582
-7.55043
-7.51758
-7.51456
-7.56179
-7.61297
-7.62171
-7.60104
-7.59928
-7.57251
-7.53593
-7.54521
-7.51033
-7.48057
-7.45925
-7.46221
-7.51279
-7.46559
-7.3946
-7.35679
-7.36976
-7.3809
-7.38605
-7.40969
-7.37079
-7.37413
-7.3866
-7.37778
-7.461
-7.47376
-7.467
-7.50534
-7.48743
-7.50542
-7.44473
-7.46731
-7.50551
-7.51482
-7.54205
-7.50527
-7.46431
-7.4983
-7.55046
-7.61051
-7.54698
-7.49515
-7.47782
-7.50424
-7.4679
-7.47763
-7.4805
-7.52814
-7.55361
-7.5383
-7.39023
-7.48177
-7.52722
-7.52917
-7.49191
-7.46747
-7.48723
-7.48109
-7.47384
-7.48916
-7.44355
-7.48656
-7.62271
-7.63878
-7.53308
-7.50879
-7.54469
-7.51983
-7.53041
-7.49103
-7.52922
-7.48268
-7.53547
-7.51609
-7.54102
-7.52072
-7.56648
-7.5708
-7.56874
-7.58311
-7.61285
-7.62996
-7.60584
-7.66672
-7.59335
-7.58646
-7.60985
-7.67435
-7.60541
-7.59805
-7.5422
-7.50922
-7.49734
-7.45048
-7.37764
-7.47396
-7.51899
-7.50957
-7.55432
-7.53309
-7.47983
-7.46028
-7.39477
-7.3351
-7.33093
-7.34135
-7.34528
-7.41549
-7.44596
-7.49389
-7.45513
-7.49311
-7.51585
-7.51763
-7.47244
-7.45684
-7.4806
-7.51251
-7.47282
-7.47066
-7.5025
-7.54412
-7.49774
-7.48742
-7.47672
-7.51949
-7.46148
-7.50611
-7.5081
-7.55783
-7.50116
-7.41979
-7.49154
-7.4959
-7.53955
-7.52827
-7.42043
-7.40598
-7.36601
-7.34128
-7.41963
-7.3586
-7.41269
-7.42535
-7.39395
-7.43117
-7.442
-7.40597
-7.36435
-7.32946
-7.34547
-7.33017
-7.30895
-7.37034
-7.3497
-7.3423
-7.39162
-7.3572
-7.34619
-7.31855
-7.32969
-7.34563
-7.3394
-7.32399
-7.27065
-7.33241
-7.36724
-7.3422
-7.32646
-7.33851
-7.32667
-7.30348
-7.33368
-7.32682
-7.26288
-7.27677
-7.41203
-7.4526
-7.46115
-7.42204
-7.45398
-7.42587
-7.45994
-7.4942
-7.43798
-7.44534
-7.42186
-7.46711
-7.45195
-7.43203
-7.52891
-7.4608
-7.43141
-7.51773
-7.50529
-7.5367
-7.53202
-7.48063
-7.46212
-7.4635
-7.40242
-7.50788
-7.47606
-7.48031
-7.44008
-7.42074
-7.52443
-7.59842
-7.53827
-7.49102
-7.49438
-7.50445
-7.55123
-7.57311
-7.51904
-7.60233
-7.62628
-7.63211
-7.58222
-7.63644
-7.65706
-7.57037
-7.54494
-7.46605
-7.51803
-7.48799
-7.52773
-7.53827
-7.45962
-7.59325
-7.62534
-7.64268
-7.6089
-7.61269
-7.63001
-7.60956
-7.55602
-7.51738
-7.49735
-7.54534
-7.58401
-7.56719
-7.56862
-7.5371
-7.51866
-7.48744
-7.42968
-7.41939
-7.42729
-7.38806
-7.48193
-7.52547
-7.49178
-7.4681
-7.45532
-7.43143
-7.458
-7.50958
-7.43515
-7.47387
-7.52811
-7.54944
-7.51875
-7.51552
-7.46961
-7.43024
-7.49475
-7.43128
-7.4892
-7.4495
-7.30723
-7.32295
-7.33806
-7.3108
-7.20944
-7.25117
-7.29019
-7.3761
-7.35563
-7.30502
-7.31907
-7.36399
-7.37117
-7.43398
-7.36208
-7.40535
-7.41737
-7.46476
-7.49963
-7.54194
-7.47424
-7.49184
-7.45267
-7.41316
-7.42966
-7.50846
-7.49231
-7.33708
-7.33404
-7.30661
-7.36929
-7.3532
-7.37783
-7.43408
-7.44285
-7.4375
-7.49593
-7.54438
-7.5576
-7.48665
-7.47526
-7.52009
-7.49512
-7.42543
-7.51013
-7.48082
-7.49207
-7.47289
-7.4496
-7.36452
-7.47466
-7.56889
-7.51699
-7.47728
-7.57091
-7.54676
-7.53638
-7.49955
-7.52143
-7.51604
-7.43293
-7.42864
-7.43817
-7.38431
-7.36645
-7.36042
-7.40793
-7.36697
-7.35007
-7.38539
-7.34412
-7.36247
-7.34683
-7.36354
-7.35704
-7.39804
-7.48884
-7.51331
-7.50082
-7.441
-7.48158
-7.47618
-7.39012
-7.51496
-7.45201
-7.49273
-7.50548
-7.4617
-7.49952
-7.5191
-7.44858
-7.51089
-7.54115
-7.52198
-7.56971
-7.64298
-7.60404
-7.62235
-7.61084
-7.64197
-7.68328
-7.68908
-7.64834
-7.59723
-7.51099
-7.51399
-7.50548
-7.52137
-7.5621
-7.59887
-7.5193
-7.46801
-7.38848
-7.43252
-7.43248
-7.47619
-7.50323
-7.55922
-7.57477
-7.56873
-7.55199
-7.55511
-7.59515
-7.51097
-7.58235
-7.5525
-7.54557
-7.59904
-7.64456
-7.58849
-7.47838
-7.54295
-7.56114
-7.60531
-7.60575
-7.4976
-7.55707
-7.66452
-7.69237
-7.59884
-7.62001
-7.53302
-7.49312
-7.48724
-7.51162
-7.42016
-7.37097
-7.45017
-7.43354
-7.47247
-7.41356
-7.44984
-7.45202
-7.39352
-7.40174
-7.40548
-7.42382
-7.42956
-7.42475
-7.41948
-7.47029
-7.44955
-7.429
-7.43105
-7.39027
-7.43638
-7.43588
-7.43577
-7.39112
-7.36143
-7.33738
-7.35766
-7.36631
-7.33138
-7.29314
-7.27379
-7.35762
-7.37855
-7.44698
-7.42408
-7.38734
-7.41105
-7.39112
-7.48885
-7.46816
-7.54775
-7.48158
-7.58992
-7.56394
-7.64046
-7.5329
-7.56281
-7.52346
-7.48447
-7.42425
-7.47802
-7.48319
-7.49194
-7.42192
-7.43587
-7.46713
-7.54787
-7.49632
-7.38324
-7.41324
-7.46243
-7.55536
-7.57522
-7.51273
-7.54422
-7.51916
-7.53169
-7.49481
-7.44505
-7.41884
-7.43158
-7.45964
-7.43197
-7.39611
-7.47083
-7.42766
-7.4931
-7.52418
-7.53313
-7.63674
-7.64586
-7.56318
-7.59045
-7.57686
-7.65612
-7.64842
-7.57487
-7.50616
-7.46619
-7.37826
-7.40523
-7.33921
-7.29577
-7.36958
-7.35405
-7.35471
-7.39157
-7.36392
-7.35592
-7.34961
-7.31747
-7.32382
-7.35704
-7.34291
-7.31156
-7.38693
-7.42237
-7.49686
-7.43739
-7.4717
-7.43804
-7.45362
-7.33782
-7.34941
-7.45325
-7.47449
-7.48215
-7.55849
-7.59454
-7.58602
-7.57298
-7.53437
-7.55002
-7.58837
-7.55748
-7.58041
-7.51676
-7.50699
-7.53704
-7.59466
-7.53959
-7.58096
-7.65134
-7.56433
-7.56481
-7.50277
-7.60159
-7.61217
-7.58707
-7.59481
-7.62165
-7.60136
-7.6173
-7.55102
-7.55196
-7.55236
-7.53296
-7.55364
-7.58831
-7.50197
-7.50522
-7.5418
-7.51983
-7.45884
-7.49343
-7.51983
-7.48453
-7.46748
-7.43534
-7.42792
-7.45825
-7.47897
-7.41946
-7.36858
-7.29788
-7.39107
-7.44026
-7.41611
-7.45761
-7.41709
-7.4761
-7.43936
-7.34146
-7.36365
-7.48611
-7.51516
-7.46844
-7.54127
-7.46966
-7.4626
-7.4394
-7.49552
-7.48863
-7.51797
-7.50264
-7.4879
-7.49229
-7.56176
-7.49711
-7.53801
-7.55392
-7.5699
-7.56093
-7.53828
-7.48679
-7.49057
-7.48887
-7.43501
-7.42926
-7.50591
-7.52424
-7.60162
-7.57255
-7.61809
-7.60633
-7.62986
-7.50873
-7.4881
-7.55516
-7.68
-7.54583
-7.48694
-7.54347
-7.51987
-7.53782
-7.51934
-7.47458
-7.46944
-7.61818
-7.59999
-7.56776
-7.5802
-7.59775
-7.65724
-7.70876
-7.70679
-7.7736
-7.76122
-7.74093
-7.72067
-7.69978
-7.69859
-7.60954
-7.53672
-7.5111
-7.50585
-7.51436
-7.56238
-7.46771
-7.53183
-7.51241
-7.45914
-7.35494
-7.3733
-7.33671
-7.44306
-7.46715
-7.47618
-7.48923
-7.48645
-7.49361
-7.48152
-7.51727
-7.51275
-7.55189
-7.55461
-7.53481
-7.53756
-7.45396
-7.39529
-7.42143
-7.41159
-7.29897
-7.37514
-7.29531
-7.32506
-7.30591
-7.21705
-7.24669
-7.26419
-7.27434
-7.2732
-7.20089
-7.30733
-7.34906
-7.47254
-7.50673
-7.55407
-7.48375
-7.45174
-7.48285
-7.48227
-7.41726
-7.42817
-7.39535
-7.45526
-7.53642
-7.46566
-7.45384
-7.45972
-7.46252
-7.45195
-7.47552
-7.48515
-7.51544
-7.52178
-7.51326
-7.56824
-7.54561
-7.58618
-7.50112
-7.42052
-7.46864
-7.54823
-7.44626
-7.51948
-7.57198
-7.5049
-7.5225
-7.49008
-7.44783
-7.45186
-7.49248
-7.44417
-7.52405
-7.53304
-7.53329
-7.52712
-7.43567
-7.39717
-7.40267
-7.46467
-7.46962
-7.47782
-7.55519
-7.56571
-7.52009
-7.47025
-7.46041
-7.33896
-7.43323
-7.39678
-7.4304
-7.44369
-7.41314
-7.44786
-7.38912
-7.32819
-7.32765
-7.3791
-7.41704
-7.40671
-7.29781
-7.36631
-7.3572
-7.45461
-7.45034
-7.41261
-7.49083
-7.43853
-7.36608
-7.35799
-7.35
-7.35766
-7.32213
-7.38891
-7.43414
-7.40106
-7.42375
-7.37276
-7.35602
-7.4262
-7.50462
-7.53419
-7.58223
-7.57414
-7.58208
-7.55061
-7.51825
-7.48761
-7.50861
-7.46121
-7.46291
-7.48081
-7.47669
-7.547
-7.62848
-7.62722
-7.58174
-7.62709
-7.61726
-7.58808
-7.59367
-7.51628
-7.56538
-7.56202
-7.54209
-7.54308
-7.44078
-7.39492
-7.43131
-7.40108
-7.40012
-7.38989
-7.39675
-7.39217
-7.37272
-7.42553
-7.38941
-7.39326
-7.43122
-7.46545
-7.43633
-7.46514
-7.41095
-7.40629
-7.40208
-7.3382
-7.37133
-7.37736
-7.37918
-7.40551
-7.45651
-7.42781
-7.50658
-7.58569
-7.53489
-7.52649
-7.54452
-7.56042
-7.57856
-7.57297
-7.5544
-7.5879
-7.53382
-7.59147
-7.67368
-7.64139
-7.61434
-7.57694
-7.50343
-7.5065
-7.47805
-7.52318
-7.52653
-7.49154
-7.50291
-7.42674
-7.42766
-7.41867
-7.3695
-7.36848
-7.33009
-7.3531
-7.22774
-7.28006
-7.28922
-7.33371
-7.37689
-7.39623
-7.37663
-7.38735
-7.41321
-7.46091
-7.41561
-7.40993
-7.45627
-7.40572
-7.44166
-7.43522
-7.45208
-7.43905
-7.37785
-7.39254
-7.47795
-7.53345
-7.50809
-7.49234
-7.40249
-7.37414
-7.36238
-7.29567
-7.37233
-7.39362
-7.38821
-7.38427
-7.47412
-7.54284
-7.5853
-7.44683
-7.46568
-7.43791
-7.52274
-7.49139
-7.4439
-7.38126
-7.44142
-7.47814
-7.4068
-7.38934
-7.39239
-7.33615
-7.37999
-7.37376
-7.37316
-7.33401
-7.32359
-7.37092
-7.38949
-7.49506
-7.60399
-7.57206
-7.55092
-7.52045
-7.45304
-7.40564
-7.3879
-7.35443
-7.29774
-7.37783
-7.35535
-7.22598
-7.24549
-7.26036
-7.2677
-7.32312
-7.4171
-7.35358
-7.37198
-7.38806
-7.28511
-7.36719
-7.43947
-7.34589
-7.39755
-7.41761
-7.38464
-7.354
-7.37788
-7.34547
-7.33041
-7.39079
-7.37961
-7.35149
-7.297
-7.2847
-7.28761
-7.3217
-7.36484
-7.50007
-7.49821
-7.54704
-7.47103
-7.52289
-7.54549
-7.59407
-7.58836
-7.59211
-7.5046
-7.43889
-7.491
-7.54352
-7.57163
-7.48717
-7.38268
-7.35696
-7.47475
-7.45957
-7.39016
-7.37331
-7.41428
-7.3703
-7.40839
-7.42221
-7.38821
-7.42716
-7.35036
-7.27508
-7.32817
-7.26323
-7.25553
-7.29567
-7.3001
-7.336
-7.33848
-7.35097
-7.36115
-7.36608
-7.35815
-7.36917
-7.39691
-7.38131
-7.50416
-7.48612
-7.39266
-7.33621
-7.43457
-7.44389
-7.43153
-7.43119
-7.43609
-7.43899
-7.47386
-7.47006
-7.46131
-7.44127
-7.42025
-7.43038
-7.4057
-7.48808
-7.53608
-7.47745
-7.49658
-7.44588
-7.45317
-7.40671
-7.43424
-7.45099
-7.39455
-7.35418
-7.3752
-7.28918
-7.27984
-7.33748
-7.24068
-7.31178
-7.34013
-7.31319
-7.29886
-7.25718
-7.24092
-7.2836
-7.38491
-7.34668
-7.37405
-7.43073
-7.42978
-7.49793
-7.43599
-7.44371
-7.4712
-7.48537
-7.44847
-7.41483
-7.35354
-7.47722
-7.46571
-7.39029
-7.37706
-7.40693
-7.49444
-7.47418
-7.4209
-7.45346
-7.4718
-7.46874
-7.45464
-7.55765
-7.54344
-7.55391
-7.448
-7.44867
-7.47637
-7.41611
-7.41243
-7.47937
-7.45655
-7.48792
-7.48441
-7.48287
-7.50035
-7.491
-7.42655
-7.49464
-7.50376
-7.45773
-7.47457
-7.49288
-7.52515
-7.51718
-7.56562
-7.45061
-7.3821
-7.44305
-7.40456
-7.39325
-7.39516
-7.35002
-7.36695
-7.37172
-7.41093
-7.41783
-7.37201
-7.35483
-7.37404
-7.3305
-7.3248
-7.34447
-7.39418
-7.39785
-7.35828
-7.42131
-7.33109
-7.32699
-7.26118
-7.31517
-7.27342
-7.4128
-7.24396
-7.26923
-7.39768
-7.43728
-7.43599
-7.45516
-7.47588
-7.47312
-7.46496
-7.48481
-7.48317
-7.52099
-7.47764
-7.44831
-7.48031
-7.51977
-7.50939
-7.51221
-7.46005
-7.51148
-7.5614
-7.70854
-7.69749
-7.55386
-7.54966
-7.53116
-7.61675
-7.56688
-7.60585
-7.56527
-7.54893
-7.49242
-7.49738
-7.48609
-7.41894
-7.46003
-7.53794
-7.4305
-7.38818
-7.37396
-7.38537
-7.47423
-7.52212
-7.52755
-7.56764
-7.56069
-7.61897
-7.55153
-7.51544
-7.49774
-7.47381
-7.53755
-7.55775
-7.4931
-7.5006
-7.47988
-7.46821
-7.45031
-7.47672
-7.48708
-7.50327
-7.48265
-7.52286
-7.47497
-7.39239
-7.39048
-7.34969
-7.25872
-7.33372
-7.32348
-7.37916
-7.4279
-7.48098
-7.38411
-7.34926
-7.38774
-7.45841
-7.49614
-7.49566
-7.47238
-7.43929
-7.41372
-7.44804
-7.36758
-7.44063
-7.41636
-7.45873
-7.46544
-7.43607
-7.41564
-7.42204
-7.49628
-7.48066
-7.43603
-7.49601
-7.50133
-7.45255
-7.42761
-7.36711
-7.39051
-7.4757
-7.50516
-7.53516
-7.56987
-7.55385
-7.48328
-7.41214
-7.34504
-7.31688
-7.26582
-7.24947
-7.31553
-7.36223
-7.32777
-7.28632
-7.42805
-7.45928
-7.46761
-7.47353
-7.53343
-7.54064
-7.43981
-7.52146
-7.49408
-7.48538
-7.50459
-7.5193
-7.5154
-7.48612
-7.49347
-7.52131
-7.48583
-7.46295
-7.47193
-7.53308
-7.51586
-7.55317
-7.59392
-7.55209
-7.53197
-7.51155
-7.44114
-7.46729
-7.46111
-7.45174
-7.37546
-7.38802
-7.4097
-7.39462
-7.39601
-7.46767
-7.46803
-7.52058
-7.49501
-7.48174
-7.52144
-7.52607
-7.48222
-7.50048
-7.48462
-7.51224
-7.49409
-7.5006
-7.50334
-7.40439
-7.35569
-7.32086
-7.3209
-7.29266
-7.34094
-7.37832
-7.41217
-7.46575
-7.50374
-7.5384
-7.50774
-7.48719
-7.47831
-7.57467
-7.53877
-7.60658
-7.59967
-7.51281
-7.46874
-7.44605
-7.48321
-7.44086
-7.39783
-7.40769
-7.3825
-7.38372
-7.47708
-7.42454
-7.4603
-7.45591
-7.41009
-7.39063
-7.35793
-7.35663
-7.29609
-7.20124
-7.25681
-7.26129
-7.3478
-7.30399
-7.25189
-7.24007
-7.26681
-7.29361
-7.32344
-7.34743
-7.36808
-7.32286
-7.31965
-7.33321
-7.33296
-7.35945
-7.39576
-7.45899
-7.50078
-7.54288
-7.52021
-7.4914
-7.42966
-7.48708
-7.44988
-7.44392
-7.39102
-7.34946
-7.32554
-7.29965
-7.33167
-7.35492
-7.42025
-7.38277
-7.4193
-7.3753
-7.42763
-7.41429
-7.40772
-7.4163
-7.42408
-7.46277
-7.45352
-7.49667
-7.44806
-7.4566
-7.39083
-7.32411
-7.3544
-7.3607
-7.31687
-7.34519
-7.36921
-7.3409
-7.26267
-7.2821
-7.35485
-7.3362
-7.26776
-7.2522
-7.24503
-7.34424
-7.34177
-7.45424
-7.42223
-7.41156
-7.35376
-7.40632
-7.34228
-7.47565
-7.55022
-7.58925
-7.59795
-7.55271
-7.50996
-7.49618
-7.50458
-7.5607
-7.50778
-7.55603
-7.55312
-7.55523
-7.55449
-7.63749
-7.60993
-7.53756
-7.51776
-7.48649
-7.52487
-7.58439
-7.5469
-7.57209
-7.60939
-7.60381
-7.50519
-7.47976
-7.49129
-7.52674
-7.58032
-7.50588
-7.50823
-7.49128
-7.4521
-7.3988
-7.39803
-7.41739
-7.40823
-7.39992
-7.47086
-7.55064
-7.57137
-7.53321
-7.54194
-7.48582
-7.55574
-7.60797
-7.59297
-7.58186
-7.54778
-7.47747
-7.53407
-7.59993
-7.59664
-7.54644
-7.53559
-7.53843
-7.47257
-7.49458
-7.46693
-7.53699
-7.55243
-7.50669
-7.54196
-7.56094
-7.55575
-7.58629
-7.5281
-7.55202
-7.54211
-7.52079
-7.54587
-7.57792
-7.56956
-7.5772
-7.59248
-7.58695
-7.54784
-7.60879
-7.51721
-7.59844
-7.66152
-7.57496
-7.62643
-7.65573
-7.66161
-7.58014
-7.57564
-7.6086
-7.61092
-7.56246
-7.49916
-7.52097
-7.53784
-7.55086
-7.48978
-7.54245
-7.52656
-7.55249
-7.51084
-7.49668
-7.59622
-7.62316
-7.59085
-7.50189
-7.5901
-7.52209
-7.54928
-7.51513
-7.51179
-7.50139
-7.46417
-7.4466
-7.41472
-7.48622
-7.39139
-7.47909
-7.4715
-7.46114
-7.38373
-7.41037
-7.36261
-7.38192
-7.32884
-7.3846
-7.35631
-7.42284
-7.37775
-7.36497
-7.42915
-7.45004
-7.43886
-7.46326
-7.45363
-7.49395
-7.51001
-7.4867
-7.48749
-7.47615
-7.44894
-7.54472
-7.53008
-7.51354
-7.47436
-7.50988
-7.50494
-7.55156
-7.49763
-7.4647
-7.47992
-7.51648
-7.49202
-7.54843
-7.5465
-7.5189
-7.54114
-7.51363
-7.53524
-7.52489
-7.53031
-7.60338
-7.68678
-7.68142
-7.62825
-7.63205
-7.51381
-7.50356
-7.45349
-7.46862
-7.47526
-7.47493
-7.42642
-7.429
-7.3685
-7.43418
-7.41372
-7.34459
-7.46984
-7.46126
-7.49298
-7.44748
-7.45024
-7.47881
-7.46995
-7.58691
-7.51241
-7.5184
-7.5776
-7.57037
-7.5427
-7.53037
-7.42385
-7.44528
-7.36406
-7.36555
-7.44447
-7.36427
-7.39145
-7.4388
-7.42654
-7.36102
-7.39898
-7.37805
-7.36153
-7.28144
-7.28755
-7.29035
-7.32339
-7.30839
-7.45994
-7.49377
-7.51483
-7.51399
-7.52066
-7.53996
-7.50676
-7.51212
-7.53297
-7.52426
-7.4874
-7.50098
-7.52175
-7.46688
-7.52041
-7.46943
-7.41557
-7.41029
-7.30906
-7.43631
-7.47508
-7.40005
-7.39152
-7.40374
-7.43698
-7.41767
-7.42589
-7.43192
-7.46106
-7.46113
-7.42678
-7.40944
-7.4123
-7.34842
-7.3126
-7.35688
-7.26458
-7.37784
-7.44577
-7.43129
-7.42177
-7.44271
-7.41397
-7.56673
-7.58779
-7.51755
-7.4672
-7.5368
-7.50718
-7.52889
-7.40043
-7.46408
-7.44385
-7.40218
-7.44786
-7.46683
-7.45018
-7.49767
-7.57824
-7.57271
-7.44964
-7.39486
-7.46559
-7.52619
-7.47095
-7.54506
-7.56623
-7.54289
-7.50821
-7.48326
-7.42298
-7.47841
-7.4955
-7.44752
-7.45797
-7.49887
-7.50592
-7.55211
-7.47271
-7.47567
-7.45478
-7.41005
-7.3701
-7.3301
-7.43128
-7.50921
-7.49794
-7.51739
-7.43697
-7.39531
-7.42918
-7.43629
-7.44811
-7.39919
-7.49238
-7.50515
-7.45523
-7.48687
-7.53781
-7.64783
-7.52859
-7.53716
-7.5316
-7.53276
-7.50291
-7.54188
-7.60366
-7.54193
-7.5195
-7.50788
-7.47686
-7.47292
-7.46366
-7.42092
-7.5126
-7.56654
-7.52544
-7.56106
-7.4935
-7.4897
-7.44084
-7.45847
-7.46569
-7.5015
-7.57674
-7.56673
-7.56893
-7.49936
-7.54923
-7.5993
-7.58543
-7.62489
-7.62757
-7.51498
-7.47025
-7.48362
-7.50128
-7.55952
-7.52663
-7.54496
-7.54061
-7.53221
-7.55224
-7.5834
-7.56139
-7.57703
-7.56687
-7.62259
-7.63582
-7.64766
-7.70009
-7.64489
-7.56511
-7.46756
-7.46077
-7.57203
-7.58767
-7.58088
-7.56105
-7.60922
-7.57867
-7.58369
-7.52208
-7.57148
-7.47605
-7.48272
-7.49302
-7.37035
-7.39839
-7.44087
-7.53341
-7.54636
-7.49415
-7.41746
-7.479
-7.48845
-7.47437
-7.51564
-7.50899
-7.5776
-7.50122
-7.46614
-7.43233
-7.48803
-7.51969
-7.56901
-7.56272
-7.57305
-7.57537
-7.51213
-7.49269
-7.50146
-7.51345
-7.5546
-7.48622
-7.47954
-7.45626
-7.45281
-7.52404
-7.50962
-7.40531
-7.44253
-7.44345
-7.45044
-7.45378
-7.56596
-7.55031
-7.58091
-7.57115
-7.56879
-7.58469
-7.48502
-7.4902
-7.44812
-7.42593
-7.42291
-7.45522
-7.47096
-7.41974
-7.42713
-7.46493
-7.43907
-7.49227
-7.52636
-7.53512
-7.50018
-7.51828
-7.53124
-7.48684
-7.51396
-7.48431
-7.48643
-7.4528
-7.38633
-7.41527
-7.38207
-7.39801
-7.46648
-7.43947
-7.39197
-7.47167
-7.45629
-7.47613
-7.50579
-7.39341
-7.40592
-7.45435
-7.52785
-7.55213
-7.55987
-7.53987
-7.49684
-7.53484
-7.56631
-7.58049
-7.53175
-7.49129
-7.45563
-7.38954
-7.38254
-7.41165
-7.37502
-7.36696
-7.40203
-7.39204
-7.44083
-7.46439
-7.54301
-7.56925
-7.58381
-7.60078
-7.59183
-7.51817
-7.47129
-7.48829
-7.50533
-7.5134
-7.5481
-7.60504
-7.54072
-7.56281
-7.58768
-7.48137
-7.44643
-7.48323
-7.44514
-7.43418
-7.43423
-7.42733
-7.49737
-7.53321
-7.5452
-7.45598
-7.49602
-7.4398
-7.42438
-7.33193
-7.46777
-7.55677
-7.54537
-7.52518
-7.48714
-7.50668
-7.38747
-7.4165
-7.42553
-7.39915
-7.40413
-7.40541
-7.40515
-7.45819
-7.48523
-7.44514
-7.53292
-7.58048
-7.49756
-7.4967
-7.40835
-7.42981
-7.50394
-7.52057
-7.51029
-7.49963
-7.58934
-7.55457
-7.49394
-7.52945
-7.49751
-7.53914
-7.52453
-7.4945
-7.54838
-7.59094
-7.52939
-7.56148
-7.51668
-7.4057
-7.38356
-7.46306
-7.53707
-7.4587
-7.46855
-7.60647
-7.55949
-7.53535
-7.59456
-7.54388
-7.46223
-7.42346
-7.46575
-7.49291
-7.55624
-7.5821
-7.57997
-7.57546
-7.58019
-7.57025
-7.56618
-7.55174
-7.53166
-7.50499
-7.55624
-7.61218
-7.68277
-7.7443
-7.66638
-7.69014
-7.71536
-7.68819
-7.64709
-7.6165
-7.6398
-7.61766
-7.59372
-7.56936
-7.57828
-7.6296
-7.58062
-7.58339
-7.60541
-7.5553
-7.49201
-7.5156
-7.53966
-7.51523
-7.49086
-7.52397
-7.53872
-7.51438
-7.54654
-7.5232
-7.48931
-7.4684
-7.49761
-7.61448
-7.59454
-7.56356
-7.4526
-7.45065
-7.47094
-7.48152
-7.4284
-7.44165
-7.47883
-7.43896
-7.47448
-7.49476
-7.5004
-7.42359
-7.4657
-7.45096
-7.47461
-7.37816
-7.41197
-7.31558
-7.37695
-7.35213
-7.43956
-7.41217
-7.37396
-7.40896
-7.43674
-7.4406
-7.48044
-7.51877
-7.52708
-7.49384
-7.49504
-7.44926
-7.4527
-7.47342
-7.50301
-7.48645
-7.53045
-7.54631
-7.51817
-7.47125
-7.40762
-7.3777
-7.3602
-7.40322
-7.44103
-7.48375
-7.45252
-7.41987
-7.52912
-7.50678
-7.51534
-7.39291
-7.39685
-7.41799
-7.43397
-7.41333
-7.36675
-7.40319
-7.43993
-7.43351
-7.45315
-7.39795
-7.43867
-7.44926
-7.49075
-7.41999
-7.36677
-7.36472
-7.35428
-7.34775
-7.3364
-7.3117
-7.41009
-7.32479
-7.28381
-7.20364
-7.29302
-7.20916
-7.28051
-7.26324
-7.30615
-7.37012
-7.32391
-7.31603
-7.39527
-7.37948
-7.30612
-7.32889
-7.37233
-7.36047
-7.24442
-7.24278
-7.26862
-7.25339
-7.2024
-7.24029
-7.32872
-7.37233
-7.43102
-7.44105
-7.50635
-7.57455
-7.48356
-7.53121
-7.49264
-7.33614
-7.37927
-7.39365
-7.43712
-7.45543
-7.47716
-7.55819
-7.51653
-7.45851
-7.46636
-7.47116
-7.47367
-7.54914
-7.55204
-7.60695
-7.55037
-7.50797
-7.47804
-7.47499
-7.49986
-7.49537
-7.52409
-7.53356
-7.51534
-7.51051
-7.54151
-7.57445
-7.52588
-7.5824
-7.54415
-7.5403
-7.61057
-7.58963
-7.66234
-7.70046
-7.76312
-7.73851
-7.77508
-7.74477
-7.69879
-7.63593
-7.5718
-7.57907
-7.65765
-7.63349
-7.64919
-7.62774
-7.61209
-7.58358
-7.54781
-7.46717
-7.48765
-7.57525
-7.62507
-7.60975
-7.57453
-7.52932
-7.44234
-7.48755
-7.53868
-7.52629
-7.53457
-7.5583
-7.46656
-7.4866
-7.45443
-7.46479
-7.46156
-7.49074
-7.50602
-7.52928
-7.58089
-7.48368
-7.44019
-7.38884
-7.40831
-7.42371
-7.40136
-7.35536
-7.45634
-7.36184
-7.41159
-7.44639
-7.47089
-7.45268
-7.48859
-7.5093
-7.56802
-7.55097
-7.55955
-7.55579
-7.55357
-7.53959
-7.54767
-7.58583
-7.62078
-7.61239
-7.49955
-7.47385
-7.52543
-7.49496
-7.48922
-7.43259
-7.47183
-7.45886
-7.42924
-7.52724
-7.52833
-7.51345
-7.53489
-7.48395
-7.39604
-7.45424
-7.45696
-7.483
-7.44374
-7.49472
-7.53784
-7.52703
-7.5285
-7.52316
-7.49911
-7.53994
-7.52936
-7.54351
-7.5702
-7.57266
-7.53029
-7.47727
-7.48618
-7.50157
-7.47017
-7.47447
-7.48863
-7.48992
-7.48408
-7.42196
-7.44852
-7.39723
-7.47842
-7.45399
-7.48878
-7.48153
-7.56645
-7.45767
-7.42669
-7.48961
-7.53282
-7.54242
-7.47362
-7.44023
-7.47438
-7.49995
-7.49938
-7.4689
-7.43327
-7.40239
-7.49698
-7.56383
-7.51691
-7.52992
-7.48907
-7.52169
-7.43521
-7.43566
-7.4278
-7.31516
-7.32383
-7.49258
-7.55612
-7.49635
-7.45923
-7.45201
-7.50306
-7.48979
-7.5664
-7.55046
-7.53893
-7.50492
-7.48659
-7.54826
-7.53495
-7.51749
-7.54699
-7.52397
-7.49336
-7.47489
-7.53872
-7.5482
-7.49093
-7.52101
-7.48248
-7.41771
-7.44605
-7.47701
-7.46262
-7.46151
-7.44643
-7.46314
-7.38077
-7.40306
-7.40066
-7.38165
-7.51965
-7.56796
-7.56716
-7.61083
-7.62074
-7.56194
-7.57266
-7.59421
-7.54698
-7.50644
-7.55365
-7.54512
-7.54072
-7.52299
-7.53412
-7.52149
-7.53667
-7.5863
-7.53355
-7.51043
-7.51663
-7.44247
-7.44123
-7.45754
-7.45408
-7.41705
-7.37568
-7.34694
-7.32888
-7.32005
-7.29193
-7.37488
-7.40795
-7.33351
-7.32631
-7.37309
-7.39911
-7.40676
-7.32534
-7.31249
-7.40164
-7.42124
-7.43369
-7.41253
-7.35238
-7.38686
-7.40004
-7.4076
-7.34776
-7.40989
-7.37858
-7.40891
-7.4314
-7.36668
-7.36454
-7.3089
-7.42493
-7.42967
-7.45482
-7.4678
-7.43453
-7.48948
-7.47268
-7.4504
-7.51185
-7.52112
-7.58163
-7.62859
-7.50035
-7.46403
-7.47989
-7.46732
-7.54626
-7.5181
-7.5132
-7.46727
-7.41799
-7.43889
-7.4667
-7.52083
-7.61095
-7.54671
-7.47551
-7.55301
-7.55036
-7.54616
-7.52631
-7.56583
-7.51892
-7.5375
-7.59654
-7.58303
-7.59777
-7.54916
-7.54656
-7.50742
-7.4937
-7.45872
-7.48373
-7.51417
-7.50632
-7.47375
-7.45526
-7.47528
-7.45992
-7.47768
-7.48187
-7.47511
-7.48519
-7.39023
-7.37616
-7.327
-7.45266
-7.52169
-7.40712
-7.42489
-7.39505
-7.41544
-7.39525
-7.4425
-7.52534
-7.58547
-7.53983
-7.52086
-7.55865
-7.47568
-7.50736
-7.47116
-7.42439
-7.48149
-7.51356
-7.5163
-7.42822
-7.43905
-7.37537
-7.37321
-7.36604
-7.44265
-7.46976
-7.42828
-7.4206
-7.51086
-7.54244
-7.46004
-7.47124
-7.52132
-7.49864
-7.42316
-7.44237
-7.46744
-7.39525
-7.45588
-7.47065
-7.40447
-7.44932
-7.46456
-7.54588
-7.64909
-7.62652
-7.62275
-7.62916
-7.58387
-7.54959
-7.55906
-7.50642
-7.47105
-7.45072
-7.46937
-7.49551
-7.51995
-7.53106
-7.54991
-7.5662
-7.53453
-7.47746
-7.42676
-7.42819
-7.38531
-7.50655
-7.53767
-7.55868
-7.60575
-7.60294
-7.55853
-7.54428
-7.5166
-7.52463
-7.54502
-7.50759
-7.4307
-7.56294
-7.54491
-7.54099
-7.51278
-7.52032
-7.55808
-7.51045
-7.48292
-7.49688
-7.4902
-7.53463
-7.56319
-7.47711
-7.58705
-7.58522
-7.56159
-7.5041
-7.44161
-7.42784
-7.42322
-7.39959
-7.3206
-7.33687
-7.40708
-7.38239
-7.42046
-7.33263
-7.34296
-7.29854
-7.31359
-7.38518
-7.37989
-7.3356
-7.3754
-7.33772
-7.37934
-7.39082
-7.32763
-7.34648
-7.36517
-7.41135
-7.39524
-7.51102
-7.43108
-7.3836
-7.39433
-7.39338
-7.46853
-7.50143
-7.48483
-7.50557
-7.5128
-7.48248
-7.45772
-7.44772
-7.51627
-7.47474
-7.47699
-7.48683
-7.56076
-7.53228
-7.48445
-7.43057
-7.41406
-7.41175
-7.40861
-7.46959
-7.45631
-7.4822
-7.44102
-7.41975
-7.51146
-7.50877
-7.45695
-7.55648
-7.54432
-7.56614
-7.56999
-7.55408
-7.55514
-7.53533
-7.49422
-7.42015
-7.46041
-7.47099
-7.39914
-7.33282
-7.32211
-7.40591
-7.41351
-7.38451
-7.4501
-7.5216
-7.53852
-7.51793
-7.49195
-7.49019
-7.44233
-7.44957
-7.47591
-7.4958
-7.51493
-7.49838
-7.44594
-7.44949
-7.36053
-7.35273
-7.41627
-7.46769
-7.45722
-7.47579
-7.49712
-7.53294
-7.53944
-7.5387
-7.51172
-7.50796
-7.41909
-7.4432
-7.46148
-7.46367
-7.43314
-7.4703
-7.47073
-7.48009
-7.53866
-7.5577
-7.55123
-7.51823
-7.53744
-7.53632
-7.51002
-7.53126
-7.56208
-7.46047
-7.51487
-7.50157
-7.46683
-7.50964
-7.55235
-7.6377
-7.6017
-7.60516
-7.5884
-7.56843
-7.53601
-7.42138
-7.43686
-7.40868
-7.42596
-7.45395
-7.46147
-7.52377
-7.54882
-7.52911
-7.56194
-7.49243
-7.48815
-7.55158
-7.53688
-7.49917
-7.40211
-7.38868
-7.34036
-7.36792
-7.42243
-7.44109
-7.43904
-7.45008
-7.48577
-7.49258
-7.43082
-7.30835
-7.34858
-7.43118
-7.39846
-7.48219
-7.39744
-7.39839
-7.45066
-7.4688
-7.45991
-7.43598
-7.43824
-7.42819
-7.39884
-7.45569
-7.43382
-7.51267
-7.51973
-7.5804
-7.56273
-7.5959
-7.56648
-7.61373
-7.53818
-7.5853
-7.65262
-7.53339
-7.52933
-7.5495
-7.53721
-7.61974
-7.62712
-7.57909
-7.58231
-7.49543
-7.45296
-7.45403
-7.35611
-7.43702
-7.38579
-7.39773
-7.36444
-7.42415
-7.39852
-7.3962
-7.36582
-7.27055
-7.27987
-7.34732
-7.36623
-7.27595
-7.37193
-7.40496
-7.35003
-7.32851
-7.27166
-7.257
-7.27158
-7.36376
-7.3993
-7.3642
-7.32364
-7.34829
-7.35136
-7.37044
-7.39259
-7.44557
-7.37336
-7.40419
-7.33731
-7.42073
-7.45909
-7.38578
-7.44155
-7.40361
-7.44458
-7.453
-7.4679
-7.47387
-7.38157
-7.42998
-7.47313
-7.43989
-7.5334
-7.4558
-7.49512
-7.46719
-7.43014
-7.44407
-7.44298
-7.48749
-7.52196
-7.53148
-7.51875
-7.40832
-7.52052
-7.55674
-7.57531
-7.38806
-7.39111
-7.44429
-7.46124
-7.41179
-7.52571
-7.51221
-7.52306
-7.45101
-7.48441
-7.4646
-7.4621
-7.48809
-7.47964
-7.43851
-7.48802
-7.55308
-7.5958
-7.49366
-7.46499
-7.52231
-7.44385
-7.47291
-7.45996
-7.46451
-7.45787
-7.44448
-7.43839
-7.37726
-7.4393
-7.4622
-7.46529
-7.51214
-7.48797
-7.46778
-7.4233
-7.39392
-7.4516
-7.36514
-7.43163
-7.4414
-7.40652
-7.47436
-7.35363
-7.40764
-7.3705
-7.4033
-7.49247
-7.51011
-7.50501
-7.50928
-7.45753
-7.39882
-7.36042
-7.42179
-7.48035
-7.45
-7.40496
-7.37446
-7.43158
-7.38436
-7.38617
-7.41044
-7.45927
-7.38436
-7.47111
-7.46768
-7.41404
-7.44233
-7.44391
-7.3989
-7.43487
-7.43157
-7.48078
-7.48815
-7.44876
-7.47185
-7.47172
-7.52431
-7.56378
-7.55342
-7.5707
-7.48297
-7.47871
-7.42467
-7.48618
-7.54925
-7.53313
-7.41887
-7.38731
-7.47253
-7.5671
-7.44703
-7.45643
-7.4359
-7.46749
-7.41339
-7.37411
-7.41138
-7.35557
-7.4247
-7.37537
-7.3812
-7.40233
-7.40973
-7.49871
-7.5438
-7.47396
-7.54474
-7.486
-7.48227
-7.42079
-7.43493
-7.48572
-7.42101
-7.4449
-7.50174
-7.48641
-7.42914
-7.43819
-7.41807
-7.35712
-7.32457
-7.3234
-7.38949
-7.38635
-7.31988
-7.44237
-7.39669
-7.3743
-7.40862
-7.45103
-7.4625
-7.44469
-7.4602
-7.50221
-7.48361
-7.49938
-7.43365
-7.43012
-7.36643
-7.38309
-7.43754
-7.45493
-7.42279
-7.35928
-7.34149
-7.35597
-7.39951
-7.36773
-7.38131
-7.36848
-7.33364
-7.42255
-7.36243
-7.4062
-7.46627
-7.41035
-7.43581
-7.41463
-7.43464
-7.43447
-7.40766
-7.37417
-7.40523
-7.35086
-7.4546
-7.46417
-7.35076
-7.3181
-7.38123
-7.39174
-7.4175
-7.41651
-7.4092
-7.35036
-7.38211
-7.40135
-7.41096
-7.52033
-7.48023
-7.46478
-7.51014
-7.53333
-7.59507
-7.6269
-7.61266
-7.53654
-7.54866
-7.51109
-7.47158
-7.46742
-7.46752
-7.42424
-7.41057
-7.4414
-7.41969
-7.56171
-7.49273
-7.45529
-7.4958
-7.46426
-7.54981
-7.58681
-7.54895
-7.53874
-7.5122
-7.51649
-7.44984
-7.42242
-7.4726
-7.55155
-7.49886
-7.45638
-7.43232
-7.38903
-7.40685
-7.51411
-7.53386
-7.54247
-7.47273
-7.46751
-7.43718
-7.43588
-7.45703
-7.43548
-7.40712
-7.38864
-7.44625
-7.44533
-7.42054
-7.37997
-7.30001
-7.25682
-7.30256
-7.40235
-7.39418
-7.49605
-7.40984
-7.3803
-7.33775
-7.30135
-7.34914
-7.35984
-7.35248
-7.41209
-7.4784
-7.52348
-7.5304
-7.55694
-7.66162
-7.63032
-7.63789
-7.6232
-7.55233
-7.56007
-7.55497
-7.54135
-7.58791
-7.55462
-7.56686
-7.58774
-7.50825
-7.40326
-7.44118
-7.33958
-7.31608
-7.39542
-7.33592
-7.46117
-7.49437
-7.45381
-7.45493
-7.38491
-7.37697
-7.37615
-7.32629
-7.3035
-7.36006
-7.31949
-7.46234
-7.44447
-7.53506
-7.54661
-7.5561
-7.51801
-7.51072
-7.45835
-7.35097
-7.34674
-7.35207
-7.40535
-7.47204
-7.48538
-7.45568
-7.50917
-7.49487
-7.41732
-7.43248
-7.40984
-7.43639
-7.48981
-7.47426
-7.48423
-7.48716
-7.47302
-7.49186
-7.48597
-7.43648
-7.44365
-7.3827
-7.3646
-7.3965
-7.33446
-7.35806
-7.4471
-7.46849
-7.49447
-7.58472
-7.54785
-7.57151
-7.5818
-7.5062
-7.45964
-7.49846
-7.47773
-7.46732
-7.45607
-7.41594
-7.4098
-7.45914
-7.47977
-7.5037
-7.49817
-7.50448
-7.45912
-7.4571
-7.45531
-7.55032
-7.55905
-7.58915
-7.55087
-7.49215
-7.48503
-7.56756
-7.5753
-7.52364
-7.54572
-7.5659
-7.55303
-7.55889
-7.50071
-7.50048
-7.52639
-7.47739
-7.42345
-7.56511
-7.67297
-7.67779
-7.63692
-7.55938
-7.55705
-7.47759
-7.47232
-7.50844
-7.48125
-7.41385
-7.42736
-7.42573
-7.45379
-7.44606
-7.45966
-7.4085
-7.47965
-7.42373
-7.44185
-7.47631
-7.43191
-7.44452
-7.41314
-7.47595
-7.51835
-7.47367
-7.47503
-7.47023
-7.4976
-7.49126
-7.4562
-7.45576
-7.51007
-7.5012
-7.54717
-7.50293
-7.44585
-7.45407
-7.51497
-7.45646
-7.43607
-7.48956
-7.56818
-7.63072
-7.61948
-7.58286
-7.57024
-7.46875
-7.4938
-7.4535
-7.4829
-7.40403
-7.38133
-7.34405
-7.42768
-7.49011
-7.4715
-7.38596
-7.44293
-7.39423
-7.32291
-7.33453
-7.392
-7.3731
-7.38239
-7.30479
-7.33335
-7.31217
-7.35691
-7.46215
-7.34833
-7.35044
-7.39733
-7.43084
-7.41547
-7.41367
-7.32861
-7.299
-7.32729
-7.28385
-7.27209
-7.31684
-7.35603
-7.36159
-7.38411
-7.30965
-7.3128
-7.25914
-7.29955
-7.36546
-7.42922
-7.4592
-7.43084
-7.42873
-7.44304
-7.41666
-7.3666
-7.36204
-7.33417
-7.45829
-7.34981
-7.4695
-7.44256
-7.42743
-7.32505
-7.42939
-7.53643
-7.51337
-7.51339
-7.5034
-7.51073
-7.52381
-7.49473
-7.47816
-7.43557
-7.39343
-7.4504
-7.47141
-7.54698
-7.5322
-7.51699
-7.52272
-7.53214
-7.55043
-7.55806
-7.51706
-7.58223
-7.57194
-7.52469
-7.60023
-7.56887
-7.55016
-7.58418
-7.53963
-7.49357
-7.46529
-7.42754
-7.46226
-7.39786
-7.27459
-7.34521
-7.39277
-7.38995
-7.38487
-7.47045
-7.50471
-7.43884
-7.4564
-7.43987
-7.42373
-7.40402
-7.44507
-7.42933
-7.36529
-7.35874
-7.33322
-7.30539
-7.32789
-7.33775
-7.30889
-7.32872
-7.36378
-7.46622
-7.4306
-7.36986
-7.31117
-7.35749
-7.42465
-7.36548
-7.39452
-7.47294
-7.38725
-7.31927
-7.38057
-7.38946
-7.4261
-7.40096
-7.41002
-7.38366
-7.37598
-7.33638
-7.3005
-7.31491
-7.49543
-7.53654
-7.39634
-7.43613
-7.45172
-7.47342
-7.45432
-7.44017
-7.37867
-7.41355
-7.45149
-7.35952
-7.42965
-7.38569
-7.39766
-7.40958
-7.41234
-7.39307
-7.36843
-7.33549
-7.41462
-7.47228
-7.52751
-7.53939
-7.51762
-7.48039
-7.49845
-7.61827
-7.53442
-7.51923
-7.52424
-7.46984
-7.49439
-7.41002
-7.45381
-7.48851
-7.47106
-7.49153
-7.52761
-7.44464
-7.50829
-7.54008
-7.50753
-7.45746
-7.43905
-7.47134
-7.53976
-7.498
-7.45699
-7.39369
-7.44977
-7.40317
-7.38506
-7.43315
-7.40712
-7.36861
-7.38546
-7.37599
-7.40872
-7.42843
-7.44449
-7.49991
-7.43694
-7.47844
-7.43345
-7.4007
-7.40341
-7.47652
-7.46603
-7.49869
-7.43127
-7.43639
-7.44764
-7.50897
-7.49307
-7.42957
-7.50811
-7.51016
-7.46546
-7.4757
-7.43997
-7.41822
-7.38111
-7.41372
-7.43909
-7.41832
-7.42812
-7.4026
-7.44536
-7.42331
-7.43074
-7.34282
-7.32302
-7.33299
-7.42156
-7.39374
-7.36858
-7.44121
-7.40609
-7.44415
-7.42054
-7.43579
-7.52012
-7.49619
-7.5502
-7.54879
-7.55921
-7.49869
-7.47482
-7.46879
-7.49012
-7.43636
-7.47582
-7.48541
-7.53022
-7.50549
-7.52621
-7.49489
-7.54589
-7.5546
-7.54606
-7.55504
-7.57468
-7.48948
-7.47593
-7.42533
-7.40138
-7.50015
-7.46034
-7.35662
-7.3769
-7.35011
-7.31808
-7.29657
-7.34389
-7.34539
-7.38498
-7.36992
-7.40813
-7.43771
-7.3716
-7.34494
-7.34241
-7.29411
-7.36093
-7.42981
-7.42063
-7.32431
-7.3023
-7.29574
-7.28467
-7.28986
-7.29373
-7.40063
-7.43351
-7.42296
-7.46435
-7.497
-7.54489
-7.52325
-7.48059
-7.46597
-7.53039
-7.51528
-7.45709
-7.36402
-7.31513
-7.37618
-7.29942
-7.27855
-7.29914
-7.26973
-7.2232
-7.33323
-7.3088
-7.38213
-7.43116
-7.4341
-7.43645
-7.45901
-7.44056
-7.40791
-7.45264
-7.41576
-7.42751
-7.50022
-7.48288
-7.48223
-7.53327
-7.51258
-7.48523
-7.47437
-7.49235
-7.44619
-7.41366
-7.43068
-7.38474
-7.42886
-7.4852
-7.47571
-7.52517
-7.43505
-7.44209
-7.46217
-7.44813
-7.48315
-7.3861
-7.36165
-7.38856
-7.43215
-7.39921
-7.3727
-7.39376
-7.3752
-7.41558
-7.34346
-7.36918
-7.35178
-7.35612
-7.27288
-7.32792
-7.3482
-7.34806
-7.39399
-7.43387
-7.44275
-7.41787
-7.39764
-7.44189
-7.44699
-7.37705
-7.47396
-7.44283
-7.38011
-7.36196
-7.37522
-7.33991
-7.29951
-7.25521
-7.27694
-7.1471
-7.20339
-7.23393
-7.21282
-7.15861
-7.18789
-7.2608
-7.33829
-7.37628
-7.32588
-7.33133
-7.37555
-7.40379
-7.41922
-7.44319
-7.41947
-7.36566
-7.35653
-7.36737
-7.34839
-7.32309
-7.36373
-7.35408
-7.43823
-7.35771
-7.39309
-7.43084
-7.3675
-7.36315
-7.40965
-7.40253
-7.35347
-7.30846
-7.27171
-7.28349
-7.34207
-7.32467
-7.23607
-7.29681
-7.17184
-7.17488
-7.24065
-7.20877
-7.29134
-7.38829
-7.35289
-7.34485
-7.29512
-7.34014
-7.36778
-7.33058
-7.40021
-7.35402
-7.40202
-7.36468
-7.34286
-7.3058
-7.18732
-7.31416
-7.27757
-7.29053
-7.2621
-7.34742
-7.36448
-7.33907
-7.3703
-7.38217
-7.39665
-7.39836
-7.44948
-7.37982
-7.42274
-7.44904
-7.47738
-7.51893
-7.48809
-7.55582
-7.49946
-7.48692
-7.42689
-7.39353
-7.39287
-7.49418
-7.50824
-7.54712
-7.48912
-7.49405
-7.48264
-7.52688
-7.44381
-7.39916
-7.40391
-7.33399
-7.37591
-7.37201
-7.40936
-7.45567
-7.38923
-7.42864
-7.35379
-7.37704
-7.41934
-7.41475
-7.44553
-7.47968
-7.48885
-7.45338
-7.40567
-7.35564
-7.31048
-7.44991
-7.52504
-7.51892
-7.53894
-7.569
-7.53137
-7.41895
-7.33376
-7.32245
-7.35314
-7.38502
-7.37241
-7.34939
-7.33004
-7.36244
-7.3658
-7.35265
-7.34078
-7.33208
-7.36009
-7.35296
-7.30164
-7.29548
-7.31999
-7.3373
-7.33081
-7.36353
-7.42909
-7.41099
-7.4097
-7.49516
-7.54691
-7.53984
-7.56542
-7.55285
-7.50342
-7.50419
-7.48292
-7.50189
-7.48634
-7.4919
-7.53248
-7.48848
-7.40655
-7.43874
-7.40337
-7.43147
-7.37413
-7.4194
-7.44625
-7.47099
-7.52733
-7.51835
-7.48758
-7.49616
-7.51476
-7.53724
-7.57168
-7.52209
-7.39598
-7.51406
-7.55244
-7.60921
-7.57019
-7.61514
-7.64591
-7.51642
-7.51496
-7.50836
-7.51066
-7.42317
-7.51944
-7.51304
-7.59932
-7.54295
-7.59352
-7.61773
-7.62003
-7.49543
-7.4109
-7.45622
-7.54435
-7.59839
-7.67308
-7.63702
-7.61058
-7.63576
-7.63227
-7.64627
-7.60405
-7.56844
-7.4905
-7.46116
-7.38477
-7.37207
-7.39531
-7.43962
-7.38787
-7.31825
-7.35243
-7.31885
-7.34136
-7.40715
-7.40533
-7.44094
-7.44565
-7.44833
-7.31765
-7.36861
-7.34113
-7.34241
-7.32941
-7.37225
-7.35987
-7.38624
-7.43904
-7.41073
-7.40984
-7.44334
-7.43374
-7.39108
-7.36733
-7.42966
-7.36833
-7.38152
-7.49651
-7.51761
-7.43389
-7.44466
-7.42713
-7.40674
-7.39522
-7.43453
-7.4654
-7.50574
-7.50455
-7.43483
-7.52263
-7.49055
-7.53981
-7.51767
-7.58042
-7.59015
-7.59189
-7.55877
-7.58176
-7.44986
-7.37588
-7.40225
-7.42604
-7.3809
-7.4463
-7.47697
-7.49676
-7.48816
-7.5343
-7.45315
-7.43603
-7.42856
-7.39185
-7.38652
-7.32356
-7.42727
-7.41752
-7.4576
-7.51538
-7.55613
-7.55753
-7.59675
-7.59497
-7.49717
-7.51522
-7.43337
-7.40597
-7.39685
-7.41232
-7.40913
-7.423
-7.38487
-7.4316
-7.41819
-7.36431
-7.34727
-7.19842
-7.32626
-7.32842
-7.33428
-7.3907
-7.43474
-7.4565
-7.44512
-7.49939
-7.50573
-7.53483
-7.45249
-7.51135
-7.4883
-7.47598
-7.52769
-7.51244
-7.53133
-7.44357
-7.4444
-7.49942
-7.44253
-7.39382
-7.34652
-7.35074
-7.36806
-7.38633
-7.35653
-7.37394
-7.37187
-7.35683
-7.37203
-7.29208
-7.34248
-7.35229
-7.45707
-7.43497
-7.40386
-7.39962
-7.37949
-7.48602
-7.44549
-7.5161
-7.49473
-7.42727
-7.39051
-7.51471
-7.51424
-7.48007
-7.46083
-7.5031
-7.58125
-7.5264
-7.54602
-7.5512
-7.48846
-7.5366
-7.50212
-7.48188
-7.50532
-7.47927
-7.56376
-7.53059
-7.57782
-7.56262
-7.49288
-7.5685
-7.51045
-7.55504
-7.63808
-7.626
-7.6485
-7.63206
-7.55946
-7.50392
-7.49481
-7.51681
-7.56426
-7.58068
-7.56912
-7.61933
-7.58944
-7.50194
-7.55018
-7.52683
-7.47251
-7.51698
-7.51312
-7.52689
-7.56144
-7.49802
-7.48332
-7.41771
-7.39633
-7.44308
-7.44598
-7.51316
-7.50501
-7.56494
-7.54128
-7.47355
-7.53487
-7.45859
-7.52806
-7.4971
-7.56827
-7.42552
-7.42761
-7.46049
-7.43931
-7.44948
-7.36702
-7.3854
-7.41354
-7.43675
-7.38205
-7.36295
-7.42617
-7.40577
-7.37893
-7.35794
-7.34177
-7.3748
-7.31972
-7.37436
-7.36171
-7.41883
-7.39058
-7.3906
-7.362
-7.41823
-7.40983
-7.38806
-7.35449
-7.31709
-7.33031
-7.32765
-7.23704
-7.40851
-7.46295
-7.4493
-7.49165
-7.45773
-7.47662
-7.4819
-7.43887
-7.48171
-7.4936
-7.45971
-7.47367
-7.45221
-7.47318
-7.43599
-7.59144
-7.51658
-7.57661
-7.57308
-7.52312
-7.50645
-7.53154
-7.4902
-7.45741
-7.46586
-7.43648
-7.40482
-7.43361
-7.36537
-7.3592
-7.35153
-7.3769
-7.38602
-7.47993
-7.54294
-7.54661
-7.54238
-7.51497
-7.49836
-7.50648
-7.51282
-7.44807
-7.53867
-7.45893
-7.43549
-7.40985
-7.40103
-7.41886
-7.49069
-7.46381
-7.4934
-7.44247
-7.45672
-7.52621
-7.54102
-7.5619
-7.56636
-7.51587
-7.5344
-7.51547
-7.5053
-7.4697
-7.42653
-7.4296
-7.4675
-7.50734
-7.53041
-7.47158
-7.51532
-7.44677
-7.44896
-7.41652
-7.43155
-7.43151
-7.45619
-7.45477
-7.43069
-7.45701
-7.50739
-7.51967
-7.52676
-7.47464
-7.48274
-7.49371
-7.47699
-7.4467
-7.37496
-7.39277
-7.40906
-7.42351
-7.36601
-7.36123
-7.39947
-7.44182
-7.4073
-7.40804
-7.42308
-7.47419
-7.53832
-7.52224
-7.49729
-7.45778
-7.46045
-7.44788
-7.42412
-7.50299
-7.44981
-7.4723
-7.49607
-7.5531
-7.43908
-7.46014
-7.4937
-7.51374
-7.54223
-7.47731
-7.45376
-7.51637
-7.50501
-7.45854
-7.53705
-7.50505
-7.45121
-7.39515
-7.53432
-7.47917
-7.51578
-7.47926
-7.43034
-7.42713
-7.50654
-7.53627
-7.45087
-7.38931
-7.44871
-7.43321
-7.41996
-7.40211
-7.32908
-7.39592
-7.3997
-7.37834
-7.46872
-7.4215
-7.47571
-7.42242
-7.49473
-7.53802
-7.48612
-7.52532
-7.54531
-7.59415
-7.55905
-7.45578
-7.47359
-7.55048
-7.48379
-7.54206
-7.47642
-7.47688
-7.44321
-7.44219
-7.45256
-7.44872
-7.3888
-7.36308
-7.3806
-7.39802
-7.3868
-7.42259
-7.34801
-7.37949
-7.4014
-7.44724
-7.50477
-7.54822
-7.48694
-7.4505
-7.44562
-7.47216
-7.44283
-7.42433
-7.45223
-7.4471
-7.44652
-7.36754
-7.34171
-7.37813
-7.27425
-7.30418
-7.35333
-7.31471
-7.39779
-7.35346
-7.29075
-7.31666
-7.27832
-7.27485
-7.26041
-7.25336
-7.31139
-7.2486
-7.31033
-7.30964
-7.33009
-7.46164
-7.41167
-7.44911
-7.39953
-7.43115
-7.44383
-7.50321
-7.49459
-7.46719
-7.45592
-7.46082
-7.51471
-7.48798
-7.48813
-7.45806
-7.34369
-7.35814
-7.22652
-7.26235
-7.27634
-7.36443
-7.32161
-7.32529
-7.36528
-7.46204
-7.46083
-7.4937
-7.47366
-7.49834
-7.5267
-7.60784
-7.56975
-7.56573
-7.49809
-7.50266
-7.37243
-7.4588
-7.34658
-7.37002
-7.3524
-7.36399
-7.34583
-7.39107
-7.41284
-7.4356
-7.46426
-7.50744
-7.54791
-7.53559
-7.58006
-7.56656
-7.57639
-7.54822
-7.608
-7.56934
-7.50921
-7.48982
-7.44193
-7.46115
-7.40312
-7.41997
-7.49065
-7.52585
-7.54321
-7.53975
-7.56799
-7.52128
-7.44385
-7.54601
-7.54264
-7.62656
-7.51579
-7.43359
-7.46848
-7.486
-7.53939
-7.50228
-7.50821
-7.58615
-7.55822
-7.55575
-7.57468
-7.48951
-7.50771
-7.52778
-7.58937
-7.65356
-7.5696
-7.60135
-7.66618
-7.6651
-7.63268
-7.64587
-7.59451
-7.60313
-7.52358
-7.47025
-7.433
-7.38575
-7.42962
-7.43523
-7.39382
-7.37518
-7.39438
-7.4798
-7.49944
-7.56009
-7.5313
-7.57906
-7.51583
-7.52407
-7.57034
-7.57968
-7.59358
-7.60057
-7.48339
-7.48349
-7.43233
-7.41392
-7.51513
-7.48946
-7.48929
-7.58109
-7.56991
-7.52852
-7.48682
-7.45387
-7.45516
-7.47568
-7.49682
-7.53876
-7.44794
-7.43569
-7.51541
-7.46053
-7.38197
-7.48236
-7.48699
-7.43748
-7.50236
-7.46269
-7.45763
-7.45522
-7.40628
-7.43133
-7.49899
-7.50002
-7.4794
-7.50716
-7.55262
-7.61011
-7.59047
-7.58869
-7.59649
-7.5415
-7.53348
-7.51994
-7.55596
-7.52151
-7.62003
-7.56371
-7.53339
-7.58386
-7.57386
-7.69089
-7.65266
-7.63258
-7.56376
-7.53918
-7.6667
-7.59769
-7.59918
-7.55086
-7.61678
-7.5391
-7.456
-7.5509
-7.53645
-7.52396
-7.49668
-7.47277
-7.57406
-7.48684
-7.48715
-7.42768
-7.44816
-7.49142
-7.48821
-7.47863
-7.55072
-7.58649
-7.53847
-7.54574
-7.57805
-7.53328
-7.47732
-7.59435
-7.58015
-7.52184
-7.58904
-7.60909
-7.60904
-7.66502
-7.7431
-7.63395
-7.56021
-7.53576
-7.58483
-7.59644
-7.63353
-7.65115
-7.6121
-7.66934
-7.6299
-7.55092
-7.54245
-7.62476
-7.59541
-7.65921
-7.60162
-7.5247
-7.45175
-7.35532
-7.34421
-7.33885
-7.32441
-7.31594
-7.33581
-7.26767
-7.35305
-7.37695
-7.38747
-7.41728
-7.45234
-7.40776
-7.49793
-7.46888
-7.53396
-7.53484
-7.50289
-7.46388
-7.5412
-7.57512
-7.5921
-7.55892
-7.60207
-7.63096
-7.56483
-7.61361
-7.57358
-7.50015
-7.46006
-7.58938
-7.5666
-7.56982
-7.58035
-7.56798
-7.61633
-7.60033
-7.59749
-7.52394
-7.47349
-7.46466
-7.41459
-7.49758
-7.54958
-7.56378
-7.53755
-7.4319
-7.46794
-7.48382
-7.43679
-7.38381
-7.5031
-7.48871
-7.46692
-7.52954
-7.49344
-7.57121
-7.5978
-7.62475
-7.53137
-7.51604
-7.49816
-7.49405
-7.45842
-7.452
-7.43646
-7.41955
-7.45215
-7.47082
-7.43691
-7.36489
-7.45252
-7.46272
-7.47885
-7.48915
-7.50469
-7.49907
-7.6099
-7.61333
-7.60739
-7.55334
-7.58176
-7.58905
-7.57569
-7.55374
-7.61241
-7.49083
-7.47564
-7.47088
-7.49996
-7.52619
-7.57165
-7.61975
-7.64391
-7.64767
-7.61041
-7.5138
-7.48277
-7.53154
-7.55782
-7.5565
-7.64366
-7.60977
-7.63046
-7.59585
-7.6828
-7.64635
-7.61873
-7.56083
-7.55844
-7.53074
-7.62857
-7.60623
-7.59881
-7.59062
-7.53477
-7.46189
-7.43659
-7.36294
-7.3146
-7.33817
-7.34576
-7.41229
-7.46143
-7.43402
