         100           0           0           0           0
         100    0.064633           0           0           0
         100    0.129266           0           0           0
         100    0.193899           0           0           0
         100    0.258532           0           0           0
         100    0.323165           0           0           0
         100    0.387798           0           0           0
         100    0.452431           0           0           0
         100    0.517064           0           0           0
         100    0.581697           0           0           0
         100     0.64633           0           0           0
         100    0.710963           0           0           0
         100    0.775596           0           0           0
         100     0.84023  0.00159649  0.00121014 4.98273e-05
         100    0.904863    0.187803    0.197008 0.000678331
         100    0.969496     1.42207     1.41659  0.00194928
         100     1.03413     2.73014     2.72392   0.0032749
         100     1.09876     3.05077     3.02219  0.00352284
         100     1.16339     2.79287     2.78504  0.00311091
         100     1.22803      2.4301     2.44443  0.00253091
         100     1.29266     2.11817     2.15696  0.00207187
         100     1.35729     1.92304     1.94052  0.00189166
         100     1.42193     1.81681     1.78191  0.00170299
         100     1.48656     1.67225     1.66601  0.00142776
         100     1.55119     1.58446     1.58428  0.00156467
         100     1.61583     1.53215     1.52526  0.00127114
         100     1.68046     1.48714     1.48332  0.00120507
         100     1.74509     1.45078      1.4519  0.00113125
         100     1.80973     1.44999     1.43129  0.00122028
         100     1.87436     1.42052     1.42045   0.0011938
         100     1.93899     1.42584     1.41352  0.00102928
         100     2.00362     1.40217       1.411  0.00100456
         100     2.06826     1.42706     1.40765 0.000913046
         100     2.13289     1.41172     1.40428 0.000914627
         100     2.19752      1.4014     1.39666 0.000933626
         100     2.26216     1.38205     1.38951  0.00087229
         100     2.32679     1.37754     1.38216 0.000750525
         100     2.39142     1.38495     1.37364 0.000717754
         100     2.45606     1.38336     1.36755 0.000804851
         100     2.52069     1.36547     1.36086 0.000721605
         100     2.58532     1.34972     1.35663 0.000753049
         100     2.64995      1.3619     1.35144 0.000760299
         100     2.71459     1.35204     1.34814 0.000682869
         100     2.77922     1.34693     1.34294 0.000725032
         100     2.84385     1.33854     1.34027 0.000729798
         100     2.90849      1.3492     1.33764 0.000620061
         100     2.97312     1.34497     1.33512 0.000638878
         100     3.03775     1.34196     1.33375 0.000645266
         100     3.10239     1.33181     1.33162 0.000589742
         100     3.16702     1.31961     1.32984 0.000608032
         100     3.23165     1.33001     1.32894 0.000573974
         100     3.29629     1.32939     1.32739 0.000556242
         100     3.36092     1.32821     1.32657 0.000570332
         100     3.42555     1.33492     1.32526 0.000555559
         100     3.49018     1.33456     1.32317 0.000548436
         100     3.55482     1.32935     1.32292 0.000485089
         100     3.61945     1.32143     1.32209  0.00049575
         100     3.68408     1.31807     1.32163 0.000533064
         100     3.74872     1.32479     1.32143 0.000511925
         100     3.81335     1.31848     1.32014 0.000451428
         100     3.87798     1.32509     1.32021  0.00047371
         100     3.94262     1.32274     1.32048   0.0004675
         100     4.00725     1.31907      1.3188 0.000472423
         100     4.07188     1.32067     1.31908 0.000472362
         100     4.13651     1.31505     1.31893 0.000429322
         100     4.20115     1.31627     1.31721 0.000430653
         100     4.26578     1.32005     1.31712 0.000381033
         100     4.33041     1.32284     1.31724 0.000363879
         100     4.39505     1.31953     1.31687 0.000410223
         100     4.45968     1.32277     1.31727 0.000400006
         100     4.52431     1.31431     1.31691   0.0003929
         100     4.58895     1.32206     1.31592  0.00038721
         100     4.65358     1.32289     1.31581 0.000367119
         100     4.71821     1.31993     1.31554 0.000332399
         100     4.78285      1.3156     1.31643 0.000336975
         100     4.84748     1.31609      1.3158 0.000371821
         100     4.91211     1.32575     1.31598 0.000384409
         100     4.97674     1.32208     1.31519 0.000346338
         100     5.04138     1.32102     1.31524 0.000337076
         100     5.10601     1.31639      1.3151 0.000355253
         100     5.17064     1.31853     1.31541 0.000330011
         100     5.23528     1.31184     1.31523  0.00037095
         100     5.29991     1.31602     1.31449 0.000305553
         100     5.36454     1.31456      1.3146 0.000344119
         100     5.42918     1.31735     1.31496 0.000335835
         100     5.49381     1.31493     1.31479 0.000331809
         100     5.55844     1.31723     1.31448 0.000305944
         100     5.62307     1.31345     1.31458 0.000323364
         100     5.68771      1.3181     1.31485 0.000277032
         100     5.75234     1.31329     1.31469 0.000251782
         100     5.81697       1.315     1.31425 0.000279186
         100     5.88161      1.3105      1.3151 0.000290889
         100     5.94624     1.32111     1.31469 0.000263303
         100     6.01087     1.31302      1.3143 0.000290573
         100     6.07551     1.32011     1.31501 0.000264113
         100     6.14014     1.32007      1.3145 0.000278845
         100     6.20477     1.31276     1.31441 0.000268112
         100      6.2694     1.31453     1.31467 0.000285161
         100     6.33404     1.31858     1.31451 0.000311602
         100     6.39867     1.31591     1.31389  0.00028187
