           1   0.0493103   0.0493103           0
           2   0.0488646   0.0490875 0.000222873
           3   0.0489754   0.0490501 0.000133987
           4   0.0489162   0.0490166 0.000100486
           5   0.0488678   0.0489869 8.33372e-05
           6   0.0492411   0.0490292 8.01582e-05
           7   0.0489245   0.0490143 6.93776e-05
           8   0.0491537   0.0490317 6.25602e-05
           9   0.0488905    0.049016 5.73609e-05
          10   0.0490102   0.0490154 5.13084e-05
          11   0.0489036   0.0490053 4.75109e-05
          12   0.0489932   0.0490043  4.3383e-05
          13   0.0488706    0.048994 4.12101e-05
          14   0.0490488   0.0489979 3.83538e-05
          15    0.048991   0.0489974 3.57084e-05
          16   0.0489736    0.048996 3.34354e-05
          17   0.0488177   0.0489855  3.3112e-05
          18   0.0485111   0.0489591 4.08546e-05
          19   0.0487674    0.048949   3.994e-05
          20    0.049047   0.0489539 3.82061e-05
          21   0.0489004   0.0489514 3.64303e-05
          22   0.0489196   0.0489499  3.4765e-05
          23   0.0488666   0.0489463 3.34162e-05
          24   0.0492198   0.0489577 3.39623e-05
          25   0.0490957   0.0489632   3.304e-05
          26   0.0490508   0.0489666 3.19219e-05
          27   0.0490734   0.0489705 3.09707e-05
          28   0.0491389   0.0489766 3.04434e-05
          29   0.0488557   0.0489724  2.9669e-05
          30   0.0489148   0.0489705 2.87272e-05
          31   0.0488255   0.0489658 2.81756e-05
          32   0.0492134   0.0489735 2.83571e-05
          33   0.0490682   0.0489764 2.76337e-05
          34   0.0490776   0.0489794 2.69732e-05
          35   0.0488706   0.0489763 2.63749e-05
          36   0.0488698   0.0489733 2.58017e-05
          37   0.0491795   0.0489789 2.57061e-05
          38   0.0489356   0.0489777 2.50464e-05
          39   0.0489419   0.0489768 2.44131e-05
          40   0.0488921   0.0489747 2.38891e-05
          41   0.0489387   0.0489738 2.33157e-05
          42   0.0491278   0.0489775 2.30471e-05
          43   0.0492108   0.0489829 2.31497e-05
          44   0.0489073   0.0489812 2.26827e-05
          45   0.0488477   0.0489782 2.23706e-05
          46   0.0490127    0.048979 2.18917e-05
          47   0.0489206   0.0489777 2.14568e-05
          48   0.0489852   0.0489779 2.10056e-05
          49   0.0488339    0.048975 2.07814e-05
          50   0.0489508   0.0489745 2.03672e-05
          51    0.048469   0.0489646 2.22887e-05
          52   0.0488423   0.0489622  2.1982e-05
          53   0.0493282   0.0489691 2.26417e-05
          54   0.0492716   0.0489747 2.29136e-05
          55     0.04927   0.0489801 2.31247e-05
          56   0.0491815   0.0489837 2.29912e-05
          57   0.0489309   0.0489828 2.26033e-05
          58   0.0491539   0.0489857 2.24053e-05
          59   0.0487273   0.0489813 2.24534e-05
          60   0.0490651   0.0489827 2.21201e-05
          61   0.0490532   0.0489839 2.17851e-05
          62   0.0488267   0.0489813 2.15803e-05
          63   0.0489158   0.0489803 2.12605e-05
          64   0.0491628   0.0489832  2.1119e-05
          65   0.0487408   0.0489794 2.11234e-05
          66   0.0486923   0.0489751 2.12509e-05
          67   0.0489297   0.0489744 2.09423e-05
          68   0.0490446   0.0489754 2.06578e-05
          69   0.0488837   0.0489741 2.03996e-05
          70   0.0491273   0.0489763 2.02248e-05
          71   0.0489693   0.0489762 1.99381e-05
          72    0.049343   0.0489813 2.03088e-05
          73    0.048798   0.0489788 2.01854e-05
          74   0.0489567   0.0489785 1.99129e-05
          75    0.049212   0.0489816 1.98908e-05
          76   0.0491333   0.0489836 1.97285e-05
          77   0.0489998   0.0489838 1.94717e-05
          78   0.0489379   0.0489832 1.92295e-05
          79   0.0491196   0.0489849 1.90629e-05
          80   0.0490714    0.048986 1.88541e-05
          81   0.0490999   0.0489874 1.86728e-05
          82   0.0488641   0.0489859 1.85049e-05
          83   0.0488823   0.0489847 1.83232e-05
          84   0.0493265   0.0489887 1.85554e-05
          85    0.048947   0.0489882 1.83424e-05
          86   0.0489949   0.0489883 1.81281e-05
          87   0.0489115   0.0489874 1.79402e-05
          88   0.0491161   0.0489889 1.77954e-05
          89    0.049466   0.0489943 1.83928e-05
          90   0.0490266   0.0489946 1.81908e-05
          91   0.0488732   0.0489933 1.80392e-05
          92   0.0489805   0.0489932 1.78426e-05
          93   0.0491789   0.0489951 1.77623e-05
          94   0.0489174   0.0489943 1.75918e-05
          95   0.0489283   0.0489936 1.74195e-05
          96   0.0488188   0.0489918 1.73331e-05
          97     0.04909   0.0489928 1.71833e-05
          98   0.0490278   0.0489932 1.70108e-05
          99   0.0491261   0.0489945 1.68915e-05
         100   0.0489784   0.0489944 1.67225e-05
