           1   -0.411825   -0.411825           0
           2   -0.417899   -0.414862  0.00303692
           3    -0.41414   -0.414621  0.00176981
           4   -0.415582   -0.414861   0.0012743
           5    -0.41386   -0.414661  0.00100716
           6   -0.414195   -0.414584 0.000826003
           7   -0.411853   -0.414193 0.000799701
           8   -0.415841   -0.414399 0.000722529
           9   -0.412577   -0.414197 0.000668596
          10   -0.412953   -0.414073 0.000610814
          11   -0.417169   -0.414354 0.000620062
          12   -0.412842   -0.414228 0.000579886
          13    -0.41375   -0.414191 0.000534681
          14   -0.415419   -0.414279 0.000502728
          15    -0.41712   -0.414468 0.000504888
          16    -0.41368   -0.414419 0.000474841
          17   -0.415953   -0.414509 0.000455075
          18   -0.417267   -0.414663 0.000455586
          19   -0.412007   -0.414523 0.000453048
          20   -0.415048   -0.414549 0.000430601
          21   -0.412969   -0.414474 0.000416438
          22   -0.416852   -0.414582 0.000411515
          23   -0.415531   -0.414623 0.000395375
          24    -0.41319   -0.414563 0.000383226
          25   -0.416782   -0.414652 0.000378136
          26   -0.415362   -0.414679 0.000364325
          27   -0.411579   -0.414565 0.000368902
          28   -0.411484   -0.414455 0.000372122
          29   -0.411909   -0.414367 0.000369635
          30   -0.415471   -0.414404 0.000358992
          31   -0.411627   -0.414314 0.000358587
          32   -0.413234    -0.41428 0.000348836
          33   -0.415572   -0.414319 0.000340357
          34   -0.412892   -0.414277 0.000332854
          35   -0.414391   -0.414281  0.00032322
          36   -0.415304   -0.414309 0.000315398
          37   -0.413913   -0.414298 0.000306942
          38   -0.413673   -0.414282 0.000299208
          39   -0.416207   -0.414331 0.000295584
          40   -0.415279   -0.414355 0.000289072
          41    -0.41546   -0.414382 0.000283219
          42   -0.413726   -0.414366 0.000276835
          43   -0.412725   -0.414328    0.000273
          44   -0.415273    -0.41435 0.000267587
          45   -0.415341   -0.414372 0.000262499
          46      -0.412    -0.41432 0.000261856
          47   -0.414413   -0.414322 0.000256232
          48   -0.414682    -0.41433 0.000250949
          49   -0.412447   -0.414291  0.00024876
          50   -0.409921   -0.414204  0.00025893
          51   -0.421148    -0.41434  0.00028802
          52   -0.417791   -0.414406  0.00029012
          53   -0.409404   -0.414312 0.000299834
          54   -0.413725   -0.414301  0.00029443
          55   -0.413122    -0.41428 0.000289821
          56   -0.413472   -0.414265 0.000284964
          57   -0.416591   -0.414306 0.000282879
          58   -0.414561    -0.41431 0.000277994
          59   -0.413971   -0.414305 0.000273302
          60   -0.416965   -0.414349 0.000272343
          61   -0.416577   -0.414386 0.000270319
          62    -0.41159    -0.41434 0.000269719
          63   -0.414379   -0.414341 0.000265404
          64   -0.416119   -0.414369 0.000262698
          65   -0.416325   -0.414399 0.000260369
          66   -0.412877   -0.414376  0.00025743
          67   -0.415331    -0.41439 0.000253958
          68    -0.41436    -0.41439 0.000250196
          69   -0.416253   -0.414417 0.000248018
          70    -0.41416   -0.414413 0.000244477
          71   -0.415935   -0.414434  0.00024196
          72   -0.415734   -0.414452 0.000239258
          73   -0.415208   -0.414463 0.000236184
          74   -0.414281    -0.41446 0.000232984
          75   -0.414662   -0.414463 0.000229872
          76   -0.411667   -0.414426 0.000229791
          77   -0.411344   -0.414386 0.000230292
          78   -0.413082    -0.41437 0.000227935
          79   -0.410031   -0.414315 0.000231635
          80   -0.416771   -0.414345 0.000230773
          81   -0.416364    -0.41437 0.000229265
          82   -0.413616   -0.414361 0.000226639
          83   -0.413109   -0.414346 0.000224399
          84     -0.4136   -0.414337 0.000221889
          85   -0.415598   -0.414352 0.000219765
          86   -0.413768   -0.414345   0.0002173
          87   -0.416187   -0.414366 0.000215828
          88   -0.414957   -0.414373 0.000213467
          89   -0.416097   -0.414392 0.000211943
          90   -0.414488   -0.414393 0.000209577
          91   -0.414464   -0.414394 0.000207263
          92   -0.412569   -0.414374 0.000205955
          93   -0.414007    -0.41437 0.000203767
          94   -0.415767   -0.414385 0.000202134
          95    -0.41332   -0.414374 0.000200309
          96   -0.418914   -0.414421 0.000203776
          97   -0.415715   -0.414435 0.000202105
          98   -0.412127   -0.414411 0.000201412
          99    -0.41604   -0.414428 0.000200045
         100    -0.41502   -0.414434 0.000198123
