-0.0154523   -0.319019   -0.421833
-0.133977   -0.266078   0.124539
0.211956   0.0755649   -0.122079
0.213556   0.470978   -0.00404921
-0.229035   0.278398   0.16874
0.165889   -0.0465446   -0.291021
-0.309193   -0.276688   0.0482626
0.00522399   0.30079   0.471274
-0.18128   0.045446   -0.420191
0.361143   -0.369982   0.403485
-0.0571845   0.23193   0.0720212
-0.145598   -0.299145   -0.273843
0.297274   -0.155204   -0.180738
0.327199   -0.103382   0.0210163
-0.473843   -0.0636854   -0.243199
-0.420969   0.33373   -0.421535
0.479083   -0.27658   -0.19738
0.42521   -0.187362   -0.378288
-0.169444   -0.197898   -0.0743032
-0.0295637   0.239209   0.265506
-0.0150512   0.0517064   -0.312317
-0.136326   -0.156592   -0.440515
0.118637   -0.0992866   -0.0573907
-0.165779   -0.0868363   -0.253169
-0.287471   -0.241443   0.408102
-0.0823861   0.129607   0.43339
0.345779   0.245169   -0.495041
0.024847   -0.410219   0.132696
-0.138412   0.0338644   0.252136
-0.393604   0.30692   0.353802
0.182071   0.344275   -0.360123
-0.491448   0.138294   -0.340969
0.0700995   -0.111629   -0.481756
0.0867649   0.384109   0.160848
0.18171   0.136309   -0.445629
-0.357157   -0.0903776   -0.418746
0.32856   -0.164139   0.25197
-0.16246   -0.428645   0.00514378
-0.474951   -0.488899   0.486637
0.32669   -0.296171   0.0637317
-0.158143   0.491271   -0.196338
-0.251015   0.267507   -0.313379
-0.368617   0.488059   -0.295176
0.213519   0.012795   0.411549
-0.0346618   0.285283   -0.308915
0.241443   -0.402703   0.217696
0.0264929   -0.433026   -0.209052
0.0389014   -0.0601594   0.315809
-0.322808   0.0997928   -0.241679
0.199777   0.347332   -0.156768
-0.409748   0.456483   -0.103678
-0.0454935   0.0226892   -0.0630323
-0.316073   -0.49754   0.100861
0.405809   -0.456024   -0.131713
-0.00875554   -0.085748   0.0999965
0.00537987   -0.260267   -0.0327787
0.400122   0.0815861   0.0844722
0.458592   0.0706297   -0.121589
0.183503   0.313728   0.410757
-0.495025   -0.159354   -0.0295959
0.32287   0.141461   -0.278102
0.0898591   -0.23204   0.20069
-0.411546   -0.293607   -0.39875
0.110795   0.154764   0.032925
0.412782   0.406314   0.345838
0.210058   -0.466458   -0.47178
0.010408   0.424246   -0.0782552
-0.106938   0.411145   0.101053
0.208849   -0.263854   -0.402131
0.196167   -0.028621   0.151954
-0.166171   0.310041   0.376802
-0.15271   0.426032   -0.421717
-0.490615   -0.154373   0.425258
-0.317556   -0.0750237   -0.10906
-0.266364   -0.110364   0.11882
0.181848   -0.335123   -0.0638841
-0.403691   0.314341   0.0231625
-0.180322   -0.462998   0.301615
0.468772   -0.458207   0.0484947
-0.364231   0.119267   0.454007
0.0501635   0.497434   0.362919
0.0637659   -0.223234   -0.246152
0.0267826   0.48223   -0.393243
0.395793   -0.413374   -0.37655
-0.480025   -0.09932   0.225109
0.243558   0.155821   0.231162
0.313094   -0.191028   0.447846
0.464325   -0.308578   0.21079
-0.237252   -0.396115   -0.449114
0.221895   -0.454394   -0.228905
-0.122341   0.180676   -0.172126
-0.392824   -0.455131   0.288851
0.343181   0.253925   -0.0543512
0.397407   0.329512   -0.296931
0.424331   0.0471241   0.350666
-0.418642   0.131788   0.26247
-0.342086   -0.317039   -0.139343
-0.243539   0.32655   -0.121449
0.399793   0.00721441   -0.446142
-0.409323   0.0235277   0.0725633
-0.43665   0.2443   -0.181947
0.15532   -0.29706   0.404032
-0.304053   -0.0586079   0.329091
0.0675191   0.159691   -0.18307
-0.0795192   -0.271809   0.343135
0.463022   0.268979   0.18431
-0.2733   0.134115   -0.0080551
0.298235   0.383073   0.148801
