-0.0153138   -0.319049   -0.421785
-0.133994   -0.266014   0.124418
0.211943   0.0756348   -0.122028
0.213355   0.471098   -0.0039887
-0.228962   0.278294   0.168582
0.165798   -0.0465856   -0.2911
-0.309296   -0.276834   0.048267
0.00520867   0.300933   0.471397
-0.181232   0.045516   -0.42035
0.361206   -0.369914   0.403504
-0.0572086   0.231874   0.072019
-0.14575   -0.29903   -0.273709
0.297142   -0.155232   -0.180806
0.327152   -0.103365   0.0210952
-0.473806   -0.0637043   -0.243221
-0.420808   0.33362   -0.421507
0.479025   -0.276642   -0.19764
0.425177   -0.187347   -0.37816
-0.169604   -0.197734   -0.0744607
-0.029504   0.239192   0.265627
-0.0151179   0.051719   -0.312209
-0.13647   -0.156674   -0.440608
0.118559   -0.0993863   -0.0575969
-0.165677   -0.0868187   -0.253267
-0.287491   -0.241572   0.408125
-0.0822784   0.129561   0.433191
0.345793   0.245338   -0.49507
0.0248456   -0.410222   0.132912
-0.138568   0.0336338   0.252089
-0.393511   0.306719   0.353848
0.181879   0.344174   -0.360317
-0.491453   0.138576   -0.340928
0.0701393   -0.11165   -0.48148
0.0869195   0.383966   0.160925
0.181714   0.136379   -0.445444
-0.357069   -0.0904352   -0.418599
0.328399   -0.164328   0.252053
-0.162541   -0.428691   0.00509368
-0.475011   -0.488932   0.486747
0.326847   -0.296161   0.0636674
-0.157966   0.491384   -0.196301
-0.251089   0.267474   -0.313341
-0.36846   0.48814   -0.295172
0.213422   0.0126564   0.411571
-0.0347952   0.285298   -0.308773
0.241391   -0.402706   0.217806
0.0266282   -0.433059   -0.209158
0.0390441   -0.0600255   0.315787
-0.322912   0.0996672   -0.241582
0.1998   0.347246   -0.156631
-0.409618   0.456572   -0.10367
-0.0454194   0.0227918   -0.0630738
-0.315967   -0.497568   0.100901
0.405735   -0.455976   -0.131746
-0.00859811   -0.0857423   0.10009
0.00539868   -0.260262   -0.0330447
0.400074   0.0815751   0.0843332
0.458551   0.07069   -0.121555
0.183546   0.313711   0.410764
-0.494988   -0.159183   -0.0295984
0.322852   0.141483   -0.278036
0.0898822   -0.232148   0.200776
-0.411505   -0.293486   -0.398691
0.110894   0.154801   0.0329404
0.412886   0.406281   0.3459
0.209938   -0.466335   -0.471944
0.0104514   0.424103   -0.0781902
-0.106903   0.411231   0.101159
0.208901   -0.263929   -0.402162
0.196295   -0.0285847   0.152041
-0.16619   0.310043   0.376714
-0.152723   0.425982   -0.42162
-0.490519   -0.154394   0.425301
-0.317478   -0.0749352   -0.109157
-0.26637   -0.110343   0.118974
0.18174   -0.33504   -0.0639282
-0.403934   0.314327   0.0231851
-0.180383   -0.46314   0.301467
0.46873   -0.458247   0.0484351
-0.364282   0.119323   0.454028
0.0502623   0.497351   0.36285
0.0637767   -0.223296   -0.246265
0.026773   0.482425   -0.393342
0.395827   -0.413352   -0.376595
-0.480039   -0.0992001   0.2251
0.243291   0.155901   0.231092
0.312951   -0.191167   0.448034
0.464302   -0.308622   0.210845
-0.237166   -0.396073   -0.44914
0.221823   -0.454285   -0.228997
-0.122202   0.180664   -0.172027
-0.392867   -0.455243   0.288762
0.343199   0.253992   -0.054333
0.397167   0.329332   -0.296885
0.424403   0.0471718   0.350865
-0.41862   0.131791   0.26244
-0.342015   -0.316894   -0.139482
-0.243445   0.326493   -0.121592
0.399725   0.00743036   -0.446089
-0.409284   0.0236013   0.0725554
-0.436776   0.244377   -0.181978
0.155158   -0.297012   0.404089
-0.303939   -0.058809   0.329174
0.0676682   0.15954   -0.183057
-0.0794191   -0.271782   0.343053
0.463111   0.269024   0.184285
-0.273192   0.134129   -0.00813979
0.298229   0.382961   0.148635
