1.66735
1.68785
1.70638
1.72018
1.72863
1.73286
1.73473
1.73597
1.7382
1.74291
1.75103
1.7622
1.77476
1.78627
1.79451
1.79817
1.79717
1.79258
1.78605
1.77925
1.77343
1.76911
1.76632
1.76484
1.76457
1.76581
1.76903
1.77445
1.78149
1.78884
1.79476
1.7979
1.7975
1.79319
1.78454
1.77082
1.75156
1.72764
1.70218
1.68033
1.66753
1.66697
1.67782
1.69559
1.71428
1.72929
1.74006
1.75077
1.76647
1.78668
1.80404
1.81
1.80011
1.77461
1.73693
1.69201
1.64515
1.60092
1.56259
1.53206
1.51007
1.49663
1.49135
1.49428
1.50638
1.52926
1.56356
1.60708
1.65463
1.69977
1.73717
1.76392
1.77954
1.78534
1.78365
1.77711
1.76792
1.75743
1.74596
1.73332
1.71938
1.70441
1.68891
1.67331
1.65786
1.64287
1.62894
1.61706
1.60844
1.60419
1.60505
1.61122
1.62228
1.63707
1.65382
1.67038
1.68446
1.69395
1.69725
1.69356
1.68333
1.66855
1.65244
1.63866
1.63031
1.62911
1.63489
1.64531
1.65625
1.66333
1.66418
1.66009
1.65594
1.65704
1.66504
1.6766
1.68592
1.68772
1.67904
1.6598
1.63273
1.60274
1.57533
1.5547
1.54226
1.53683
1.53594
1.53751
1.5411
1.54834
1.56192
1.58287
1.60899
1.63587
1.65938
1.67698
1.68745
1.69029
1.68554
1.67405
1.65796
1.64055
1.62545
1.6155
1.61191
1.61428
1.62157
1.63302
1.64831
1.66667
1.68616
1.70407
1.71828
1.7283
1.73528
1.74097
1.74639
1.75162
1.7564
1.76055
1.76375
1.76531
1.76428
1.75953
1.74989
1.73436
1.71265
1.68565
1.65527
1.62412
1.59569
1.57477
1.56644
1.5727
1.59018
1.61181
1.63032
1.64108
1.64311
1.6384
1.63042
1.62232
1.61566
1.61039
1.60558
1.60051
1.59515
1.59018
1.58669
1.58551
1.58681
1.58987
1.59374
1.59785
1.60217
1.60638
1.60947
1.61053
1.6101
1.60984
1.61112
1.61383
1.61672
1.61846
1.61841
1.61687
1.6148
1.61337
1.61342
1.61499
1.61714
1.61833
1.61714
1.61324
1.60805
1.60469
1.60633
1.61414
1.62627
1.63906
1.64881
1.65264
1.64877
1.63649
1.61618
1.58936
1.55863
1.52785
1.50191
1.4855
1.48049
1.48456
1.49356
1.50472
1.51723
1.53074
1.54426
1.55647
1.56665
1.57484
1.58158
1.58725
1.59194
1.5957
1.59918
1.60361
1.61025
1.61969
1.63187
1.64648
1.66318
1.68119
1.69894
1.71404
1.72386
1.72659
1.72229
1.71354
1.70466
1.69953
1.69931
1.70238
1.70617
1.7087
1.70868
1.70513
1.6971
1.68408
1.66661
1.64675
1.62795
1.61421
1.60834
1.61076
1.61934
1.63074
1.64225
1.65296
1.66358
1.67562
1.69032
1.70806
1.72805
1.74834
1.76639
1.77971
1.7867
1.78688
1.78071
1.76909
1.75309
1.73405
1.7137
1.6937
1.67515
1.65825
1.64252
1.62708
1.61101
1.59372
1.57544
1.55783
1.544
1.53785
1.5428
1.56037
1.58961
1.62732
1.66891
1.70934
1.744
1.76922
1.78281
1.78433
1.77509
1.75777
1.73598
1.71358
1.69392
1.67932
1.67056
1.66681
1.66596
1.66522
1.66189
1.65393
1.64029
1.62102
1.59711
1.57033
1.5431
1.51826
1.49858
1.48646
1.48366
1.49088
1.50735
1.53077
1.55791
1.5853
1.60979
1.62876
1.64028
1.64339
1.63841
1.62708
1.6125
1.59861
1.58913
1.58641
1.59053
1.59951
1.61048
1.62101
1.62985
1.63704
1.64341
1.65004
1.65778
1.66693
1.67683
1.68578
1.69132
1.69086
1.68258
1.66608
1.64234
1.61326
1.58141
1.55066
1.52757
1.52032
1.53337
1.56287
1.59963
1.63578
1.66744
1.69342
1.71308
1.72539
1.72931
1.72508
1.71526
1.70456
1.69785
1.69746
1.70172
1.70604
1.70553
1.69737
1.6816
1.66096
1.63997
1.62361
1.61574
1.6181
1.62991
1.64842
1.66963
1.68895
1.70208
1.70603
1.70043
1.68776
1.67197
1.65639
1.64246
1.63009
1.61885
1.6091
1.60234
1.60066
1.60565
1.61766
1.63568
1.65771
1.6811
1.70312
1.72148
1.73488
1.74356
1.74927
1.75451
1.76065
1.76658
1.76919
1.7652
1.75279
1.73223
1.70553
1.67576
1.64592
1.61805
1.5928
1.57016
1.55055
1.53538
1.52713
1.52857
1.54176
1.56701
1.60216
1.64262
1.68272
1.7174
1.74339
1.75926
1.76517
1.76268
1.75477
1.74611
1.74265
1.74927
1.76702
1.79202
1.81789
1.83879
1.85098
1.85274
1.84388
1.82517
1.79804
1.76403
1.72456
1.6804
1.63168
1.57933
1.53003
1.50029
1.50552
1.54028
1.58351
1.61988
1.6455
1.66194
1.67143
1.67522
1.67383
1.66784
1.65844
1.64773
1.63847
1.63342
1.63426
1.64055
1.64924
1.65586
1.65683
1.65113
1.64001
1.62563
1.61006
1.59497
1.58163
1.57083
1.56292
1.55814
1.55688
1.55972
1.56671
1.57662
1.58672
1.59359
1.59462
1.58936
1.58003
1.57132
1.56899
1.57687
1.59396
1.61514
1.63502
1.65072
1.66189
1.66917
1.67307
1.67379
1.67155
1.66702
1.6616
1.65706
1.65457
1.65344
1.65097
1.64387
1.63079
1.61395
1.5976
1.58474
1.57574
1.57008
1.56879
1.57404
1.58708
1.60675
1.62997
1.65309
1.67302
1.68765
1.69579
1.6971
1.69193
1.68149
1.66785
1.65421
1.64449
1.64211
1.64868
1.66334
1.68332
1.70492
1.72452
1.73922
1.74722
1.7481
1.74264
1.73232
1.7187
1.70286
1.68541
1.66663
1.64667
1.62599
1.60561
1.58719
1.57257
1.56326
1.55971
1.56078
1.56398
1.56635
1.56551
1.56057
1.55238
1.54324
1.53611
1.53347
1.53666
1.54589
1.56085
1.58106
1.60593
1.63399
1.66231
1.68659
1.70265
1.70774
1.7013
1.68472
1.66074
1.63255
1.60303
1.57436
1.54819
1.52595
1.50902
1.49845
1.49455
1.49668
1.5033
1.51235
1.52178
1.53029
1.53805
1.547
1.56018
1.57995
1.60611
1.6354
1.66279
1.68356
1.69511
1.69774
1.6944
1.68895
1.68365
1.67812
1.6704
1.65911
1.64491
1.63046
1.61924
1.61365
1.61411
1.6194
1.62762
1.63675
1.64491
1.65098
1.65498
1.65815
1.66229
1.66904
1.67911
1.69185
1.70543
1.7176
1.72681
1.7332
1.73828
1.74355
1.74938
1.75495
1.75922
1.76172
1.76297
1.7645
1.76791
1.77316
1.7779
1.77839
1.77134
1.75487
1.72912
1.69638
1.66099
1.62856
1.60464
1.59325
1.59588
1.61124
1.63572
1.66443
1.69254
1.71628
1.73352
1.74374
1.74771
1.74707
1.74388
1.73965
1.73459
1.72776
1.71802
1.70511
1.68983
1.67331
1.65596
1.63723
1.6164
1.59402
1.57264
1.55639
1.54941
1.55426
1.57117
1.59843
1.6333
1.67277
1.71377
1.75302
1.7871
1.81259
1.82637
1.82613
1.81095
1.78198
1.74258
1.6982
1.65511
1.61894
1.59317
1.57875
1.57438
1.57726
1.5835
1.58887
1.59018
1.58628
1.57827
1.56842
1.55907
1.55196
1.54858
1.55047
1.55889
1.57377
1.59348
1.61561
1.63799
1.65928
1.67877
1.696
1.71056
1.722
1.72985
1.73373
1.73337
1.72866
1.71984
1.70802
1.69562
1.68595
1.68115
1.68008
1.6788
1.67378
1.66466
1.65458
1.64813
1.64842
1.6551
1.66464
1.67233
1.67453
1.67008
1.66051
1.64945
1.64172
1.6417
1.65088
1.66606
1.68074
1.68909
1.68877
1.68142
1.6713
1.66335
1.66136
1.66671
1.67825
1.69326
1.70883
1.72277
1.73379
1.74118
1.74446
1.74324
1.7373
1.72694
1.71311
1.69723
1.68069
1.66455
1.64942
1.63558
1.62297
1.61117
1.59962
1.58872
1.58077
1.57956
1.58808
1.60642
1.63186
1.66072
1.68982
1.71669
1.73931
1.75583
1.76461
1.76458
1.7558
1.73997
1.72062
1.70194
1.68691
1.67581
1.66673
1.6576
1.64823
1.641
1.63981
1.64809
1.66659
1.69244
1.72028
1.74407
1.75871
1.76071
1.74855
1.7228
1.68613
1.6425
1.59643
1.55253
1.51542
1.48898
1.47473
1.47118
1.47481
1.48223
1.49166
1.50299
1.51676
1.53286
1.54992
1.56543
1.57672
1.58188
1.58052
1.57409
1.5656
1.55883
1.55712
1.56209
1.57297
1.58713
1.60138
1.61312
1.62109
1.62538
1.62679
1.62583
1.62234
1.61597
1.60696
1.5963
1.58504
1.57363
1.56195
1.55009
1.53907
1.53088
1.52791
1.53183
1.5428
1.55918
1.57795
1.59559
1.60875
1.61474
1.61188
1.60014
1.58173
1.56095
1.54286
1.53116
1.52702
1.52926
1.53549
1.54301
1.54944
1.55332
1.55455
1.55429
1.55405
1.55481
1.55679
1.55982
1.56401
1.57012
1.57941
1.59252
1.6086
1.62578
1.64233
1.65756
1.67162
1.68478
1.69668
1.70619
1.71176
1.7122
1.70707
1.69686
1.68299
1.66754
1.65328
1.6434
1.64039
1.6446
1.65365
1.66376
1.67207
1.67786
1.68219
1.68676
1.69279
1.70032
1.70821
1.71456
1.71756
1.71619
1.7107
1.70208
1.69109
1.67769
1.66138
1.64223
1.62132
1.60043
1.58127
1.56496
1.55172
1.54093
1.53167
1.52362
1.5176
1.51528
1.51836
1.52756
1.54237
1.56131
1.58264
1.60471
1.62601
1.64504
1.66035
1.67093
1.67679
1.67905
1.67961
1.68029
1.68193
1.6843
1.68654
1.68829
1.69011
1.69283
1.69648
1.70002
1.70204
1.70149
1.69791
1.69134
1.68219
1.67152
1.66124
1.65372
1.65072
1.65219
1.65632
1.66064
1.66305
1.66209
1.65655
1.64515
1.62659
1.60009
1.56618
1.52732
1.48812
1.45481
1.43381
1.42948
1.44196
1.46687
1.49737
1.52711
1.55217
1.57148
1.58613
1.59852
1.61163
1.62807
1.64872
1.67215
1.6952
1.71459
1.72809
1.73461
1.73393
1.72624
1.71225
1.69361
1.67315
1.65406
1.63832
1.6259
