-3.36802
-3.36772
-3.36772
-3.36833
-3.36817
-3.36772
-3.36666
-3.36742
-3.36772
-3.36711
-3.36756
-3.36681
-3.36606
-3.36576
-3.36591
-3.36591
-3.36681
-3.36757
-3.36787
-3.36787
-3.36817
-3.36817
-3.36787
-3.36772
-3.36757
-3.36787
-3.36832
-3.36787
-3.36681
-3.36651
-3.36712
-3.36606
-3.36666
-3.36697
-3.36667
-3.36667
-3.36667
-3.36636
-3.36802
-3.36817
-3.36892
-3.36953
-3.36878
-3.36878
-3.36848
-3.36863
-3.36939
-3.36848
-3.36878
-3.36969
-3.36924
-3.36894
-3.36909
-3.36969
-3.36999
-3.36969
-3.36848
-3.36802
-3.36787
-3.36757
-3.36681
-3.36636
-3.36606
-3.36621
-3.36636
-3.36757
-3.36787
-3.36802
-3.36788
-3.36909
-3.36924
-3.37
-3.37075
-3.36924
-3.36788
-3.36697
-3.36697
-3.36666
-3.36712
-3.36848
-3.36802
-3.36938
-3.36953
-3.36908
-3.36953
-3.36923
-3.36968
-3.36938
-3.36893
-3.36832
-3.36847
-3.36802
-3.36802
-3.36908
-3.36802
-3.36803
-3.36788
-3.36848
-3.36894
-3.36909
-3.36863
-3.36803
-3.36833
-3.36817
-3.36742
-3.36893
-3.36727
-3.36712
-3.36682
-3.36667
-3.36667
-3.36576
-3.36591
-3.36621
-3.36651
-3.36622
-3.36622
-3.36637
-3.36592
-3.36667
-3.36637
-3.36667
-3.36757
-3.36757
-3.36757
-3.36651
-3.36606
-3.36621
-3.36621
-3.36591
-3.3653
-3.3653
-3.36546
-3.36561
-3.36546
-3.36425
-3.3641
-3.365
-3.36395
-3.3641
-3.36455
-3.36439
-3.36469
-3.36485
-3.36485
-3.3647
-3.36439
-3.3659
-3.3659
-3.36621
-3.36575
-3.36651
-3.36666
-3.36696
-3.36802
-3.36847
-3.36847
-3.36877
-3.36877
-3.36923
-3.36953
-3.36938
-3.36893
-3.36832
-3.36772
-3.36787
-3.36802
-3.36696
-3.36621
-3.3656
-3.36469
-3.36454
-3.36454
-3.36454
-3.36469
-3.3647
-3.36364
-3.36364
-3.36304
-3.36273
-3.36198
-3.36273
-3.36182
-3.36182
-3.36213
-3.36137
-3.36167
-3.36197
-3.36228
-3.36182
-3.36258
-3.36349
-3.36349
-3.36213
-3.36152
-3.36137
-3.36213
-3.36243
-3.36364
-3.36364
-3.36409
-3.36394
-3.36394
-3.36424
-3.36364
-3.36364
-3.36319
-3.36334
-3.36349
-3.36319
-3.36364
-3.36349
-3.36319
-3.36198
-3.36167
-3.36197
-3.36137
-3.36122
-3.36183
-3.36213
-3.36153
-3.36213
-3.36243
-3.36334
-3.365
-3.36515
-3.3647
-3.3653
-3.36499
-3.36454
-3.36424
-3.36485
-3.36515
-3.3653
-3.3656
-3.3653
-3.3656
-3.36545
-3.36591
-3.36666
-3.36666
-3.36651
-3.36636
-3.36696
-3.36681
-3.36681
-3.36696
-3.36787
-3.36772
-3.36636
-3.36696
-3.36591
-3.36576
-3.36697
-3.36682
-3.36666
-3.36606
-3.36666
-3.36681
-3.36711
-3.36756
-3.36938
-3.36953
-3.36983
-3.36983
-3.36983
-3.37059
-3.37029
-3.37195
-3.37028
-3.36983
-3.36952
-3.36937
-3.36983
-3.36892
-3.36893
-3.36817
-3.36787
-3.36696
-3.36666
-3.3659
-3.36636
-3.36545
-3.36485
-3.36576
-3.36621
-3.36591
-3.36561
-3.36485
-3.36439
-3.365
-3.3659
-3.36439
-3.36394
-3.36379
-3.36258
-3.36228
-3.36092
-3.36092
-3.36107
-3.36062
-3.36046
-3.36001
-3.36152
-3.36061
-3.36091
-3.36122
-3.36122
-3.36062
-3.36092
-3.36032
-3.36047
-3.35957
-3.36017
-3.36108
-3.36062
-3.36047
-3.36047
-3.36046
-3.36152
-3.36077
-3.36046
-3.36062
-3.36137
-3.36213
-3.36183
-3.36107
-3.36122
-3.36168
-3.36182
-3.36122
-3.36152
-3.36076
-3.36076
-3.36227
-3.36363
-3.36318
-3.36394
-3.36349
-3.36288
-3.36243
-3.36304
-3.36364
-3.36455
-3.3644
-3.36455
-3.36424
-3.36424
-3.36348
-3.36363
-3.36424
-3.36333
-3.36424
-3.36379
-3.36379
-3.36469
-3.36303
-3.36379
-3.36454
-3.3653
-3.365
-3.365
-3.3653
-3.36485
-3.36455
-3.36636
-3.36712
-3.36712
-3.36636
-3.36741
-3.36771
-3.36695
-3.36771
-3.36771
-3.36787
-3.36878
-3.36802
-3.36817
-3.36757
-3.36742
-3.36772
-3.36832
-3.36802
-3.36771
-3.36816
-3.36741
-3.36757
-3.36696
-3.36591
-3.36546
-3.3644
-3.36454
-3.36469
-3.36408
-3.36423
-3.36318
-3.36273
-3.36228
-3.36228
-3.36319
-3.36319
-3.36334
-3.36379
-3.36334
-3.36424
-3.36319
-3.36349
-3.36288
-3.36273
-3.36424
-3.36379
-3.36273
-3.36288
-3.36364
-3.36394
-3.36334
-3.36379
-3.36379
-3.36424
-3.3647
-3.36455
-3.36394
-3.36303
-3.36273
-3.36349
-3.36485
-3.36485
-3.36515
-3.365
-3.36485
-3.36469
-3.36424
-3.36499
-3.36378
-3.36409
-3.3653
-3.36499
-3.36454
-3.36499
-3.36454
-3.36514
-3.36454
-3.36515
-3.36515
-3.36621
-3.36546
-3.365
-3.36561
-3.36606
-3.36575
-3.36545
-3.3668
-3.3659
-3.36575
-3.365
-3.36545
-3.36515
-3.36561
-3.36546
-3.36515
-3.365
-3.36576
-3.36621
-3.36712
-3.36591
-3.36546
-3.36606
-3.36635
-3.3668
-3.36756
-3.36742
-3.36803
-3.36712
-3.36727
-3.36727
-3.36712
-3.36651
-3.36697
-3.36787
-3.36712
-3.36711
-3.3659
-3.36666
-3.36621
-3.36621
-3.36561
-3.36591
-3.36591
-3.36576
-3.36591
-3.365
-3.36515
-3.36439
-3.36258
-3.36318
-3.36364
-3.36349
-3.36334
-3.36364
-3.36394
-3.3653
-3.36531
-3.36455
-3.36516
-3.3641
-3.36364
-3.36364
-3.36364
-3.36439
-3.36485
-3.3647
-3.36576
-3.36561
-3.36485
-3.36349
-3.36258
-3.36304
-3.36243
-3.36258
-3.36288
-3.36288
-3.36349
-3.36289
-3.36228
-3.36168
-3.36198
-3.36168
-3.36167
-3.36303
-3.36394
-3.36439
-3.3659
-3.3662
-3.36696
-3.36606
-3.3647
-3.36546
-3.36485
-3.36485
-3.3647
-3.3644
-3.36319
-3.36349
-3.36319
-3.36288
-3.36379
-3.36333
-3.36258
-3.36303
-3.36258
-3.36319
-3.36274
-3.36349
-3.36364
-3.36485
-3.3647
-3.36394
-3.36409
-3.36394
-3.36454
-3.36424
-3.36424
-3.36409
-3.36348
-3.36379
-3.36469
-3.36469
-3.36545
-3.36484
-3.36364
-3.36394
-3.36394
-3.36425
-3.36424
-3.36424
-3.36439
-3.36409
-3.36439
-3.36545
-3.36575
-3.36636
-3.36651
-3.36606
-3.36576
-3.36561
-3.36591
-3.36546
-3.36425
-3.36364
-3.3644
-3.3647
-3.36424
-3.3647
-3.36409
-3.365
-3.3662
-3.36575
-3.3656
-3.36605
-3.36515
-3.36515
-3.36545
-3.3647
-3.36409
-3.36409
-3.36409
-3.36454
-3.36439
-3.3647
-3.3647
-3.36561
-3.36546
-3.3647
-3.3653
-3.36485
-3.36424
-3.36485
-3.36561
-3.3644
-3.3647
-3.365
-3.36485
-3.36484
-3.36424
-3.36349
-3.36379
-3.3653
-3.3656
-3.36696
-3.36696
-3.36666
-3.36651
-3.36787
-3.36711
-3.36636
-3.36666
-3.36666
-3.36712
-3.36621
-3.36606
-3.36485
-3.36651
-3.36591
-3.36515
-3.36606
-3.36621
-3.36681
-3.36666
-3.36621
-3.36712
-3.36621
-3.36652
-3.36591
-3.36636
-3.36606
-3.3659
-3.3659
-3.3668
-3.36741
-3.3671
-3.36696
-3.36651
-3.36606
-3.36681
-3.36757
-3.36742
-3.36712
-3.36772
-3.36742
-3.36711
-3.36621
-3.36681
-3.36696
-3.36636
-3.36636
-3.36757
-3.36938
-3.37029
-3.36863
-3.36863
-3.36938
-3.36893
-3.36847
-3.36862
-3.36892
-3.36802
-3.36681
-3.36666
-3.36711
-3.36696
-3.36742
-3.36712
-3.36712
-3.36697
-3.36773
-3.36758
-3.36743
-3.36727
-3.36666
-3.36606
-3.36636
-3.3662
-3.36666
-3.36636
-3.36606
-3.36606
-3.36561
-3.36531
-3.36637
-3.36621
-3.36621
-3.36606
-3.36697
-3.36742
-3.36772
-3.36757
-3.36802
-3.36621
-3.36636
-3.36682
-3.36727
-3.36772
-3.36848
-3.36742
-3.36848
-3.36848
-3.36818
-3.36848
-3.36818
-3.36818
-3.36833
-3.36848
-3.36772
-3.36787
-3.36757
-3.36788
-3.36848
-3.36863
-3.36848
-3.36787
-3.36863
-3.36863
-3.36818
-3.36788
-3.36879
-3.36909
-3.36999
-3.37044
-3.37044
-3.37029
-3.37044
-3.37044
-3.37135
-3.3709
-3.37015
-3.36999
-3.36878
-3.36802
-3.36651
-3.36681
-3.36742
-3.36667
-3.36546
-3.36486
-3.36531
-3.36576
-3.36576
-3.36591
-3.36576
-3.36471
-3.3644
-3.36425
-3.3647
-3.36501
-3.3644
-3.36425
-3.36455
-3.36546
-3.36516
-3.36485
-3.36425
-3.36424
-3.36455
-3.36485
-3.3641
-3.3647
-3.36561
-3.36606
-3.36591
-3.36546
-3.36607
-3.36697
-3.36667
-3.36712
-3.36757
-3.36742
-3.36651
-3.36666
-3.36742
-3.36772
-3.36757
-3.36802
-3.36726
-3.36711
-3.36757
-3.36591
-3.36576
-3.36667
-3.36652
-3.36637
-3.36562
-3.36622
-3.36546
-3.3644
-3.36425
-3.3647
-3.36575
-3.36409
-3.36349
-3.36349
-3.36304
-3.36349
-3.36349
-3.36319
-3.36319
-3.36349
-3.36244
-3.36365
-3.36199
-3.36138
-3.36063
-3.36047
-3.36092
-3.36092
-3.36017
-3.35941
-3.35987
-3.35987
-3.35987
-3.35911
-3.35912
-3.35957
-3.36047
-3.36062
-3.36002
-3.36047
-3.36168
-3.36153
-3.36244
-3.36183
-3.36108
-3.36153
-3.36183
-3.36137
-3.36198
-3.36122
-3.36213
-3.36243
-3.36334
-3.36486
-3.36471
-3.36441
-3.36441
-3.36501
-3.36486
-3.36455
-3.36636
-3.36682
-3.36606
-3.36576
-3.36561
-3.36561
-3.36561
-3.36516
-3.36561
-3.36622
-3.36531
-3.36561
-3.36455
-3.36516
-3.36516
-3.36561
-3.36546
-3.36606
-3.36606
-3.36621
-3.36531
-3.36546
-3.36546
-3.36546
-3.36546
-3.36485
-3.36516
-3.36561
-3.36546
-3.36576
-3.36681
-3.36606
-3.365
-3.36484
-3.36363
-3.36439
-3.36394
-3.3644
-3.36424
-3.36485
-3.36545
-3.36515
-3.36545
-3.3653
-3.365
-3.36485
-3.36455
-3.365
-3.36485
-3.3647
-3.36546
-3.365
-3.3641
-3.36334
-3.36243
-3.36228
-3.36243
-3.36228
-3.36288
-3.36258
-3.36304
-3.36258
-3.36258
-3.36364
-3.36364
-3.36454
-3.3659
-3.36515
-3.36424
-3.36485
-3.36576
-3.36545
-3.36576
-3.36742
-3.36727
-3.36757
-3.36787
-3.36772
-3.36681
-3.36666
-3.36696
-3.36681
-3.36606
-3.36651
-3.36757
-3.36606
-3.36591
-3.3647
-3.36591
-3.36576
-3.36515
-3.36394
-3.36409
-3.36409
-3.36379
-3.36394
-3.36273
-3.36319
-3.36334
-3.36319
-3.36304
-3.36274
-3.36334
-3.36364
-3.36349
-3.3647
-3.36439
-3.36424
-3.36469
-3.36605
-3.36484
-3.36485
-3.36485
-3.36546
-3.36591
-3.36515
-3.3653
-3.36485
-3.36409
-3.36424
-3.36409
-3.365
-3.3653
-3.36515
-3.36621
-3.36576
-3.36576
-3.36651
-3.36561
-3.36515
-3.36469
-3.36515
-3.365
-3.36485
