-5.03537
-5.05557
-5.0741
-5.08851
-5.0968
-5.10058
-5.10139
-5.10338
-5.10592
-5.11002
-5.11859
-5.12901
-5.14082
-5.15203
-5.16042
-5.16408
-5.16398
-5.16015
-5.15392
-5.14712
-5.1416
-5.13728
-5.13418
-5.13255
-5.13214
-5.13368
-5.13735
-5.14231
-5.14831
-5.15535
-5.16188
-5.16396
-5.16416
-5.16016
-5.1512
-5.13748
-5.11823
-5.094
-5.07021
-5.0485
-5.03646
-5.0365
-5.0466
-5.06437
-5.08276
-5.09792
-5.10945
-5.11924
-5.13525
-5.15637
-5.17328
-5.17894
-5.1692
-5.1443
-5.10692
-5.0617
-5.01363
-4.96894
-4.93046
-4.89963
-4.87689
-4.86299
-4.85741
-4.86048
-4.87273
-4.89683
-4.93143
-4.9751
-5.02251
-5.06886
-5.10641
-5.13392
-5.15029
-5.15458
-5.15153
-5.14408
-5.13489
-5.1241
-5.11308
-5.1018
-5.08741
-5.07379
-5.05844
-5.04239
-5.02739
-5.0121
-4.99862
-4.98645
-4.97737
-4.97251
-4.97352
-4.97924
-4.9903
-5.00615
-5.02184
-5.03841
-5.05233
-5.06243
-5.06619
-5.06265
-5.05197
-5.03658
-5.02076
-5.00684
-4.99773
-4.99803
-5.00216
-5.01243
-5.02307
-5.03001
-5.03085
-5.02585
-5.02184
-5.02325
-5.03155
-5.04282
-5.05214
-5.05409
-5.04496
-5.02647
-4.9991
-4.9694
-4.9429
-4.92227
-4.90983
-4.90334
-4.902
-4.90372
-4.90731
-4.91425
-4.92722
-4.94817
-4.97444
-5.00148
-5.02484
-5.04123
-5.05155
-5.0553
-5.04948
-5.03815
-5.02251
-5.00494
-4.99015
-4.98034
-4.97676
-4.97898
-4.98597
-4.99893
-5.01422
-5.03288
-5.05191
-5.07058
-5.08494
-5.09526
-5.10329
-5.10944
-5.11486
-5.12039
-5.12517
-5.12978
-5.13328
-5.13469
-5.13321
-5.12785
-5.11761
-5.10223
-5.08067
-5.05261
-5.02148
-4.98972
-4.96038
-4.93931
-4.93098
-4.93724
-4.95488
-4.97651
-4.99396
-5.00473
-5.00615
-5.00114
-4.9924
-4.98505
-4.97748
-4.97221
-4.9677
-4.96188
-4.95682
-4.95215
-4.94896
-4.94734
-4.94938
-4.95335
-4.95722
-4.95998
-4.96369
-4.96776
-4.9716
-4.97296
-4.97374
-4.97348
-4.97521
-4.97777
-4.98066
-4.9827
-4.98205
-4.98051
-4.97798
-4.97671
-4.97691
-4.97817
-4.98078
-4.98182
-4.98033
-4.97522
-4.96973
-4.96666
-4.9677
-4.97536
-4.9881
-5.00119
-5.01033
-5.01477
-5.01121
-4.99983
-4.98118
-4.95451
-4.92333
-4.89314
-4.8669
-4.85004
-4.84473
-4.8494
-4.85871
-4.87003
-4.88284
-4.89604
-4.90986
-4.92193
-4.93255
-4.9415
-4.94824
-4.95376
-4.9583
-4.96266
-4.966
-4.97042
-4.97721
-4.98756
-4.99959
-5.01284
-5.03014
-5.04709
-5.0647
-5.081
-5.09067
-5.09325
-5.08835
-5.0802
-5.07147
-5.06664
-5.06687
-5.07176
-5.0757
-5.07853
-5.07852
-5.07497
-5.06769
-5.05436
-5.03856
-5.01703
-4.99778
-4.98373
-4.97771
-4.98059
-4.98827
-4.99966
-5.01042
-5.02083
-5.03054
-5.04228
-5.05622
-5.07442
-5.0935
-5.11319
-5.13215
-5.14593
-5.15261
-5.15248
-5.14556
-5.13349
-5.11809
-5.09996
-5.0781
-5.05764
-5.03893
-5.02083
-5.0048
-4.988
-4.97193
-4.95479
-4.93606
-4.91829
-4.90401
-4.89937
-4.90341
-4.92128
-4.95082
-4.98854
-5.02953
-5.07027
-5.10432
-5.12969
-5.14238
-5.14451
-5.13617
-5.11839
-5.09645
-5.07404
-5.05438
-5.04084
-5.03133
-5.02728
-5.02658
-5.0266
-5.02403
-5.01576
-5.00137
-4.98225
-4.95878
-4.93216
-4.90432
-4.87978
-4.85934
-4.84722
-4.84593
-4.85451
-4.87053
-4.89471
-4.92139
-4.94818
-4.97222
-4.9918
-5.00392
-5.00794
-5.0028
-4.99162
-4.97674
-4.96285
-4.95261
-4.95004
-4.95476
-4.96284
-4.97472
-4.98479
-4.99364
-5.00174
-5.00644
-5.01383
-5.02232
-5.03223
-5.04182
-5.05078
-5.05662
-5.05571
-5.04713
-5.03245
-5.00945
-4.98037
-4.94776
-4.91807
-4.89528
-4.88727
-4.90108
-4.93058
-4.9675
-5.00455
-5.03546
-5.06159
-5.08064
-5.0928
-5.09703
-5.09341
-5.08328
-5.07227
-5.06601
-5.06487
-5.06928
-5.073
-5.07144
-5.06283
-5.046
-5.0255
-5.00467
-4.98769
-4.97998
-4.98127
-4.99264
-5.0107
-5.03191
-5.05214
-5.06527
-5.06937
-5.06423
-5.0511
-5.03621
-5.01957
-5.00594
-4.99298
-4.98159
-4.97335
-4.96613
-4.96339
-4.96853
-4.98129
-4.99962
-5.02104
-5.04489
-5.06691
-5.08573
-5.09958
-5.1081
-5.1132
-5.11754
-5.12338
-5.13007
-5.13404
-5.13005
-5.11794
-5.09722
-5.07037
-5.04045
-5.01016
-4.98304
-4.95658
-4.93425
-4.91585
-4.90037
-4.89167
-4.89356
-4.90629
-4.93215
-4.9667
-5.00776
-5.04786
-5.08361
-5.10885
-5.12426
-5.13078
-5.12874
-5.12053
-5.11156
-5.10945
-5.11517
-5.13277
-5.15702
-5.18334
-5.20394
-5.21659
-5.2182
-5.20903
-5.19018
-5.1638
-5.13024
-5.09168
-5.04631
-4.99714
-4.9454
-4.89638
-4.86709
-4.87308
-4.90769
-4.95154
-4.98701
-5.01277
-5.02921
-5.03854
-5.04173
-5.0408
-5.03571
-5.02555
-5.01484
-5.00438
-5.00008
-5.00046
-5.00676
-5.01484
-5.02177
-5.02274
-5.01689
-5.00592
-4.99063
-4.97521
-4.95936
-4.94421
-4.93401
-4.92656
-4.92162
-4.92022
-4.92336
-4.93065
-4.94192
-4.95202
-4.95814
-4.95978
-4.95346
-4.94367
-4.93496
-4.93263
-4.94126
-4.95881
-4.97984
-5.00077
-5.01633
-5.02674
-5.03266
-5.03565
-5.03682
-5.03398
-5.02961
-5.02448
-5.01994
-5.01805
-5.01633
-5.01325
-5.00555
-4.99278
-4.97563
-4.95927
-4.94778
-4.93968
-4.93448
-4.93469
-4.94024
-4.95404
-4.97281
-4.99467
-5.01854
-5.03787
-5.0525
-5.06049
-5.0615
-5.05512
-5.04498
-5.03103
-5.0171
-5.00828
-5.00544
-5.01125
-5.02637
-5.0459
-5.06811
-5.08726
-5.10271
-5.11086
-5.11295
-5.10734
-5.09626
-5.08279
-5.0668
-5.04995
-5.03087
-5.01092
-4.99008
-4.9691
-4.95097
-4.93726
-4.92796
-4.92516
-4.92562
-4.92762
-4.93029
-4.92945
-4.92481
-4.91662
-4.90749
-4.9005
-4.89756
-4.90106
-4.91134
-4.9266
-4.94742
-4.97243
-5.00005
-5.02807
-5.0522
-5.06857
-5.0732
-5.06555
-5.04837
-5.02514
-4.99724
-4.96727
-4.93906
-4.91228
-4.89095
-4.87523
-4.8642
-4.86015
-4.86273
-4.86845
-4.8775
-4.88723
-4.89498
-4.90215
-4.91109
-4.92427
-4.94449
-4.97051
-5.0001
-5.02749
-5.04917
-5.06057
-5.06244
-5.0597
-5.05379
-5.04789
-5.04297
-5.036
-5.02351
-5.0096
-4.99546
-4.98409
-4.9785
-4.97835
-4.98288
-4.99141
-5.00205
-5.01052
-5.01795
-5.02195
-5.02481
-5.02879
-5.03691
-5.04622
-5.05821
-5.0721
-5.08426
-5.09392
-5.09941
-5.10434
-5.1084
-5.1159
-5.12086
-5.12437
-5.12778
-5.12917
-5.13131
-5.13457
-5.13937
-5.14502
-5.14461
-5.13785
-5.12078
-5.09548
-5.06243
-5.02689
-4.99446
-4.97144
-4.96066
-4.96298
-4.9782
-5.00223
-5.03049
-5.05935
-5.08385
-5.10094
-5.11086
-5.11543
-5.11449
-5.11099
-5.10585
-5.1014
-5.09472
-5.08438
-5.07147
-5.0574
-5.04269
-5.02625
-5.00586
-4.98503
-4.9634
-4.94157
-4.92486
-4.91803
-4.92318
-4.93919
-4.96524
-4.99996
-5.03989
-5.08073
-5.12044
-5.15422
-5.17971
-5.19335
-5.19386
-5.17853
-5.1494
-5.10986
-5.06486
-5.02117
-4.9853
-4.95937
-4.9454
-4.94074
-4.94332
-4.94956
-4.95449
-4.95549
-4.95265
-4.94448
-4.93463
-4.92513
-4.91893
-4.916
-4.91819
-4.92645
-4.94179
-4.95969
-4.98197
-5.00481
-5.02655
-5.04649
-5.06448
-5.07798
-5.09048
-5.09833
-5.10191
-5.10185
-5.09684
-5.08802
-5.07635
-5.0641
-5.05367
-5.04902
-5.04765
-5.04667
-5.04226
-5.03329
-5.02306
-5.016
-5.01705
-5.02373
-5.03282
-5.04021
-5.04331
-5.03917
-5.03051
-5.0199
-5.01216
-5.01199
-5.02132
-5.0365
-5.0521
-5.05999
-5.05892
-5.05141
-5.04007
-5.03137
-5.02787
-5.03353
-5.04566
-5.05992
-5.07429
-5.08762
-5.0991
-5.10694
-5.11023
-5.10916
-5.10306
-5.09164
-5.07752
-5.06148
-5.04539
-5.02956
-5.01382
-4.99983
-4.98753
-4.97663
-4.96477
-4.95357
-4.94502
-4.94381
-4.95263
-4.97127
-4.99596
-5.02542
-5.05543
-5.08276
-5.10522
-5.12129
-5.13068
-5.13156
-5.12247
-5.10709
-5.08819
-5.06936
-5.05342
-5.04247
-5.03415
-5.02532
-5.0158
-5.00902
-5.00707
-5.01521
-5.03415
-5.05835
-5.08604
-5.11074
-5.12523
-5.12709
-5.11416
-5.08902
-5.05159
-5.0069
-4.96068
-4.91723
-4.88117
-4.85307
-4.83822
-4.83467
-4.83785
-4.84572
-4.85515
-4.86618
-4.87995
-4.89636
-4.91235
-4.92908
-4.93871
-4.94326
-4.94114
-4.93457
-4.92652
-4.91975
-4.91729
-4.9215
-4.93284
-4.947
-4.96125
-4.97224
-4.98021
-4.98495
-4.98726
-4.98646
-4.98236
-4.97644
-4.96864
-4.95783
-4.94748
-4.93546
-4.92302
-4.91162
-4.9009
-4.89226
-4.88989
-4.89305
-4.90493
-4.92161
-4.9413
-4.96044
-4.97346
-4.97915
-4.97628
-4.96515
-4.94659
-4.92551
-4.90922
-4.89798
-4.89308
-4.89502
-4.90111
-4.90862
-4.91505
-4.91848
-4.92017
-4.9205
-4.91936
-4.92042
-4.92134
-4.92497
-4.92916
-4.93573
-4.94486
-4.95858
-4.97466
-4.99199
-5.00764
-5.02301
-5.03707
-5.05024
-5.06214
-5.07104
-5.07692
-5.07781
-5.07252
-5.06262
-5.0498
-5.03359
-5.01828
-5.00824
-5.00402
-5.00899
-5.01759
-5.02815
-5.03631
-5.0427
-5.04764
-5.0519
-5.05824
-5.06562
-5.0732
-5.07941
-5.0821
-5.08119
-5.07555
-5.06677
-5.05655
-5.04269
-5.02547
-5.00557
-4.98375
-4.96271
-4.9437
-4.92724
-4.9146
-4.90351
-4.8947
-4.8862
-4.88019
-4.87892
-4.882
-4.8921
-4.90827
-4.92646
-4.94688
-4.96956
-4.99176
-5.01049
-5.0261
-5.03835
-5.04406
-5.04662
-5.04748
-5.048
-5.04875
-5.05096
-5.0535
-5.0551
-5.05617
-5.05934
-5.06405
-5.06608
-5.06795
-5.06619
-5.06382
-5.05709
-5.04734
-5.03546
-5.02533
-5.01781
-5.01451
-5.01613
-5.01906
-5.02383
-5.02639
-5.02528
-5.01959
-5.00788
-4.98993
-4.96373
-4.92968
-4.89202
-4.85252
-4.81905
-4.79849
-4.79553
-4.80681
-4.83172
-4.86222
-4.89257
-4.91808
-4.93663
-4.95143
-4.96337
-4.97572
-4.99231
-5.01282
-5.03715
-5.0605
-5.07975
-5.0943
-5.10037
-5.09968
-5.09275
-5.07786
-5.05876
-5.03785
-5.01921
-5.00332
-4.99075
