1.11157
1.12523
1.13759
1.14679
1.15242
1.15524
1.15648
1.15731
1.1588
1.16194
1.16735
1.1748
1.18318
1.19085
1.19634
1.19878
1.19811
1.19506
1.1907
1.18617
1.18229
1.17941
1.17754
1.17656
1.17638
1.17721
1.17935
1.18296
1.18766
1.19256
1.19651
1.1986
1.19833
1.19546
1.18969
1.18054
1.16771
1.15176
1.13479
1.12022
1.11169
1.11131
1.11855
1.13039
1.14285
1.15286
1.16004
1.16718
1.17765
1.19112
1.20269
1.20666
1.20007
1.18307
1.15795
1.12801
1.09677
1.06728
1.04173
1.02137
1.00672
0.997752
0.994236
0.996184
1.00425
1.01951
1.04237
1.07138
1.10309
1.13318
1.15811
1.17595
1.18636
1.19023
1.1891
1.18474
1.17862
1.17162
1.16398
1.15555
1.14626
1.13627
1.12594
1.11554
1.10524
1.09525
1.08596
1.07804
1.0723
1.06946
1.07003
1.07415
1.08152
1.09138
1.10254
1.11359
1.12297
1.1293
1.1315
1.12904
1.12222
1.11237
1.10162
1.09244
1.08687
1.08607
1.08993
1.09687
1.10416
1.10889
1.10945
1.10673
1.10396
1.1047
1.11003
1.11774
1.12395
1.12515
1.11936
1.10653
1.08849
1.06849
1.05022
1.03647
1.02817
1.02455
1.02396
1.02501
1.0274
1.03223
1.04128
1.05525
1.07266
1.09058
1.10626
1.11799
1.12497
1.12686
1.12369
1.11604
1.10531
1.0937
1.08363
1.077
1.07461
1.07619
1.08105
1.08868
1.09888
1.11112
1.12411
1.13605
1.14552
1.1522
1.15685
1.16065
1.16426
1.16775
1.17093
1.1737
1.17583
1.17688
1.17619
1.17302
1.16659
1.15624
1.14177
1.12376
1.10352
1.08275
1.06379
1.04985
1.0443
1.04847
1.06012
1.07454
1.08688
1.09406
1.09541
1.09227
1.08695
1.08155
1.07711
1.07359
1.07038
1.06701
1.06343
1.06012
1.05779
1.05701
1.05787
1.05991
1.06249
1.06523
1.06811
1.07092
1.07298
1.07369
1.0734
1.07323
1.07408
1.07588
1.07781
1.07897
1.07894
1.07791
1.07653
1.07558
1.07561
1.07666
1.07809
1.07889
1.0781
1.07549
1.07203
1.06979
1.07089
1.07609
1.08418
1.09271
1.0992
1.10176
1.09918
1.09099
1.07745
1.05957
1.03909
1.01856
1.00127
0.990333
0.986992
0.989705
0.995708
1.00315
1.01149
1.02049
1.0295
1.03765
1.04443
1.04989
1.05439
1.05817
1.06129
1.0638
1.06612
1.06907
1.0735
1.07979
1.08791
1.09765
1.10878
1.12079
1.13263
1.14269
1.14924
1.15106
1.14819
1.14236
1.13644
1.13302
1.13287
1.13492
1.13745
1.13913
1.13912
1.13676
1.1314
1.12272
1.11107
1.09783
1.0853
1.07614
1.07223
1.07384
1.07956
1.08716
1.09483
1.10197
1.10905
1.11708
1.12688
1.13871
1.15203
1.16556
1.17759
1.18648
1.19113
1.19125
1.18714
1.17939
1.16873
1.15604
1.14247
1.12913
1.11676
1.1055
1.09502
1.08472
1.07401
1.06248
1.0503
1.03855
1.02933
1.02523
1.02853
1.04025
1.05974
1.08488
1.11261
1.13956
1.16266
1.17948
1.18854
1.18956
1.18339
1.17184
1.15732
1.14238
1.12928
1.11955
1.11371
1.11121
1.11064
1.11015
1.10793
1.10262
1.09353
1.08068
1.06474
1.04689
1.02874
1.01217
0.999051
0.990971
0.989107
0.993922
1.0049
1.02051
1.0386
1.05687
1.07319
1.08584
1.09352
1.09559
1.09227
1.08472
1.075
1.06574
1.05942
1.05761
1.06035
1.06634
1.07366
1.08067
1.08657
1.09136
1.09561
1.10003
1.10519
1.11129
1.11789
1.12385
1.12754
1.12724
1.12172
1.11072
1.09489
1.07551
1.05427
1.03377
1.01838
1.01355
1.02225
1.04191
1.06642
1.09052
1.11163
1.12895
1.14205
1.15026
1.15287
1.15006
1.14351
1.13637
1.1319
1.13164
1.13448
1.13736
1.13702
1.13158
1.12107
1.10731
1.09332
1.0824
1.07716
1.07873
1.08661
1.09895
1.11309
1.12597
1.13472
1.13735
1.13362
1.12517
1.11465
1.10426
1.09497
1.08673
1.07924
1.07273
1.06823
1.0671
1.07043
1.07844
1.09046
1.10514
1.12073
1.13541
1.14766
1.15659
1.16237
1.16618
1.16967
1.17377
1.17772
1.17946
1.1768
1.16853
1.15482
1.13702
1.11717
1.09728
1.0787
1.06187
1.04677
1.0337
1.02358
1.01809
1.01905
1.02784
1.04467
1.06811
1.09508
1.12181
1.14493
1.16226
1.17284
1.17678
1.17512
1.16985
1.16408
1.16176
1.16618
1.17801
1.19468
1.21193
1.22586
1.23399
1.23516
1.22925
1.21678
1.19869
1.17602
1.14971
1.12026
1.08779
1.05289
1.02002
1.00019
1.00368
1.02685
1.05567
1.07992
1.097
1.10796
1.11428
1.11681
1.11589
1.11189
1.10562
1.09848
1.09231
1.08895
1.08951
1.0937
1.09949
1.1039
1.10456
1.10075
1.09334
1.08375
1.07337
1.06331
1.05442
1.04722
1.04195
1.03876
1.03792
1.03981
1.04447
1.05108
1.05781
1.06239
1.06308
1.05957
1.05335
1.04755
1.046
1.05125
1.06264
1.07676
1.09001
1.10048
1.10793
1.11278
1.11538
1.11586
1.11436
1.11135
1.10773
1.10471
1.10304
1.10229
1.10064
1.09591
1.0872
1.07597
1.06506
1.0565
1.05049
1.04672
1.04586
1.04936
1.05805
1.07117
1.08665
1.10206
1.11534
1.1251
1.13053
1.1314
1.12796
1.12099
1.1119
1.10281
1.09633
1.09474
1.09912
1.10889
1.12221
1.13661
1.14968
1.15948
1.16481
1.1654
1.16176
1.15488
1.1458
1.13524
1.12361
1.11109
1.09778
1.08399
1.07041
1.05812
1.04838
1.04218
1.03981
1.04052
1.04265
1.04423
1.04367
1.04038
1.03492
1.02883
1.02407
1.02232
1.02444
1.0306
1.04056
1.05404
1.07062
1.08933
1.10821
1.1244
1.1351
1.13849
1.1342
1.12315
1.10716
1.08836
1.06869
1.04958
1.03212
1.0173
1.00602
0.998965
0.996366
0.997785
1.0022
1.00823
1.01452
1.02019
1.02537
1.03133
1.04012
1.0533
1.07074
1.09027
1.10852
1.12237
1.13007
1.13182
1.1296
1.12597
1.12243
1.11875
1.1136
1.10608
1.09661
1.08697
1.0795
1.07577
1.07607
1.0796
1.08508
1.09116
1.09661
1.10065
1.10332
1.10543
1.10819
1.11269
1.11941
1.1279
1.13696
1.14506
1.15121
1.15547
1.15886
1.16237
1.16626
1.16997
1.17281
1.17448
1.17531
1.17634
1.17861
1.18211
1.18527
1.1856
1.18089
1.16991
1.15274
1.13092
1.10732
1.08571
1.06976
1.06217
1.06392
1.07416
1.09048
1.10962
1.12836
1.14418
1.15568
1.16249
1.16514
1.16471
1.16258
1.15976
1.15639
1.15184
1.14534
1.13674
1.12655
1.11554
1.10397
1.09149
1.0776
1.06268
1.04843
1.03759
1.03294
1.03617
1.04745
1.06562
1.08886
1.11518
1.14251
1.16868
1.1914
1.20839
1.21758
1.21742
1.2073
1.18798
1.16172
1.13213
1.10341
1.07929
1.06211
1.0525
1.04959
1.05151
1.05567
1.05925
1.06012
1.05752
1.05218
1.04561
1.03938
1.03464
1.03239
1.03365
1.03926
1.04918
1.06232
1.07707
1.092
1.10619
1.11918
1.13066
1.14038
1.148
1.15323
1.15582
1.15558
1.15244
1.14656
1.13868
1.13041
1.12396
1.12076
1.12005
1.1192
1.11585
1.10977
1.10305
1.09876
1.09895
1.1034
1.10976
1.11488
1.11635
1.11339
1.10701
1.09964
1.09448
1.09447
1.10059
1.1107
1.12049
1.12606
1.12585
1.12095
1.1142
1.1089
1.10758
1.11114
1.11883
1.12884
1.13922
1.14851
1.15586
1.16078
1.16298
1.16216
1.1582
1.15129
1.14208
1.13148
1.12046
1.1097
1.09961
1.09038
1.08198
1.07411
1.06641
1.05915
1.05385
1.05304
1.05872
1.07095
1.08791
1.10715
1.12655
1.14446
1.15954
1.17055
1.17641
1.17639
1.17053
1.15998
1.14708
1.13463
1.1246
1.11721
1.11115
1.10506
1.09882
1.094
1.0932
1.09873
1.11106
1.1283
1.14685
1.16271
1.17247
1.17381
1.1657
1.14854
1.12408
1.095
1.06429
1.03502
1.01028
0.99265
0.983154
0.980788
0.98321
0.988151
0.994439
1.00199
1.01117
1.02191
1.03328
1.04362
1.05115
1.05458
1.05368
1.0494
1.04373
1.03922
1.03808
1.04139
1.04865
1.05809
1.06759
1.07542
1.08073
1.08359
1.08453
1.08389
1.08156
1.07731
1.07131
1.0642
1.05669
1.04909
1.0413
1.03339
1.02605
1.02059
1.01861
1.02122
1.02853
1.03945
1.05197
1.06372
1.0725
1.07649
1.07458
1.06676
1.05449
1.04064
1.02857
1.02077
1.01801
1.01951
1.02366
1.02867
1.03296
1.03554
1.03637
1.03619
1.03603
1.03654
1.03786
1.03988
1.04267
1.04675
1.05294
1.06168
1.0724
1.08385
1.09489
1.10504
1.11441
1.12319
1.13112
1.13746
1.14117
1.14147
1.13804
1.13124
1.12199
1.11169
1.10219
1.0956
1.09359
1.0964
1.10243
1.10917
1.11471
1.11857
1.12146
1.1245
1.12852
1.13355
1.1388
1.14304
1.14504
1.14412
1.14047
1.13472
1.1274
1.11846
1.10758
1.09482
1.08088
1.06695
1.05418
1.0433
1.03448
1.02728
1.02111
1.01575
1.01174
1.01019
1.01224
1.01837
1.02824
1.04087
1.05509
1.06981
1.084
1.09669
1.1069
1.11396
1.11786
1.11937
1.11974
1.12019
1.12129
1.12286
1.12436
1.12553
1.12674
1.12855
1.13099
1.13335
1.13469
1.13433
1.13194
1.12756
1.12146
1.11435
1.10749
1.10248
1.10048
1.10146
1.10422
1.10709
1.1087
1.10806
1.10437
1.09676
1.08439
1.06673
1.04412
1.01821
0.992083
0.969876
0.955871
0.952987
0.96131
0.977915
0.998247
1.01807
1.03478
1.04765
1.05742
1.06568
1.07442
1.08538
1.09915
1.11477
1.13013
1.14306
1.15206
1.15641
1.15595
1.15083
1.1415
1.12907
1.11543
1.10271
1.09221
1.08393
