1.31022
1.51586
1.88917
2.36802
2.93118
3.55651
4.21195
4.8531
5.43715
5.92875
6.29604
6.52276
6.61116
6.57385
6.43688
6.23706
6.00686
5.77386
5.56602
5.39512
5.27284
5.19938
5.17646
5.19793
5.25156
5.32245
5.4004
5.47031
5.52855
5.55679
5.54896
5.49338
5.39699
5.25741
5.08507
4.88657
4.68023
4.48292
4.29951
4.14549
4.03523
3.97226
3.94897
3.96958
4.02161
4.10857
4.20888
4.32489
4.44021
4.54967
4.651
4.73414
4.80685
4.85743
4.89846
4.92883
4.94357
4.94715
4.94048
4.91437
4.88239
4.83173
4.77559
4.71618
4.65761
4.60356
4.55733
4.52634
4.50119
4.48969
4.48851
4.49489
4.5081
4.53313
4.56012
4.58625
4.61349
4.64172
4.66881
4.69118
4.71318
4.7275
4.73465
4.73416
4.72745
4.71431
4.69945
4.68633
4.67718
4.67642
4.69453
4.73227
4.78334
4.84847
4.92175
4.98846
5.05501
5.1071
5.13983
5.15413
5.17357
5.25893
5.41128
5.62174
5.88143
6.18735
6.52059
6.86431
7.20069
7.50411
7.75566
7.94014
8.03691
8.04352
7.95792
7.79983
7.58387
7.3338
7.07216
6.826
6.59309
6.39334
6.22457
6.09069
5.99534
5.93763
5.92412
5.94632
6.00094
6.07306
6.15744
6.2418
6.3125
6.36447
6.40158
6.41576
6.41375
6.3839
6.34788
6.31215
6.28935
6.28844
6.31725
6.35912
6.41984
6.48663
6.56375
6.64642
6.72301
6.7979
6.86833
6.93201
6.9813
7.01595
7.03026
7.01511
6.95802
6.87058
6.75616
6.62861
6.51413
6.42099
6.35805
6.34151
6.36489
6.41854
6.48791
6.56299
6.63136
6.68285
6.72297
6.7432
6.7469
6.73058
6.70213
6.65415
6.58376
6.50021
6.40653
6.31238
6.21635
6.13063
6.05561
6.01098
5.98573
5.98043
5.99906
6.04269
6.11642
6.21026
6.32412
6.44389
6.55975
6.65235
6.72597
6.76591
6.76915
6.75325
6.72264
6.69705
6.67999
6.71427
6.79816
6.91251
7.03332
7.14196
7.21356
7.25191
7.25054
7.21585
7.16987
7.12504
7.10357
7.1091
7.15274
7.22283
7.32966
7.44511
7.57536
7.69169
7.78692
7.84242
7.86001
7.82174
7.73391
7.59759
7.43716
7.27088
7.1159
6.99246
6.91579
6.89118
6.92111
7.00564
7.134
7.29114
7.45698
7.60201
7.71824
7.78367
7.80248
7.77812
7.73049
7.68099
7.63088
7.5921
7.56761
7.54792
7.53596
7.52909
7.52582
7.52129
7.51126
7.48872
7.44171
7.37568
7.29965
7.2209
7.1475
7.08875
7.03955
7.00286
6.97804
6.95227
6.92011
6.87924
6.82839
6.7709
6.71448
6.66412
6.62601
6.59805
6.58861
6.59212
6.61085
6.65055
6.70778
6.80122
6.91549
7.04223
7.17927
7.30994
7.42282
7.50908
7.55654
7.56432
7.53837
7.48175
7.41726
7.36251
7.32901
7.31464
7.32406
7.35528
7.39323
7.43762
7.47649
7.5078
7.52275
7.51494
7.47831
7.42559
7.37435
7.32783
7.30321
7.30403
7.33285
7.39193
7.47787
7.58024
7.7018
7.82856
7.94091
8.03673
8.10844
8.15907
8.20035
8.2333
8.26723
8.30269
8.32514
8.32985
8.30677
8.24618
8.14872
8.00911
7.85566
7.68496
7.51107
7.34573
7.18353
7.03803
6.92827
6.85318
6.81208
6.80685
6.847
6.92373
7.02793
7.14928
7.27634
7.40729
7.54039
7.66773
7.77513
7.86563
7.93215
7.96672
7.97167
7.94751
7.90496
7.83733
7.75542
7.67885
7.61245
7.58163
7.59754
7.65746
7.75291
7.86171
7.9599
8.02488
8.05672
8.0521
8.02469
7.97512
7.91607
7.85284
7.77204
7.68219
7.5802
7.47183
7.3504
7.22772
7.10689
7.00929
6.94027
6.91134
6.91631
6.96033
7.03642
7.1361
7.26278
7.4172
7.57636
7.73032
7.85634
7.94582
7.97745
7.96844
7.92916
7.871
7.81392
7.77054
7.76526
7.78246
7.82007
7.86525
7.89911
7.90869
7.87278
7.80934
7.72092
7.61542
7.50617
7.40119
7.3088
7.2428
7.20355
7.18845
7.18525
7.18283
7.18009
7.17035
7.15281
7.13649
7.12783
7.1386
7.18137
7.2542
7.34646
7.46564
7.59749
7.74189
7.87899
8.00353
8.11683
8.20127
8.26887
8.32736
8.38678
8.45907
8.54441
8.63885
8.73777
8.83168
8.91053
8.96027
8.97309
8.95092
8.89474
8.81253
8.71148
8.59499
8.47048
8.33634
8.1937
8.05167
7.9049
7.76331
7.63063
7.52082
7.44468
7.3998
7.39326
7.42904
7.50006
7.59416
7.70737
7.81568
7.8985
7.94032
7.92197
7.86139
7.7679
7.68066
7.61602
7.60401
7.6462
7.74557
7.88195
8.04257
8.18619
8.30137
8.36064
8.36593
8.31142
8.21552
8.08976
7.9551
7.82525
7.70541
7.60888
7.52079
7.45496
7.39962
7.37255
7.37738
7.41353
7.48154
7.5774
7.68663
7.79626
7.89314
7.973
8.03321
8.06181
8.06782
8.04734
8.0042
7.9276
7.83412
7.74716
7.66816
7.6059
7.56963
7.56687
7.60709
7.68516
7.80029
7.94751
8.1094
8.26696
8.39716
8.48855
8.53267
8.53588
8.51103
8.46203
8.39087
8.30244
8.20574
8.10573
8.01678
7.94605
7.88316
7.83875
7.80114
7.7613
7.72381
7.67981
7.63252
7.57364
7.5265
7.48249
7.45971
7.46651
7.5042
7.57305
7.6555
7.73764
7.81353
7.87682
7.92248
7.94235
7.93534
7.89681
7.83762
7.77187
7.70504
7.64109
7.5977
7.56657
7.53682
7.51731
7.50255
7.49784
7.51733
7.56071
7.63334
7.73375
7.85562
7.98265
8.10344
8.19348
8.23625
8.2219
8.14896
8.04889
7.94098
7.8514
7.78944
7.7598
7.77433
7.82348
7.91011
8.02768
8.1643
8.29855
8.42219
8.51707
8.57595
8.59555
8.56737
8.49833
8.39091
8.25888
8.10279
7.94337
7.78299
7.61939
7.46155
7.32398
7.20853
7.13565
7.11193
7.13569
7.19534
7.28208
7.3789
