1.2
1.20001
1.20002
1.20003
1.20005
1.20007
1.2001
1.20013
1.20017
1.20021
1.20025
1.2003
1.20035
1.20041
1.20047
1.20054
1.20061
1.20068
1.20076
1.20085
1.20094
1.20103
1.20113
1.20123
1.20134
1.20146
1.20158
1.20171
1.20184
1.20198
1.20212
1.20227
1.20243
1.20259
1.20276
1.20293
1.20311
1.2033
1.2035
1.2037
1.20391
1.20413
1.20435
1.20458
1.20483
1.20508
1.20534
1.20561
1.20589
1.20617
1.20647
1.20678
1.20711
1.20744
1.20778
1.20814
1.20851
1.2089
1.2093
1.20971
1.21014
1.21059
1.21105
1.21153
1.21203
1.21255
1.2131
1.21366
1.21424
1.21485
1.21549
1.21615
1.21684
1.21756
1.21832
1.2191
1.21992
1.22078
1.22168
1.22262
1.2236
1.22463
1.22571
1.22684
1.22802
1.22926
1.23057
1.23194
1.23337
1.23487
1.23645
1.2381
1.23982
1.24163
1.24351
1.24546
1.24748
1.24956
1.2517
1.25386
1.25604
1.25819
1.26026
1.26221
1.26395
1.26538
1.2664
1.26687
1.26666
1.26568
1.26387
1.26129
1.25815
1.25485
1.25196
1.25007
1.24968
1.25102
1.25401
1.25828
1.26329
1.26842
1.2731
1.2769
1.2796
1.28125
1.2822
1.28305
1.28449
1.28708
1.29107
1.29624
1.30205
1.30779
1.31284
1.31677
1.31935
1.32058
1.32062
1.31974
1.31825
1.31648
1.31469
1.31304
1.31158
1.31029
1.30909
1.30793
1.30672
1.30541
1.30392
1.30233
1.30084
1.29985
1.2998
1.30108
1.30383
1.30795
1.31312
1.3189
1.32485
1.33052
1.33555
1.33968
1.34274
1.34466
1.34552
1.34546
1.34472
1.34358
1.34235
1.34133
1.34078
1.34088
1.34168
1.34315
1.34515
1.34749
1.34996
1.35236
1.35452
1.35634
1.35778
1.35885
1.35964
1.36022
1.36071
1.36115
1.36158
1.36201
1.36241
1.36278
1.36313
1.36347
1.36385
1.3643
1.36483
1.36543
1.36608
1.36674
1.36738
1.36799
1.36858
1.36918
1.36983
1.37058
1.37146
1.3725
1.37372
1.3751
1.3766
1.37819
1.3798
1.38137
1.38283
1.3841
1.38514
1.38588
1.38628
1.38631
1.38595
1.38523
1.38419
1.38293
1.38158
1.38026
1.3791
1.37815
1.37738
1.37668
1.37587
1.37475
1.37316
1.37102
1.3684
1.3655
1.36273
1.36063
1.35978
1.36063
1.36331
1.36759
1.37293
1.37861
1.38389
1.38815
1.3909
1.39176
1.39056
1.38735
1.38255
1.37712
1.37244
1.36991
1.37041
1.37381
1.37913
1.38505
1.3904
1.39429
1.3962
1.39581
1.39302
1.38788
1.38064
1.37187
1.36248
1.35369
1.34688
1.34324
1.34343
1.34733
1.35409
1.36248
1.37119
1.37921
1.38594
1.39113
1.39481
1.39721
1.39861
1.39933
1.39962
1.39971
1.39976
1.39984
1.39999
1.40022
1.40051
1.40083
1.40118
1.40155
1.40191
1.40229
1.40267
1.40307
1.40345
1.40381
1.4041
1.40427
1.40424
1.40388
1.40306
1.40161
1.39937
1.39618
1.39202
1.38699
1.38151
1.37626
1.37206
1.3696
1.36917
1.37046
1.37284
1.37556
1.37806
1.38002
1.38135
1.38212
1.38248
1.38261
1.38267
1.38279
1.38304
1.38342
1.38388
1.38436
1.38474
1.38495
1.38496
1.38477
1.38446
1.38414
1.3839
1.38385
1.38402
1.38438
1.38484
1.3853
1.38565
1.38581
1.38574
1.38544
1.38495
1.38434
1.38371
1.38312
1.38264
1.38231
1.38216
1.38215
1.38227
1.38248
1.38275
1.38305
1.38338
1.38374
1.38413
1.38457
1.38504
1.38555
1.38606
1.38653
1.3869
1.38707
1.38695
1.38642
1.38534
1.38357
1.38096
1.37741
1.37284
1.36734
1.36115
1.35477
1.34894
1.34455
1.34242
1.34306
1.34647
1.35215
1.35926
1.36689
1.37428
1.38088
1.38641
1.39072
1.39381
1.39571
1.39644
1.39605
1.39455
1.392
1.38852
1.38432
1.37976
1.37528
1.37132
1.36822
1.36609
1.36481
1.36417
1.36395
1.364
1.3643
1.36489
1.3658
1.36699
1.3684
1.3699
1.37138
1.37275
1.37397
1.37503
1.37597
1.37681
1.37759
1.37832
1.37902
1.37969
1.38033
1.38092
1.38146
1.38195
1.38238
1.38275
1.38306
1.38333
1.38356
1.38374
1.3839
1.38403
1.38414
1.38422
1.38428
1.3843
1.38428
1.38421
1.38408
1.38386
1.38355
1.38312
1.38256
1.38185
1.38098
1.37995
1.37878
1.3775
1.37616
1.37483
1.3736
1.37256
1.37177
1.37125
1.37101
1.37097
1.37105
1.37115
1.37117
1.37104
1.37071
1.3702
1.36954
1.36881
1.36811
1.36755
1.36723
1.36723
1.36759
1.3683
1.36933
1.37058
1.37194
1.37327
1.37446
1.37544
1.37614
1.37656
1.37672
1.37669
1.37653
1.3763
1.37601
1.37567
1.37523
1.37464
1.37383
1.37278
1.37149
1.37004
1.36852
1.36705
1.36577
1.36479
1.36417
1.36393
1.36402
1.36433
1.36474
1.20045
1.2009
1.2013
1.2017
1.20219
1.20286
1.20378
1.20498
1.20637
1.20786
1.20933
1.21067
1.21182
1.21272
1.21333
1.21363
1.21361
1.21329
1.21274
1.21203
1.21128
1.2106
1.21011
1.20987
1.20992
1.21027
1.21095
1.21199
1.21343
1.21532
1.21763
1.22027
1.22312
1.22598
1.22869
1.23108
1.23304
1.23449
1.23537
1.23565
1.23531
1.23439
1.23291
1.23098
1.22874
1.22636
1.22403
1.22194
1.22023
1.21899
1.21826
1.21806
1.21834
1.21903
1.21997
1.22096
1.22176
1.22212
1.22187
1.22091
1.21926
1.21708
1.21462
1.21221
1.2102
1.20885
1.20833
1.20863
1.20959
1.21095
1.21239
1.21366
1.21457
1.21504
1.2151
1.21489
1.21459
1.2144
1.21448
1.21486
1.21553
1.2164
1.21743
1.21863
1.22004
1.22173
1.2237
1.22589
1.22813
1.23026
1.2321
1.23353
1.23446
1.23486
1.23475
1.23413
1.23303
1.2315
1.22955
1.22723
1.22458
1.22165
1.21855
1.2154
1.21239
1.20975
1.20771
1.20647
1.20616
1.20678
1.20821
1.21023
1.2126
1.21509
1.21751
1.21972
1.22167
1.22333
1.22471
1.22582
1.2267
1.22737
1.22785
1.22817
1.22834
1.22835
1.22821
1.22792
1.22749
1.22695
1.22632
1.22567
1.2251
1.22472
1.22465
1.22499
1.22578
1.22702
1.22862
1.23044
1.23229
1.23395
1.2352
1.23581
1.23559
1.23438
1.23208
1.22872
1.22452
1.2199
1.21541
1.2115
1.20841
1.20609
1.20448
1.20378
1.2045
1.2071
1.21154
1.2171
1.22264
1.22703
1.22944
1.22936
1.22668
1.22176
1.21566
1.21015
1.20723
1.20818
1.21283
1.21976
1.22726
1.23409
1.23966
1.24384
1.24674
1.24852
1.24936
1.24939
1.24874
1.24751
1.24582
1.24377
1.24147
1.23906
1.23669
1.23455
1.23282
1.23171
1.23135
1.2318
1.23299
1.23476
1.23688
1.2391
1.24121
1.24306
1.24454
1.24558
1.24613
1.24615
1.24561
1.24446
1.24269
1.24034
1.23749
1.23431
1.23103
1.22787
1.22503
1.22262
1.22071
1.21934
1.21862
1.21871
1.21976
1.22178
1.22461
1.22797
1.23153
1.23498
1.23812
1.24084
1.24307
1.24479
1.24598
1.24662
1.24672
1.24629
1.24542
1.24423
1.24291
1.24167
1.24073
1.24023
1.2402
1.24058
1.24123
1.24202
1.24285
1.24369
1.24457
1.24554
1.24664
1.24785
1.2491
1.25025
1.25113
1.2516
1.25154
1.25089
1.24972
1.24813
1.24634
1.24457
1.24304
1.24186
1.24107
1.24056
1.24022
1.23989
1.23948
1.23893
1.23828
1.23758
1.23691
1.23637
1.23603
1.23593
1.23613
1.23667
1.23758
1.23888
1.24055
1.24255
1.24476
1.24704
1.24925
1.25124
1.2529
1.25415
1.25497
1.25532
1.25522
1.2547
1.25376
1.25246
1.2508
1.24882
1.24655
1.24404
1.24133
1.2385
1.23566
1.23296
1.23057
1.22871
1.22758
1.22733
1.22804
1.22963
1.23193
1.23467
1.23754
1.24027
1.24265
1.24456
1.24591
1.24672
1.24699
1.24679
1.24617
1.24517
1.24386
1.24228
1.24048
1.23852
1.23646
1.23437
1.23234
1.23046
1.22881
1.22745
1.22642
1.22572
1.22531
1.22513
1.22514
1.22526
1.22545
1.22568
1.22593
1.2262
1.22648
1.22678
1.22709
1.2274
1.22771
1.22801
1.22829
1.22853
1.22873
1.22888
1.22898
1.22905
1.22908
1.2291
1.22912
1.22916
1.22924
1.22939
1.22964
1.23
1.2305
1.23114
1.23195
1.23291
1.23403
1.23528
1.23663
1.23807
1.23953
1.24098
1.24235
1.24358
1.2446
1.2453
1.24558
1.24532
1.24436
1.24253
1.23964
1.2355
1.22997
1.22315
1.21547
1.20792
1.20195
1.19901
1.19973
1.20354
1.20896
1.21437
1.21859
1.22101
1.2215
1.2202
1.21752
1.21408
1.21077
1.20855
1.2082
1.21
1.21368
1.21859
1.22401
1.22944
1.2346
1.23937
1.24367
1.24742
1.25052
1.2529
1.2545
1.2553
1.25533
1.25465
1.25333
1.25147
1.24919
1.24663
1.24398
1.24145
1.23927
1.23763
1.23668
1.23643
1.23681
1.23767
1.23879
1.24
1.24117
1.24221
1.24312
1.2439
1.24462
1.24531
1.24603
1.24679
1.24763
1.24853
1.24951
1.25054
1.25161
1.25271
1.25381
1.2549
1.25594
1.2569
1.25775
1.25844
1.25891
1.25907
1.25881
1.25796
1.25633
1.25363
1.24958
1.24389
1.23646
1.22758
1.21825
1.21027
1.20579
1.20622
1.21132
1.21933
1.22804
1.23585
1.24204
1.24655
1.24963
1.25161
1.25278
1.2533
1.25328
1.25278
1.25184
1.25053
1.2489
1.24704
1.24508
1.24311
1.24126
1.23963
1.2383
1.23731
1.23669
1.23642
1.23647
1.23678
1.23728
1.23792
1.23864
1.2394
1.24016
1.24089
1.24155
1.24215
1.24265
1.24305
1.24335
1.24352
1.24358
1.24351
1.24331
1.24299
1.24254
1.24196
1.19933
1.19849
1.19752
1.19641
1.19514
1.1937
1.19207
1.19025
1.18819
1.18588
1.1833
1.18043
1.17726
1.17379
1.17006
1.16612
1.16207
1.15803
1.15418
1.1507
1.14779
1.14564
1.14437
1.14401
1.14451
1.14567
1.14726
1.14898
1.15058
1.15187
1.15275
1.15324
1.15347
1.15361
1.15386
1.15437
1.1552
1.1563
1.15753
1.15873
1.15974
1.1605
1.16095
1.16115
1.16115
1.16103
1.16086
1.16068
1.16049
1.16026
1.15993
1.15943
1.15866
1.15757
1.15611
1.15423
1.15195
1.14928
1.14629
1.14305
1.13961
1.13603
1.13232
1.1285
1.12462
1.12086
1.11766
1.11565
1.11556
1.11781
1.12222
1.12805
1.13429
1.14004
1.14475
1.1482
1.1504
1.15147
1.15156
1.15082
1.14933
1.14715
1.14436
1.14105
1.1374
1.13366
1.1301
1.12693
1.12427
1.12205
1.12018
1.11856
1.11721
1.11622
1.11581
1.11618
1.1175
1.11983
1.12305
1.12686
1.13079
1.13427
1.13669
1.13745
1.13609
1.13252
1.1273
1.1219
1.11843
1.1187
1.123
1.12994
1.13741
1.14374
1.14812
1.15046
1.15108
1.15046
1.14914
1.14761
1.14634
1.14564
1.14565
1.14633
1.14749
1.14885
1.15017
1.15128
1.15212
1.15274
1.15325
1.15381
1.15455
1.15556
1.15684
1.15834
1.15992
1.16144
1.16275
1.16374
1.16429
1.16435
1.1639
1.16295
1.16159
1.15996
1.15828
1.15678
1.1557
1.15521
1.15537
1.15613
1.15731
1.1587
1.16009
1.16129
1.16223
1.16288
1.16328
1.16354
1.1638
1.16422
1.16497
1.16619
1.16796
1.1703
1.17314
1.17633
1.17968
1.18297
1.18599
1.18855
1.19048
1.19164
1.19193
1.19122
1.18944
1.18654
1.1826
1.17787
1.1728
1.16797
1.16391
1.16087
1.15867
1.15687
1.15496
1.15268
1.1501
1.14761
1.14571
1.14481
1.14507
1.14641
1.14855
1.15118
1.15405
1.15701
1.15999
1.16299
1.16602
1.16911
1.17227
1.17546
1.1786
1.18156
1.18419
1.18635
1.18796
1.18897
1.18938
1.18924
1.18858
1.18745
1.1859
1.18394
1.1816
1.1789
1.17587
1.17255
1.16904
1.16545
1.16196
1.15878
1.15614
1.15422
1.15313
1.15289
1.15341
1.1545
1.15598
1.15763
1.1593
1.16087
1.16229
1.16353
1.16462
1.16558
1.16641
1.16713
1.16773
1.16817
1.16844
1.16848
1.16829
1.16784
1.16714
1.16625
1.16522
1.16416
1.16317
1.16237
1.16185
1.16166
1.16179
1.16217
1.16269
1.16322
1.1636
1.16373
1.16354
1.16299
1.16213
1.16108
1.16003
1.15919
1.15881
1.15907
1.16005
1.16175
1.16405
1.16676
1.16968
1.17262
1.17547
1.17812
1.18054
1.18273
1.18469
1.18647
1.1881
1.18961
1.19103
1.19237
1.19366
1.1949
1.19607
1.19718
1.19819
1.19908
1.1998
1.2003
1.20051
1.20036
1.19976
1.19863
1.19688
1.19446
1.19138
1.18775
1.18378
1.17984
1.17637
1.17389
1.17279
1.17331
1.17546
1.17899
1.1835
1.18853
1.19361
1.19835
1.20245
1.20574
1.20811
1.20955
1.21009
1.20978
1.20871
1.207
1.2048
1.20231
1.19983
1.19771
1.19635
1.19612
1.19725
1.1997
1.20321
1.20729
1.21144
1.21516
1.2181
1.22002
1.22079
1.22035
1.21871
1.21593
1.2121
1.20737
1.20196
1.19639
1.19164
1.18908
1.18987
1.19418
1.20084
1.20805
1.21423
1.21854
1.22082
1.22136
1.22067
1.21933
1.21792
1.21691
1.21666
1.21731
1.21882
1.22097
1.22344
1.2259
1.22804
1.22963
1.23052
1.23067
1.23006
1.22877
1.22686
1.22445
1.22162
1.21849
1.21516
1.21176
1.20845
1.20542
1.20292
1.20118
1.20041
1.20072
1.20208
1.20434
1.20723
1.21047
1.21379
1.21696
1.21983
1.22231
1.22432
1.22583
1.22679
1.22717
1.22693
1.22607
1.2246
1.22256
1.22004
1.21717
1.21413
1.21113
1.2084
1.20613
1.20447
1.2035
1.20321
1.20353
1.20433
1.20547
1.20681
1.20824
1.20969
1.2111
1.21244
1.21369
1.21484
1.2159
1.21686
1.21772
1.21848
1.21914
1.2197
1.22017
1.22055
1.22084
1.22104
1.22115
1.22116
1.22107
1.22087
1.22053
1.22004
1.21938
1.21852
1.21745
1.21613
1.21455
1.21269
1.21057
1.20822
1.20576
1.20339
1.20139
1.20008
1.19975
1.20057
1.20253
1.20538
1.20874
1.21218
1.21529
1.21783
1.21968
1.22087
1.22156
1.22194
1.22227
1.22276
1.22361
1.22492
1.22671
1.22891
1.23138
1.23391
1.23631
1.23838
1.23998
1.24099
1.24137
1.24108
1.24009
1.23833
1.23568
1.23205
1.2274
1.22197
1.21638
1.21165
1.20888
1.20871
1.21096
1.21473
1.21893
1.22275
1.22583
1.22816
1.22993
1.23136
1.23262
1.23379
1.23485
1.23577
1.23646
1.23683
1.23671
1.2359
1.23417
1.23133
1.22733
1.22246
1.21744
1.19635
1.19445
1.19493
1.19737
1.20074
1.204
1.20645
1.20789
1.20844
1.20842
1.20817
1.20793
1.20779
1.20774
1.20765
1.20735
1.2067
1.2056
1.20408
1.20231
1.20058
1.19925
1.19864
1.19889
1.19992
1.20146
1.20318
1.20474
1.20592
1.20658
1.20666
1.20615
1.20505
1.20341
1.20128
1.1988
1.19614
1.19352
1.19121
1.1894
1.18825
1.18775
1.18783
1.18834
1.1891
1.18994
1.19073
1.19138
1.19181
1.19198
1.19186
1.19145
1.19072
1.18969
1.18837
1.18679
1.18499
1.18307
1.18114
1.17933
1.17781
1.17671
1.17611
1.17604
1.17644
1.1772
1.17818
1.17926
1.18031
1.18126
1.18206
1.18268
1.1831
1.18333
1.18335
1.18315
1.18271
1.182
1.181
1.17967
1.17797
1.17589
1.17344
1.17067
1.16764
1.16451
1.16144
1.15863
1.15625
1.15444
1.15325
1.15266
1.1526
1.15293
1.15352
1.15428
1.15512
1.15599
1.15684
1.15767
1.15848
1.1593
1.16019
1.16121
1.16242
1.16387
1.16555
1.16742
1.16939
1.17136
1.17323
1.17494
1.17642
1.17768
1.17871
1.17954
1.18021
1.18074
1.18118
1.18157
1.18194
1.18233
1.18276
1.18326
1.18384
1.18451
1.18526
1.18608
1.18693
1.18777
1.18851
1.18908
1.18936
1.18926
1.18864
1.18737
1.18533
1.1824
1.1785
1.17355
1.1676
1.16081
1.1536
1.14665
1.14092
1.13743
1.13698
1.13981
1.1455
1.15309
1.16141
1.16942
1.17643
1.1821
1.18638
1.18941
1.19143
1.19272
1.19353
1.19411
1.19461
1.19514
1.19574
1.1964
1.19708
1.19772
1.19826
1.19863
1.19882
1.19879
1.19857
1.19817
1.19763
1.19698
1.19628
1.19556
1.19485
1.19416
1.19349
1.1928
1.19207
1.19124
1.19028
1.18914
1.1878
1.18626
1.18452
1.1826
1.18056
1.17849
1.17649
1.17472
1.17336
1.17258
1.17247
1.17303
1.17416
1.17565
1.17723
1.17867
1.17975
1.18033
1.18034
1.17979
1.17871
1.17718
1.1753
1.17321
1.17102
1.16885
1.1668
1.16492
1.16324
1.16175
1.16041
1.15919
1.15807
1.15706
1.15618
1.15544
1.1549
1.15456
1.15444
1.15452
1.15474
1.15507
1.15544
1.15581
1.15614
1.15645
1.15674
1.15703
1.15735
1.15769
1.15802
1.15832
1.15855
1.15867
1.15867
1.15853
1.15827
1.1579
1.15743
1.1569
1.15631
1.15568
1.15501
1.15429
1.15352
1.15267
1.15173
1.15066
1.14945
1.14809
1.14656
1.14488
1.14307
1.14117
1.13924
1.13735
1.13557
1.13397
1.1326
1.13151
1.1307
1.13017
1.12987
1.12976
1.12977
1.12985
1.12995
1.13006
1.13018
1.13031
1.13049
1.13073
1.13108
1.13162
1.13246
1.13368
1.13534
1.1374
1.13972
1.14206
1.1442
1.14595
1.14723
1.14804
1.14849
1.14871
1.14886
1.14903
1.14926
1.14951
1.14969
1.14967
1.14933
1.14861
1.14743
1.14582
1.14382
1.14152
1.13906
1.1366
1.13436
1.13254
1.13134
1.13094
1.13142
1.13277
1.13488
1.13752
1.14044
1.14338
1.14613
1.14854
1.1505
1.15199
1.15299
1.1535
1.15349
1.15293
1.1518
1.15004
1.1477
1.14486
1.14175
1.13868
1.136
1.13399
1.13278
1.13227
1.1322
1.13226
1.13217
1.13175
1.13096
1.12986
1.12868
1.12768
1.12721
1.12754
1.12881
1.13095
1.13371
1.13675
1.13975
1.1425
1.14492
1.14704
1.14894
1.15073
1.15246
1.15415
1.15577
1.15727
1.15858
1.15966
1.16047
1.161
1.16126
1.16128
1.16107
1.16067
1.1601
1.15941
1.15862
1.15778
1.15696
1.15622
1.15567
1.15541
1.15554
1.15611
1.15712
1.15851
1.16014
1.16183
1.16338
1.16462
1.16541
1.16567
1.16542
1.16477
1.16393
1.16321
1.16292
1.16327
1.16435
1.16604
1.16805
1.17006
1.17174
1.17286
1.17329
1.17301
1.17203
1.17044
1.16832
1.16577
1.16284
1.15964
1.15631
1.1531
1.15033
1.14839
1.14749
1.14755
1.14816
1.14874
1.14876
1.14801
1.14661
1.145
1.14379
1.14357
1.14473
1.14734
1.15114
1.15562
1.16026
1.16463
1.16857
1.17207
1.17525
1.1782
1.18098
1.18353
1.18575
1.18749
1.18864
1.18909
1.18876
1.18765
1.1858
1.18333
1.18042
1.17735
1.17447
1.17212
1.17059
1.17002
1.17038
1.17146
1.17295
1.17454
1.17601
1.17718
1.17801
1.17851
1.17874
1.17877
1.17869
1.17855
1.17842
1.17831
1.17825
1.17823
1.17823
1.17824
1.17823
1.17816
1.17801
1.17772
1.17727
1.17659
1.17564
1.17437
1.17275
1.17077
1.16846
1.16595
1.16344
1.1612
1.15956
1.15881
1.15912
1.16045
1.16262
1.16532
1.16823
1.17107
1.17362
1.17577
1.17746
1.17865
1.17934
1.17953
1.17925
1.1785
1.17734
1.17582
1.17404
1.17212
1.1702
1.16843
1.16694
1.16579
1.16499
1.16447
1.19972
1.19949
1.19925
1.19895
1.19864
1.19838
1.19827
1.19842
1.19891
1.19977
1.201
1.20254
1.20426
1.20604
1.20769
1.20904
1.20994
1.21026
1.2099
1.20884
1.20714
1.20494
1.20242
1.19985
1.19744
1.1954
1.19384
1.19285
1.19253
1.19298
1.1943
1.19648
1.1994
1.20275
1.20615
1.20921
1.21161
1.21309
1.2135
1.21272
1.21076
1.20776
1.2041
1.20043
1.1976
1.1964
1.19721
1.19984
1.20359
1.20759
1.21106
1.21353
1.21474
1.21461
1.21317
1.21052
1.20689
1.20266
1.19842
1.19485
1.19258
1.19191
1.19271
1.19447
1.19657
1.19846
1.19982
1.20053
1.20062
1.20015
1.19921
1.19785
1.19611
1.19409
1.19194
1.18991
1.18834
1.18756
1.18778
1.189
1.19099
1.19337
1.19574
1.1978
1.19933
1.2002
1.20038
1.19995
1.19914
1.19838
1.19816
1.1989
1.20073
1.20345
1.20661
1.2097
1.21229
1.21412
1.2151
1.21527
1.21472
1.21364
1.21223
1.21071
1.20928
1.20807
1.20722
1.20682
1.20703
1.20806
1.2101
1.21321
1.21724
1.22186
1.22664
1.2312
1.23525
1.23864
1.24134
1.24337
1.24479
1.24565
1.24602
1.24596
1.24552
1.24481
1.24391
1.24296
1.24208
1.24135
1.24078
1.2403
1.23975
1.23894
1.23771
1.23597
1.23376
1.23123
1.22861
1.22618
1.22419
1.22284
1.22226
1.22253
1.22367
1.22565
1.22841
1.23182
1.23572
1.23989
1.24407
1.24799
1.25134
1.25384
1.25525
1.25548
1.2546
1.25297
1.25116
1.24985
1.24959
1.25056
1.25257
1.2552
1.25809
1.26103
1.26399
1.26698
1.26996
1.27279
1.27528
1.27729
1.2787
1.27951
1.27976
1.27955
1.27901
1.27828
1.27748
1.27673
1.27609
1.27562
1.2753
1.27508
1.2749
1.27463
1.27416
1.27337
1.27215
1.27042
1.26813
1.2653
1.26197
1.25828
1.25441
1.25064
1.24726
1.24456
1.24277
1.242
1.24223
1.24328
1.24491
1.24682
1.24872
1.2504
1.25168
1.25247
1.25279
1.25272
1.25243
1.25217
1.25216
1.25261
1.25362
1.25518
1.2572
1.25952
1.26196
1.26436
1.26659
1.26859
1.27032
1.27177
1.27295
1.27388
1.27455
1.27497
1.27513
1.27502
1.27462
1.2739
1.27285
1.27144
1.26969
1.26761
1.26525
1.26267
1.26
1.25738
1.25498
1.25299
1.25155
1.25074
1.25056
1.25092
1.25164
1.25255
1.25346
1.25424
1.25482
1.25515
1.25525
1.25514
1.25484
1.25433
1.25359
1.25252
1.25099
1.24889
1.24614
1.24278
1.23907
1.23551
1.23274
1.23135
1.23161
1.23331
1.23589
1.23866
1.24106
1.24273
1.24354
1.24348
1.24258
1.24087
1.23837
1.23508
1.23109
1.22665
1.22219
1.21833
1.2157
1.21474
1.21546
1.21741
1.21991
1.22225
1.22394
1.22474
1.22467
1.22392
1.22282
1.22169
1.22086
1.22057
1.22098
1.22216
1.22407
1.22658
1.22949
1.23255
1.23556
1.23832
1.24072
1.24272
1.2443
1.24551
1.24642
1.24708
1.24755
1.24789
1.24813
1.24828
1.24838
1.2484
1.24836
1.24823
1.248
1.24766
1.2472
1.24661
1.24589
1.24504
1.24408
1.24303
1.2419
1.24072
1.23945
1.23805
1.2364
1.23435
1.2317
1.22826
1.22389
1.21858
1.21249
1.20599
1.1996
1.19394
1.18961
1.18713
1.18681
1.18867
1.19234
1.19713
1.20226
1.20699
1.21086
1.21369
1.21555
1.21669
1.21747
1.21823
1.21928
1.22083
1.22297
1.22571
1.22893
1.23247
1.23617
1.23983
1.24331
1.24649
1.24928
1.25162
1.2535
1.2549
1.2558
1.2562
1.2561
1.25546
1.25426
1.2525
1.25016
1.24729
1.24398
1.2404
1.23681
1.23349
1.23074
1.22875
1.22751
1.22682
1.22627
1.22532
1.22342
1.22014
1.21535
1.20934
1.20294
1.19737
1.19382
1.19293
1.19448
1.19762
1.20139
1.20507
1.20841
1.21151
1.21466
1.21812
1.22205
1.22634
1.23073
1.23487
1.23844
1.24124
1.24315
1.24422
1.24452
1.24424
1.24354
1.24265
1.24175
1.241
1.24053
1.24037
1.24053
1.24095
1.24155
1.24223
1.24291
1.2435
1.24394
1.24416
1.24412
1.24376
1.24304
1.24194
1.24043
1.23854
1.23631
1.23385
1.23131
1.22891
1.22689
1.2254
1.22448
1.22396
1.22351
1.2228
1.2216
1.21992
1.21799
1.21615
1.21467
1.2136
1.21274
1.21174
1.21032
1.20842
1.20638
1.20481
1.20434
1.20536
1.20783
1.21141
1.21558
1.21991
1.22413
1.22808
1.23168
1.23481
1.23735
1.23918
1.24025
1.24055
1.24014
1.23915
1.2377
1.23596
1.23407
1.23218
1.23041
1.22887
1.22763
1.22674
1.22618
1.22592
1.22589
1.22599
1.22612
1.22616
1.22602
1.22562
1.22492
1.22395
1.22278
1.22156
1.22046
1.21968
1.21937
1.21957
1.22023
1.22123
1.22235
1.22343
1.22433
1.22495
1.20032
1.2004
1.20026
1.19994
1.19949
1.19891
1.19819
1.19732
1.19627
1.195
1.19353
1.19191
1.19023
1.18865
1.18734
1.18648
1.18622
1.18662
1.18769
1.18933
1.1914
1.19374
1.1962
1.19867
1.20107
1.20333
1.20544
1.20738
1.20912
1.21067
1.21198
1.21302
1.21373
1.214
1.2137
1.21265
1.21064
1.20744
1.2029
1.19706
1.19041
1.18401
1.17935
1.17785
1.18003
1.18524
1.19205
1.19904
1.20527
1.21033
1.21419
1.21698
1.2189
1.22013
1.22082
1.2211
1.22104
1.22073
1.22021
1.21954
1.21875
1.21788
1.21699
1.21611
1.21529
1.21458
1.21401
1.21364
1.21349
1.21358
1.21395
1.21457
1.21545
1.21654
1.21777
1.21906
1.22029
1.22139
1.2223
1.22299
1.2235
1.22385
1.2241
1.22424
1.22426
1.22406
1.22354
1.2226
1.22117
1.21926
1.21695
1.21446
1.21206
1.2101
1.20893
1.20884
1.21002
1.2125
1.21613
1.2206
1.22549
1.23036
1.23482
1.23861
1.24155
1.24354
1.24454
1.24454
1.24353
1.24153
1.23861
1.2349
1.23066
1.22622
1.22203
1.21855
1.21619
1.21522
1.21572
1.21757
1.22054
1.22426
1.22836
1.23249
1.23636
1.23977
1.24263
1.24491
1.24663
1.24786
1.24865
1.24906
1.24916
1.24898
1.24857
1.24794
1.24714
1.24617
1.24506
1.24385
1.24256
1.24125
1.23998
1.23882
1.23784
1.23715
1.23679
1.23684
1.23731
1.23818
1.23939
1.24086
1.24245
1.24402
1.24544
1.24657
1.24731
1.24759
1.24744
1.24691
1.24617
1.24543
1.2449
1.2448
1.24525
1.24626
1.24775
1.24956
1.25151
1.25344
1.25521
1.25672
1.25787
1.25861
1.25891
1.25876
1.25814
1.25704
1.25541
1.25315
1.25012
1.24614
1.24108
1.23489
1.22761
1.2195
1.21098
1.2027
1.19551
1.19032
1.18788
1.18854
1.19212
1.19795
1.20508
1.21255
1.21953
1.22544
1.22995
1.23299
1.23465
1.23514
1.23473
1.23372
1.23235
1.23084
1.22932
1.22786
1.22648
1.22517
1.22392
1.22272
1.22158
1.2205
1.21951
1.2186
1.2178
1.21711
1.21654
1.2161
1.2158
1.21564
1.2156
1.21568
1.21586
1.2161
1.21638
1.21665
1.21691
1.21711
1.21723
1.21726
1.21718
1.21697
1.21662
1.21609
1.21536
1.21441
1.21319
1.21169
1.20991
1.20788
1.20572
1.20363
1.20189
1.20082
1.20068
1.20155
1.20334
1.20574
1.20836
1.21085
1.21291
1.21441
1.21532
1.21571
1.21571
1.21548
1.21516
1.21491
1.21482
1.21495
1.21536
1.21605
1.21705
1.21836
1.21998
1.22186
1.22385
1.22578
1.22741
1.22846
1.22869
1.22789
1.22593
1.22279
1.21862
1.21373
1.20864
1.20398
1.20038
1.19835
1.19803
1.19922
1.20143
1.20405
1.20655
1.2086
1.21008
1.21106
1.21166
1.21202
1.2122
1.2122
1.212
1.21156
1.21091
1.21014
1.2094
1.20891
1.20889
1.2095
1.21086
1.21294
1.21565
1.21881
1.22219
1.22558
1.22879
1.23169
1.23422
1.23632
1.238
1.23928
1.24018
1.24071
1.24089
1.24073
1.24022
1.23936
1.23816
1.23663
1.2348
1.23273
1.2305
1.22821
1.22598
1.22392
1.2221
1.22059
1.21933
1.21826
1.21724
1.21614
1.21484
1.21326
1.21138
1.20922
1.20685
1.20443
1.20215
1.20027
1.19909
1.19881
1.19956
1.20131
1.20388
1.20706
1.21059
1.2142
1.2177
1.22093
1.22375
1.22609
1.22788
1.22909
1.22969
1.22966
1.22905
1.22796
1.22655
1.2251
1.22394
1.22336
1.22358
1.22463
1.22638
1.22856
1.23087
1.23302
1.2348
1.23606
1.23671
1.2367
1.23599
1.23458
1.23245
1.22963
1.22616
1.22211
1.21759
1.21274
1.20773
1.20279
1.19818
1.19417
1.19102
1.18892
1.18788
1.1878
1.18845
1.18956
1.1909
1.19229
1.19363
1.19492
1.19619
1.19751
1.19894
1.20049
1.20216
1.2039
1.20563
1.20731
1.20888
1.21033
1.21164
1.21281
1.21384
1.21475
1.21552
1.21619
1.21674
1.21719
1.21757
1.21787
1.21812
1.21832
1.21851
1.21868
1.21884
1.21901
1.21918
1.21935
1.21951
1.21962
1.21967
1.21961
1.21937
1.21886
1.21798
1.21658
1.21447
1.21145
1.20734
1.20203
1.19565
1.18873
1.18227
1.17758
1.17573
1.17702
1.18076
1.18569
1.19054
1.19448
1.19712
1.19848
1.19887
1.19878
1.19884
1.19967
1.20165
1.20484
1.20889
1.21329
1.21745
1.22094
1.22346
1.22488
1.22517
1.22436
1.22256
1.21991
1.21663
1.21295
1.20909
1.20518
1.20126
1.19732
1.19346
1.18997
1.18739
1.1862
1.18656
1.1881
1.19003
1.19143
1.19162
1.19035
1.18797
1.1853
1.18346
1.18337
1.18535
1.18898
1.19337
1.19764
1.20123
1.20398
1.20608
1.20787
1.2097
1.21179
1.21418
1.21676
1.21929
1.22154
1.2233
1.22445
