-0.0318398
-0.0318487
-0.031864
-0.0318856
-0.0319135
-0.0319477
-0.0319882
-0.032035
-0.0320881
-0.0321476
-0.0322134
-0.0322857
-0.0323643
-0.0324567
-0.0325581
-0.0326616
-0.0327885
-0.0329154
-0.0330543
-0.0332052
-0.0333611
-0.0335267
-0.0336905
-0.033869
-0.0340744
-0.0342737
-0.0344811
-0.0346992
-0.0349233
-0.0351465
-0.0353902
-0.0356358
-0.035881
-0.0361497
-0.0364232
-0.0367065
-0.036988
-0.0372846
-0.0375894
-0.0379075
-0.0382224
-0.0385536
-0.0389015
-0.0392782
-0.0396439
-0.0400251
-0.0404245
-0.0408331
-0.0412634
-0.0416969
-0.0421437
-0.0426161
-0.043103
-0.0436123
-0.0441444
-0.0446909
-0.0452619
-0.0458418
-0.0464527
-0.0470837
-0.0477407
-0.0484103
-0.0491129
-0.0498423
-0.0506048
-0.0513875
-0.0522038
-0.0530504
-0.0539387
-0.054849
-0.0558094
-0.0568078
-0.0578391
-0.0589342
-0.0600744
-0.0612597
-0.0624956
-0.0637824
-0.0651235
-0.0665294
-0.0680059
-0.0695546
-0.0711818
-0.0728773
-0.0746645
-0.0765239
-0.0784815
-0.0805347
-0.082695
-0.0849502
-0.0873183
-0.0897955
-0.0923844
-0.0950859
-0.0979088
-0.10084
-0.103876
-0.107
-0.110208
-0.113464
-0.116726
-0.119946
-0.123066
-0.125996
-0.128599
-0.130753
-0.13228
-0.132982
-0.132672
-0.13121
-0.128491
-0.124615
-0.119912
-0.114972
-0.110629
-0.107796
-0.107211
-0.109222
-0.113711
-0.120125
-0.127637
-0.135333
-0.14235
-0.148054
-0.152102
-0.15458
-0.156006
-0.157278
-0.159427
-0.163317
-0.169299
-0.177059
-0.185772
-0.194393
-0.201971
-0.207855
-0.211719
-0.21356
-0.213615
-0.21228
-0.210049
-0.207398
-0.204715
-0.202239
-0.200063
-0.19813
-0.196338
-0.194598
-0.192787
-0.190815
-0.188594
-0.186206
-0.18398
-0.182482
-0.182413
-0.184326
-0.188444
-0.194624
-0.202381
-0.211055
-0.219973
-0.228476
-0.236029
-0.242224
-0.246812
-0.249705
-0.250992
-0.250911
-0.249796
-0.248077
-0.246243
-0.244711
-0.2439
-0.244044
-0.245251
-0.247452
-0.250463
-0.253967
-0.257672
-0.261269
-0.264511
-0.267247
-0.269406
-0.271031
-0.272209
-0.273092
-0.273817
-0.274484
-0.275136
-0.275776
-0.276386
-0.276933
-0.277441
-0.277962
-0.278527
-0.279199
-0.279988
-0.280893
-0.281861
-0.282843
-0.283803
-0.284726
-0.285617
-0.286508
-0.287478
-0.288602
-0.289928
-0.291493
-0.293321
-0.295393
-0.297664
-0.300042
-0.302458
-0.304807
-0.306988
-0.308908
-0.310463
-0.311576
-0.31218
-0.312213
-0.31167
-0.310583
-0.309026
-0.30714
-0.305114
-0.303153
-0.30141
-0.299987
-0.29883
-0.297779
-0.296559
-0.294881
-0.292493
-0.289292
-0.285351
-0.281001
-0.276844
-0.273698
-0.272428
-0.273686
-0.277705
-0.284138
-0.29215
-0.300675
-0.3086
-0.314984
-0.319098
-0.320409
-0.318609
-0.31379
-0.306599
-0.298447
-0.291406
-0.287622
-0.288373
-0.293472
-0.301452
-0.310342
-0.318358
-0.324203
-0.327069
-0.32649
-0.322308
-0.314587
-0.303735
-0.290591
-0.276499
-0.263316
-0.253098
-0.247651
-0.247945
-0.253783
-0.263934
-0.276504
-0.289574
-0.301606
-0.311708
-0.319479
-0.325014
-0.328614
-0.330722
-0.331794
-0.332233
-0.33237
-0.332426
-0.332556
-0.332783
-0.333128
-0.333571
-0.334064
-0.334586
-0.335121
-0.335676
-0.336235
-0.336809
-0.337393
-0.337962
-0.338504
-0.338945
-0.339199
-0.339139
-0.3386
-0.337372
-0.335209
-0.331847
-0.327079
-0.320831
-0.313299
-0.305088
-0.297203
-0.290894
-0.287223
-0.286561
-0.288517
-0.292082
-0.296166
-0.299905
-0.302844
-0.304849
-0.30601
-0.306545
-0.306725
-0.306817
-0.306998
-0.307357
-0.307932
-0.308637
-0.309341
-0.309912
-0.310238
-0.310243
-0.309969
-0.309501
-0.309005
-0.308672
-0.3086
-0.308851
-0.309383
-0.310075
-0.310763
-0.311275
-0.311524
-0.311406
-0.310959
-0.310222
-0.30932
-0.308358
-0.307472
-0.306759
-0.306274
-0.306038
-0.306025
-0.306203
-0.306518
-0.306926
-0.307382
-0.307876
-0.308415
-0.308995
-0.309644
-0.310361
-0.311122
-0.311899
-0.312595
-0.313135
-0.313395
-0.313224
-0.312433
-0.310809
-0.308144
-0.304241
-0.298912
-0.292072
-0.283814
-0.274529
-0.264956
-0.256206
-0.249621
-0.246424
-0.247382
-0.252513
-0.261037
-0.271706
-0.28316
-0.294246
-0.304154
-0.312434
-0.318917
-0.32355
-0.326393
-0.327489
-0.326889
-0.324647
-0.320829
-0.315609
-0.309317
-0.302477
-0.295753
-0.289814
-0.28516
-0.281943
-0.280035
-0.27908
-0.27873
-0.278814
-0.279272
-0.280169
-0.281529
-0.283326
-0.285435
-0.287685
-0.289898
-0.291954
-0.293782
-0.295384
-0.296784
-0.298047
-0.299202
-0.300307
-0.301355
-0.302358
-0.303314
-0.304205
-0.305025
-0.305766
-0.306408
-0.306964
-0.307446
-0.307835
-0.308175
-0.308448
-0.308676
-0.308873
-0.309029
-0.309161
-0.309244
-0.309281
-0.309251
-0.309146
-0.308943
-0.30862
-0.308153
-0.307507
-0.306671
-0.305602
-0.304292
-0.302754
-0.300993
-0.299083
-0.297069
-0.295079
-0.293241
-0.291669
-0.290487
-0.289722
-0.289355
-0.289301
-0.289421
-0.28957
-0.2896
-0.289396
-0.288912
-0.288141
-0.287163
-0.286082
-0.28503
-0.284196
-0.283712
-0.283703
-0.284247
-0.285325
-0.286866
-0.288745
-0.290772
-0.292775
-0.29457
-0.296035
-0.297081
-0.297704
-0.297961
-0.297919
-0.297675
-0.297318
-0.296889
-0.296371
-0.295727
-0.294834
-0.293623
-0.292053
-0.290122
-0.287941
-0.285654
-0.283453
-0.281525
-0.280054
-0.279127
-0.278761
-0.27889
-0.279361
-0.279966
-0.280654
-0.28133
-0.281946
-0.282536
-0.283259
-0.28427
-0.285657
-0.287448
-0.289533
-0.291759
-0.293968
-0.295982
-0.297707
-0.299058
-0.299973
-0.300423
-0.300393
-0.299926
-0.299086
-0.298006
-0.296878
-0.295872
-0.295129
-0.294765
-0.294837
-0.295359
-0.296376
-0.297927
-0.300108
-0.302938
-0.306399
-0.310366
-0.314634
-0.318927
-0.322979
-0.326571
-0.329514
-0.331692
-0.333017
-0.333431
-0.332927
-0.331526
-0.329311
-0.326422
-0.323048
-0.319475
-0.315974
-0.312841
-0.310283
-0.308423
-0.307337
-0.30703
-0.307456
-0.308481
-0.309893
-0.311372
-0.312573
-0.313125
-0.312748
-0.311311
-0.308845
-0.305571
-0.301891
-0.298281
-0.295248
-0.293231
-0.292452
-0.292903
-0.294346
-0.29638
-0.298547
-0.300442
-0.301805
-0.302504
-0.302612
-0.302288
-0.301841
-0.301564
-0.301676
-0.302256
-0.303257
-0.304569
-0.306112
-0.307903
-0.310018
-0.312543
-0.315505
-0.318777
-0.322144
-0.325338
-0.32809
-0.330229
-0.331632
-0.332232
-0.33206
-0.331136
-0.329491
-0.327186
-0.324265
-0.320776
-0.316789
-0.312409
-0.307744
-0.303034
-0.298521
-0.294556
-0.291492
-0.289638
-0.289173
-0.2901
-0.292236
-0.295267
-0.298825
-0.302559
-0.30618
-0.309508
-0.312439
-0.314928
-0.316988
-0.31865
-0.319968
-0.32097
-0.321705
-0.32218
-0.322435
-0.322462
-0.322264
-0.321828
-0.321187
-0.320359
-0.319408
-0.318439
-0.317587
-0.317009
-0.316897
-0.317394
-0.318587
-0.320443
-0.322853
-0.325596
-0.328373
-0.330865
-0.332731
-0.333653
-0.333326
-0.331507
-0.328049
-0.323013
-0.316718
-0.309796
-0.30305
-0.297199
-0.292563
-0.289088
-0.286673
-0.285619
-0.286691
-0.29059
-0.297259
-0.305594
-0.313899
-0.320489
-0.324089
-0.323972
-0.319955
-0.31258
-0.303431
-0.295152
-0.290766
-0.292209
-0.299182
-0.309586
-0.320838
-0.331079
-0.339429
-0.345706
-0.35005
-0.35273
-0.353993
-0.354033
-0.353047
-0.351207
-0.348672
-0.345591
-0.342153
-0.338538
-0.334981
-0.331762
-0.329167
-0.327497
-0.326946
-0.327624
-0.329418
-0.332067
-0.335244
-0.338585
-0.341756
-0.344533
-0.346748
-0.3483
-0.349122
-0.349166
-0.348347
-0.346636
-0.343986
-0.340458
-0.336189
-0.331419
-0.326491
-0.321752
-0.317478
-0.313875
-0.311007
-0.308962
-0.307881
-0.308019
-0.309582
-0.312604
-0.316865
-0.321911
-0.327236
-0.332406
-0.337122
-0.341196
-0.344551
-0.347134
-0.34892
-0.349876
-0.350019
-0.349387
-0.348076
-0.346276
-0.344288
-0.342429
-0.341011
-0.340266
-0.340224
-0.340795
-0.341772
-0.342946
-0.34419
-0.345445
-0.346759
-0.348216
-0.349863
-0.351681
-0.353558
-0.355282
-0.356615
-0.35731
-0.357212
-0.356248
-0.354477
-0.352092
-0.349405
-0.346755
-0.344454
-0.342694
-0.341503
-0.34075
-0.340235
-0.339747
-0.339119
-0.338312
-0.337331
-0.336283
-0.335293
-0.334482
-0.333967
-0.333826
-0.33414
-0.334942
-0.336299
-0.338246
-0.340767
-0.343777
-0.347096
-0.350507
-0.353813
-0.356795
-0.359293
-0.361174
-0.362388
-0.362913
-0.36277
-0.361984
-0.360582
-0.358615
-0.356124
-0.353155
-0.349757
-0.345976
-0.341904
-0.337651
-0.3334
-0.329339
-0.325757
-0.322967
-0.321258
-0.320894
-0.321947
-0.324346
-0.327805
-0.331913
-0.336223
-0.340317
-0.343896
-0.346745
-0.348778
-0.349988
-0.350391
-0.350096
-0.349161
-0.347675
-0.345708
-0.343342
-0.340648
-0.337699
-0.334605
-0.331475
-0.328435
-0.325614
-0.323141
-0.321107
-0.319563
-0.318494
-0.317875
-0.317615
-0.31762
-0.317799
-0.318089
-0.318446
-0.318817
-0.319231
-0.319658
-0.320105
-0.320576
-0.321048
-0.321522
-0.321966
-0.322383
-0.322738
-0.323038
-0.323265
-0.323422
-0.323513
-0.323565
-0.323586
-0.323613
-0.32367
-0.323798
-0.324027
-0.324404
-0.324946
-0.325696
-0.326663
-0.327866
-0.329313
-0.330985
-0.332866
-0.334907
-0.337051
-0.339251
-0.341428
-0.343486
-0.345335
-0.346867
-0.347917
-0.348342
-0.347943
-0.346511
-0.343765
-0.339426
-0.333202
-0.32493
-0.314699
-0.30317
-0.291849
-0.282907
-0.278484
-0.27958
-0.28529
-0.293429
-0.301543
-0.307871
-0.311506
-0.312245
-0.310299
-0.306268
-0.301115
-0.296153
-0.29283
-0.292287
-0.295006
-0.300527
-0.307893
-0.316028
-0.324179
-0.33192
-0.339075
-0.345532
-0.351151
-0.355811
-0.359379
-0.361772
-0.362976
-0.363021
-0.362012
-0.360039
-0.357248
-0.353821
-0.349983
-0.346003
-0.342215
-0.33894
-0.336492
-0.335055
-0.334693
-0.335276
-0.336559
-0.338235
-0.340052
-0.341789
-0.34335
-0.344712
-0.34589
-0.346962
-0.347998
-0.349074
-0.35023
-0.351481
-0.35284
-0.354298
-0.355841
-0.357448
-0.359096
-0.360745
-0.362373
-0.363938
-0.365379
-0.366659
-0.367699
-0.3684
-0.368643
-0.368248
-0.366983
-0.364533
-0.360488
-0.354408
-0.345872
-0.334726
-0.321409
-0.307417
-0.295447
-0.288725
-0.289381
-0.297035
-0.309038
-0.322105
-0.333827
-0.343114
-0.349882
-0.354505
-0.357493
-0.359248
-0.360027
-0.360002
-0.359261
-0.357856
-0.355881
-0.353435
-0.350657
-0.347713
-0.344764
-0.341988
-0.339534
-0.337524
-0.336052
-0.335113
-0.334713
-0.334782
-0.335241
-0.335997
-0.336957
-0.338047
-0.339193
-0.340336
-0.341426
-0.342421
-0.343314
-0.344059
-0.34466
-0.345104
-0.345371
-0.345449
-0.345342
-0.345045
-0.344566
-0.343882
-0.342999
-0.341945
-0.340689
-0.339217
-0.337543
-0.335634
-0.333485
-0.331047
-0.328298
-0.325213
-0.321749
-0.31788
-0.313564
-0.308794
-0.303595
-0.297992
-0.292087
-0.286007
-0.279941
-0.274154
-0.268931
-0.264578
-0.261355
-0.259442
-0.258914
-0.259656
-0.261408
-0.263782
-0.266373
-0.268772
-0.270698
-0.272003
-0.272744
-0.273084
-0.273286
-0.273663
-0.274443
-0.275695
-0.277342
-0.279179
-0.280974
-0.282507
-0.283638
-0.284323
-0.284619
-0.28462
-0.284449
-0.284195
-0.283927
-0.283643
-0.283294
-0.282795
-0.282043
-0.280898
-0.279264
-0.277062
-0.274251
-0.270827
-0.266832
-0.262329
-0.257457
-0.252305
-0.246931
-0.241372
-0.235643
-0.229827
-0.224193
-0.219382
-0.216373
-0.216242
-0.219608
-0.226223
-0.234974
-0.24433
-0.252966
-0.260037
-0.265206
-0.268496
-0.270095
-0.270251
-0.269141
-0.266897
-0.263631
-0.259445
-0.254479
-0.249
-0.243395
-0.238051
-0.233318
-0.229321
-0.226004
-0.223202
-0.220777
-0.218741
-0.217271
-0.216644
-0.217208
-0.219206
-0.22269
-0.227523
-0.233242
-0.239142
-0.244377
-0.248007
-0.249139
-0.247111
-0.241753
-0.23391
-0.225807
-0.220608
-0.22101
-0.227466
-0.237867
-0.249086
-0.25858
-0.265146
-0.268665
-0.269601
-0.268672
-0.266679
-0.264392
-0.26248
-0.261434
-0.261463
-0.262484
-0.264217
-0.266264
-0.268241
-0.269902
-0.271175
-0.272105
-0.272865
-0.273707
-0.274813
-0.276319
-0.278243
-0.280483
-0.282851
-0.285128
-0.287107
-0.288583
-0.289418
-0.289506
-0.288816
-0.28739
-0.285352
-0.282906
-0.280383
-0.278135
-0.276505
-0.27577
-0.276012
-0.277154
-0.278916
-0.280999
-0.283077
-0.284889
-0.286292
-0.287265
-0.28787
-0.288252
-0.288626
-0.289263
-0.290394
-0.292227
-0.294891
-0.298407
-0.302653
-0.307443
-0.312471
-0.317407
-0.321934
-0.325754
-0.328642
-0.330393
-0.330819
-0.329758
-0.327082
-0.322742
-0.316832
-0.309732
-0.302135
-0.294907
-0.288824
-0.28426
-0.280966
-0.278263
-0.275397
-0.271968
-0.268102
-0.264368
-0.2615
-0.260156
-0.260557
-0.262555
-0.265757
-0.269702
-0.274012
-0.278459
-0.282939
-0.287433
-0.291975
-0.296618
-0.301355
-0.306133
-0.310851
-0.315277
-0.319216
-0.322453
-0.324867
-0.326386
-0.327015
-0.326795
-0.325812
-0.324117
-0.321775
-0.318827
-0.315317
-0.311267
-0.306718
-0.30175
-0.296479
-0.291095
-0.285862
-0.281101
-0.277135
-0.274255
-0.272625
-0.272252
-0.273028
-0.274685
-0.276911
-0.279386
-0.281889
-0.284239
-0.286356
-0.288223
-0.289856
-0.291288
-0.292543
-0.293624
-0.294521
-0.295194
-0.295588
-0.295662
-0.29537
-0.294692
-0.293657
-0.292315
-0.290777
-0.289176
-0.287699
-0.286509
-0.285737
-0.285455
-0.285641
-0.286216
-0.286997
-0.287779
-0.288349
-0.288559
-0.288251
-0.287427
-0.286139
-0.284571
-0.282984
-0.281743
-0.281174
-0.281559
-0.283027
-0.28557
-0.289015
-0.293071
-0.297452
-0.301876
-0.306139
-0.310128
-0.313753
-0.317026
-0.319973
-0.322646
-0.325097
-0.327357
-0.329482
-0.331501
-0.333445
-0.335293
-0.33706
-0.338728
-0.340248
-0.341584
-0.342671
-0.343413
-0.343736
-0.343512
-0.342625
-0.340915
-0.338284
-0.334664
-0.330058
-0.324611
-0.318665
-0.312751
-0.307557
-0.303818
-0.302176
-0.302972
-0.306193
-0.311491
-0.31826
-0.325809
-0.333424
-0.340528
-0.34668
-0.351615
-0.355183
-0.357341
-0.358136
-0.357675
-0.356072
-0.353502
-0.350203
-0.346479
-0.342755
-0.339573
-0.337539
-0.337189
-0.338873
-0.342549
-0.347813
-0.35394
-0.360155
-0.365738
-0.370155
-0.373037
-0.374191
-0.373523
-0.371058
-0.366886
-0.361142
-0.354034
-0.345911
-0.337559
-0.330431
-0.326589
-0.32778
-0.334228
-0.344222
-0.355039
-0.364319
-0.370778
-0.374197
-0.375009
-0.373971
-0.371962
-0.369832
-0.36832
-0.36794
-0.368918
-0.371184
-0.374407
-0.378124
-0.381822
-0.385032
-0.38742
-0.388758
-0.38896
-0.388048
-0.386113
-0.38327
-0.379642
-0.375396
-0.370701
-0.365706
-0.360596
-0.355631
-0.351095
-0.347344
-0.344739
-0.343583
-0.344042
-0.34609
-0.349474
-0.353814
-0.358672
-0.363638
-0.368398
-0.372708
-0.376417
-0.379434
-0.381698
-0.383146
-0.383712
-0.383367
-0.382081
-0.379864
-0.376808
-0.373022
-0.368711
-0.364157
-0.359658
-0.355555
-0.352146
-0.349663
-0.348201
-0.347767
-0.348246
-0.349441
-0.351142
-0.353154
-0.355314
-0.357486
-0.359605
-0.361602
-0.363486
-0.365217
-0.366804
-0.36824
-0.369516
-0.370671
-0.371661
-0.372501
-0.373204
-0.373776
-0.374205
-0.3745
-0.374665
-0.37469
-0.374561
-0.37426
-0.373738
-0.373
-0.372012
-0.370719
-0.369111
-0.367133
-0.364749
-0.361956
-0.358761
-0.355236
-0.351541
-0.347988
-0.344983
-0.34302
-0.342543
-0.343775
-0.346712
-0.350991
-0.35605
-0.361206
-0.365882
-0.369686
-0.372465
-0.374263
-0.375292
-0.375868
-0.376358
-0.377093
-0.378366
-0.380333
-0.383017
-0.386326
-0.390018
-0.393824
-0.397427
-0.400535
-0.40293
-0.40446
-0.405031
-0.404601
-0.403096
-0.400445
-0.396492
-0.391039
-0.384068
-0.375919
-0.367531
-0.360437
-0.356282
-0.356015
-0.359384
-0.36504
-0.371352
-0.377084
-0.381686
-0.385183
-0.387848
-0.389999
-0.391889
-0.393627
-0.395219
-0.396596
-0.397632
-0.398184
-0.398009
-0.396792
-0.394207
-0.389945
-0.383956
-0.376659
-0.369117
-0.363262
-0.360415
-0.361136
-0.364788
-0.36985
-0.374738
-0.378416
-0.380566
-0.381394
-0.381368
-0.380997
-0.380621
-0.380423
-0.380342
-0.380199
-0.379746
-0.378759
-0.377106
-0.374831
-0.372178
-0.369572
-0.367587
-0.366666
-0.367035
-0.368578
-0.370897
-0.373477
-0.375821
-0.377586
-0.378575
-0.378691
-0.377916
-0.37627
-0.373802
-0.370616
-0.366886
-0.362877
-0.358964
-0.355503
-0.352799
-0.351059
-0.35032
-0.35045
-0.351213
-0.35234
-0.353595
-0.354774
-0.355739
-0.356379
-0.356643
-0.356473
-0.355835
-0.354751
-0.353204
-0.351226
-0.348846
-0.346164
-0.343288
-0.340383
-0.337688
-0.335411
-0.333746
-0.332841
-0.332731
-0.333328
-0.334466
-0.335944
-0.337565
-0.339146
-0.340564
-0.341756
-0.342679
-0.343315
-0.343654
-0.343684
-0.343381
-0.342726
-0.341667
-0.34016
-0.338156
-0.335604
-0.332487
-0.32881
-0.324642
-0.320118
-0.315419
-0.31081
-0.30659
-0.303025
-0.300304
-0.298521
-0.297645
-0.297544
-0.298034
-0.298929
-0.300075
-0.301331
-0.302623
-0.30389
-0.305136
-0.306347
-0.307569
-0.308893
-0.310426
-0.312239
-0.314419
-0.316944
-0.319746
-0.322702
-0.325648
-0.328451
-0.331002
-0.333228
-0.33511
-0.336662
-0.337906
-0.338899
-0.339708
-0.340367
-0.340941
-0.341494
-0.342068
-0.342717
-0.343458
-0.344342
-0.345339
-0.346475
-0.347711
-0.348994
-0.350247
-0.351359
-0.352209
-0.352644
-0.352482
-0.351556
-0.349658
-0.3466
-0.342206
-0.33634
-0.328915
-0.319989
-0.309809
-0.298997
-0.288575
-0.279979
-0.274756
-0.274064
-0.278305
-0.286848
-0.298243
-0.31073
-0.322752
-0.333271
-0.341777
-0.348198
-0.352745
-0.355778
-0.357709
-0.358924
-0.359787
-0.360535
-0.361329
-0.362225
-0.363226
-0.364251
-0.365216
-0.366002
-0.366572
-0.366843
-0.366818
-0.366481
-0.365887
-0.365075
-0.364104
-0.363043
-0.361971
-0.360903
-0.359863
-0.358856
-0.357827
-0.356719
-0.355478
-0.354035
-0.352338
-0.350332
-0.348018
-0.345397
-0.342522
-0.339467
-0.336348
-0.333348
-0.3307
-0.32866
-0.327488
-0.327325
-0.328173
-0.329867
-0.332101
-0.334475
-0.336635
-0.338247
-0.339119
-0.339135
-0.338305
-0.336676
-0.334376
-0.331559
-0.328427
-0.325143
-0.32189
-0.318811
-0.315997
-0.313467
-0.311223
-0.309212
-0.307389
-0.305722
-0.304197
-0.302867
-0.301773
-0.300959
-0.300454
-0.300271
-0.300386
-0.300722
-0.301215
-0.30177
-0.302317
-0.30283
-0.303284
-0.303723
-0.304158
-0.304632
-0.305133
-0.305635
-0.306078
-0.306417
-0.3066
-0.306586
-0.306378
-0.305975
-0.305411
-0.304712
-0.303908
-0.303042
-0.302096
-0.30109
-0.300026
-0.298863
-0.29758
-0.296165
-0.294571
-0.292756
-0.290709
-0.288418
-0.285904
-0.283193
-0.280345
-0.277453
-0.274614
-0.271936
-0.269538
-0.267491
-0.265845
-0.264631
-0.26383
-0.263389
-0.263215
-0.263226
-0.263336
-0.263489
-0.263661
-0.263837
-0.264034
-0.264292
-0.264646
-0.26517
-0.265988
-0.267239
-0.26907
-0.271568
-0.274656
-0.278121
-0.28163
-0.28484
-0.287475
-0.289393
-0.290611
-0.291278
-0.291615
-0.291831
-0.29208
-0.292432
-0.292803
-0.293065
-0.293033
-0.292539
-0.29145
-0.289684
-0.287261
-0.28426
-0.280801
-0.277105
-0.273422
-0.27005
-0.267321
-0.265526
-0.264916
-0.265634
-0.267663
-0.270819
-0.274781
-0.27917
-0.283581
-0.287707
-0.291325
-0.294271
-0.296496
-0.297995
-0.29875
-0.298733
-0.29791
-0.296203
-0.293573
-0.290056
-0.285801
-0.281128
-0.27652
-0.272501
-0.26949
-0.267677
-0.266919
-0.266821
-0.266902
-0.266768
-0.266144
-0.264958
-0.263323
-0.261534
-0.260044
-0.25933
-0.259841
-0.261748
-0.264953
-0.269085
-0.273653
-0.278153
-0.282278
-0.285902
-0.289076
-0.291933
-0.294611
-0.297217
-0.299759
-0.302201
-0.304438
-0.306406
-0.30802
-0.309236
-0.310034
-0.310432
-0.310443
-0.310133
-0.309523
-0.308683
-0.307646
-0.306455
-0.305197
-0.303962
-0.302861
-0.302038
-0.301649
-0.301832
-0.302679
-0.304195
-0.306283
-0.308723
-0.311261
-0.313589
-0.315443
-0.316625
-0.317023
-0.316643
-0.315668
-0.314417
-0.313331
-0.312883
-0.313424
-0.315037
-0.317557
-0.320581
-0.323591
-0.326104
-0.327779
-0.32842
-0.327987
-0.326536
-0.324157
-0.320977
-0.317135
-0.312749
-0.307955
-0.302969
-0.298139
-0.294005
-0.291093
-0.289742
-0.289834
-0.290753
-0.29162
-0.291675
-0.290536
-0.288433
-0.286021
-0.284208
-0.283874
-0.285612
-0.289531
-0.295219
-0.301945
-0.308894
-0.315452
-0.321357
-0.32661
-0.33138
-0.33581
-0.339973
-0.343799
-0.347124
-0.349752
-0.35147
-0.35214
-0.35166
-0.349995
-0.347219
-0.343501
-0.339139
-0.334536
-0.330212
-0.326685
-0.324379
-0.323534
-0.324068
-0.325678
-0.327923
-0.330321
-0.332507
-0.334268
-0.335514
-0.336262
-0.336604
-0.336662
-0.33654
-0.336329
-0.336134
-0.335986
-0.335891
-0.33586
-0.335868
-0.335891
-0.335874
-0.33578
-0.33555
-0.33512
-0.334438
-0.333424
-0.331998
-0.33009
-0.327659
-0.324684
-0.321232
-0.317458
-0.313683
-0.310333
-0.307871
-0.306741
-0.307205
-0.309201
-0.312463
-0.316516
-0.320873
-0.325116
-0.328941
-0.332166
-0.334694
-0.336469
-0.337507
-0.337801
-0.337369
-0.336257
-0.334506
-0.332229
-0.329559
-0.326672
-0.3238
-0.321158
-0.318916
-0.317179
-0.315981
-0.315215
-0.314762
-0.314428
-0.314056
-0.313614
-0.313156
-0.312772
-0.312618
-0.312842
-0.313566
-0.314861
-0.316709
-0.319004
-0.321591
-0.32426
-0.326737
-0.328769
-0.330135
-0.330596
-0.330061
-0.328473
-0.32593
-0.322616
-0.318843
-0.314983
-0.311372
-0.308305
-0.305965
-0.304478
-0.303992
-0.304665
-0.30664
-0.309921
-0.314302
-0.319325
-0.324424
-0.329018
-0.332615
-0.334843
-0.335439
-0.334271
-0.331333
-0.326836
-0.321346
-0.315855
-0.3116
-0.309789
-0.311014
-0.314966
-0.320593
-0.326582
-0.331794
-0.335498
-0.337318
-0.337128
-0.33497
-0.33099
-0.32555
-0.319207
-0.312838
-0.307483
-0.304076
-0.30308
-0.304284
-0.30694
-0.310082
-0.312916
-0.314952
-0.31602
-0.316136
-0.315445
-0.314039
-0.31199
-0.309388
-0.306365
-0.303144
-0.300101
-0.297744
-0.296578
-0.296905
-0.298737
-0.301715
-0.305285
-0.308851
-0.311942
-0.314222
-0.315531
-0.3158
-0.315147
-0.313945
-0.312795
-0.312467
-0.313572
-0.316314
-0.320402
-0.325148
-0.329783
-0.333661
-0.336405
-0.337881
-0.338122
-0.337308
-0.33569
-0.333579
-0.331301
-0.329152
-0.327351
-0.326069
-0.325463
-0.325786
-0.327333
-0.330399
-0.335065
-0.341115
-0.348041
-0.355213
-0.362046
-0.368126
-0.373219
-0.377279
-0.380326
-0.382443
-0.383743
-0.384302
-0.384195
-0.38354
-0.382457
-0.38111
-0.379683
-0.378353
-0.377268
-0.37642
-0.375704
-0.374883
-0.373665
-0.371816
-0.369203
-0.365896
-0.362099
-0.358182
-0.354537
-0.351557
-0.34954
-0.348678
-0.349082
-0.350784
-0.353754
-0.357895
-0.363006
-0.368848
-0.375105
-0.381375
-0.387257
-0.39228
-0.396019
-0.398141
-0.398486
-0.397179
-0.394727
-0.392007
-0.390037
-0.389643
-0.391107
-0.394123
-0.398068
-0.402375
-0.406783
-0.411227
-0.415717
-0.420188
-0.42443
-0.428171
-0.431173
-0.433297
-0.434523
-0.434889
-0.434585
-0.433784
-0.432687
-0.431489
-0.430355
-0.429412
-0.428692
-0.4282
-0.427881
-0.427608
-0.42721
-0.426504
-0.425322
-0.423487
-0.420882
-0.417441
-0.413175
-0.408192
-0.402647
-0.396849
-0.391193
-0.386118
-0.382065
-0.379386
-0.378236
-0.378578
-0.380163
-0.382602
-0.385463
-0.388317
-0.390832
-0.392757
-0.393951
-0.394423
-0.394321
-0.393898
-0.393504
-0.393502
-0.394171
-0.395685
-0.398035
-0.401063
-0.404544
-0.408205
-0.411801
-0.415155
-0.418156
-0.420748
-0.42293
-0.424701
-0.42608
-0.427093
-0.427728
-0.427976
-0.42781
-0.427203
-0.426126
-0.424543
-0.422431
-0.4198
-0.416694
-0.413154
-0.409291
-0.405283
-0.401347
-0.397754
-0.394766
-0.392604
-0.391406
-0.391149
-0.391678
-0.392761
-0.394118
-0.395487
-0.396664
-0.397525
-0.398021
-0.398182
-0.398009
-0.397555
-0.396797
-0.395688
-0.394078
-0.391801
-0.388647
-0.384519
-0.379481
-0.373927
-0.368584
-0.364426
-0.362343
-0.362729
-0.365285
-0.369159
-0.373317
-0.376892
-0.37939
-0.38061
-0.380518
-0.379175
-0.376616
-0.372849
-0.367921
-0.361939
-0.355274
-0.348571
-0.342777
-0.338845
-0.337414
-0.338483
-0.341407
-0.345156
-0.348681
-0.351218
-0.352406
-0.352295
-0.351174
-0.349525
-0.347835
-0.346589
-0.346142
-0.346769
-0.348547
-0.35141
-0.355169
-0.359528
-0.364128
-0.368636
-0.372777
-0.376391
-0.379376
-0.381747
-0.383574
-0.384925
-0.385916
-0.386623
-0.387129
-0.387481
-0.387721
-0.387865
-0.387911
-0.387842
-0.387639
-0.387297
-0.386796
-0.386104
-0.385212
-0.384119
-0.382842
-0.38141
-0.379833
-0.378152
-0.376375
-0.374483
-0.372376
-0.369904
-0.366825
-0.362862
-0.357704
-0.351154
-0.343183
-0.334049
-0.324297
-0.314713
-0.306232
-0.299727
-0.296008
-0.295539
-0.298323
-0.303817
-0.311019
-0.318704
-0.325803
-0.331607
-0.335857
-0.338639
-0.340354
-0.341509
-0.34265
-0.344227
-0.346548
-0.349776
-0.353876
-0.358695
-0.364026
-0.369573
-0.375067
-0.380292
-0.385051
-0.389231
-0.392745
-0.395566
-0.397653
-0.399009
-0.399614
-0.399449
-0.398488
-0.396699
-0.39405
-0.390544
-0.386238
-0.38127
-0.3759
-0.370505
-0.365538
-0.361411
-0.358406
-0.356548
-0.355517
-0.354703
-0.353284
-0.350433
-0.345513
-0.338325
-0.329307
-0.319709
-0.311353
-0.306033
-0.304699
-0.307025
-0.311742
-0.317391
-0.322911
-0.327925
-0.332573
-0.33729
-0.342488
-0.348369
-0.354799
-0.361394
-0.367606
-0.372964
-0.377153
-0.380035
-0.381635
-0.382101
-0.381682
-0.380642
-0.379303
-0.377961
-0.376844
-0.376128
-0.375897
-0.376134
-0.376769
-0.37766
-0.378686
-0.379702
-0.38059
-0.381247
-0.381578
-0.381509
-0.380974
-0.379905
-0.378253
-0.375984
-0.373148
-0.369801
-0.366109
-0.362306
-0.358709
-0.35567
-0.353441
-0.352061
-0.351276
-0.350611
-0.349547
-0.347748
-0.345234
-0.342339
-0.339578
-0.337359
-0.335763
-0.334481
-0.33298
-0.330832
-0.327992
-0.324928
-0.32257
-0.321862
-0.323392
-0.327099
-0.332463
-0.338727
-0.345234
-0.351556
-0.357491
-0.362883
-0.367578
-0.371395
-0.37415
-0.375751
-0.376196
-0.375594
-0.374098
-0.37192
-0.369297
-0.366463
-0.363626
-0.360986
-0.358683
-0.356827
-0.355479
-0.354641
-0.354254
-0.354215
-0.354369
-0.354562
-0.354634
-0.354417
-0.353824
-0.35278
-0.351315
-0.349567
-0.347731
-0.346092
-0.34493
-0.344456
-0.344753
-0.345756
-0.347244
-0.348936
-0.350559
-0.351897
-0.352826
-0.35335
-0.353463
-0.353254
-0.35278
-0.352089
-0.35121
-0.350136
-0.348838
-0.34725
-0.345349
-0.343142
-0.340711
-0.338198
-0.335822
-0.33385
-0.332561
-0.332174
-0.332786
-0.334386
-0.33684
-0.339951
-0.343454
-0.347148
-0.350855
-0.354445
-0.35784
-0.361
-0.363907
-0.36652
-0.368827
-0.370803
-0.372371
-0.373429
-0.373826
-0.373377
-0.371805
-0.368784
-0.363992
-0.357176
-0.348423
-0.338446
-0.328839
-0.321854
-0.319606
-0.322878
-0.330705
-0.340925
-0.351415
-0.360756
-0.36835
-0.374127
-0.378313
-0.381181
-0.383031
-0.384072
-0.384486
-0.384401
-0.383937
-0.383155
-0.382144
-0.380949
-0.379642
-0.378296
-0.376978
-0.375754
-0.374685
-0.373835
-0.373284
-0.373063
-0.373213
-0.373743
-0.374689
-0.376011
-0.377647
-0.379491
-0.381411
-0.383261
-0.384921
-0.386279
-0.38732
-0.388074
-0.388618
-0.388985
-0.389195
-0.389209
-0.38891
-0.38813
-0.386716
-0.384579
-0.381705
-0.378248
-0.374503
-0.370906
-0.367975
-0.366223
-0.366087
-0.367866
-0.371585
-0.377023
-0.383733
-0.391061
-0.398373
-0.405076
-0.410759
-0.415167
-0.418165
-0.419671
-0.419665
-0.418148
-0.415145
-0.410761
-0.40521
-0.398839
-0.392179
-0.385889
-0.380672
-0.377143
-0.375683
-0.376419
-0.379202
-0.383648
-0.389229
-0.395386
-0.401578
-0.407377
-0.412504
-0.416796
-0.420219
-0.422803
-0.424645
-0.425824
-0.426439
-0.42658
-0.426322
-0.425694
-0.424752
-0.42354
-0.422095
-0.42044
-0.418626
-0.416693
-0.414731
-0.412826
-0.411083
-0.409622
-0.408579
-0.40806
-0.408126
-0.40882
-0.410123
-0.411957
-0.41416
-0.416543
-0.418916
-0.42104
-0.422724
-0.423822
-0.424254
-0.424017
-0.423225
-0.422117
-0.421
-0.420217
-0.420069
-0.420739
-0.42225
-0.424487
-0.427208
-0.43014
-0.43304
-0.435698
-0.437949
-0.439666
-0.440781
-0.441231
-0.440996
-0.440065
-0.438404
-0.435956
-0.432557
-0.427998
-0.422036
-0.414451
-0.405162
-0.394248
-0.382079
-0.369303
-0.356883
-0.346104
-0.338313
-0.334652
-0.335638
-0.341003
-0.349734
-0.360451
-0.371657
-0.382129
-0.390989
-0.397764
-0.402322
-0.404805
-0.40554
-0.404927
-0.403408
-0.401359
-0.3991
-0.396821
-0.394628
-0.392552
-0.390588
-0.388709
-0.386911
-0.385194
-0.383575
-0.382071
-0.380714
-0.379507
-0.378473
-0.377621
-0.37697
-0.376513
-0.376271
-0.37622
-0.37634
-0.376606
-0.376966
-0.377368
-0.377784
-0.378162
-0.378462
-0.378654
-0.378706
-0.378581
-0.37826
-0.377722
-0.376925
-0.375839
-0.374409
-0.372582
-0.370342
-0.367669
-0.364624
-0.361379
-0.35824
-0.355632
-0.354025
-0.353807
-0.355111
-0.357797
-0.361391
-0.365325
-0.369056
-0.372149
-0.374407
-0.375777
-0.376363
-0.376364
-0.376017
-0.375545
-0.375162
-0.375011
-0.375213
-0.375816
-0.376853
-0.378348
-0.380334
-0.382763
-0.38558
-0.38858
-0.391477
-0.393921
-0.395499
-0.395843
-0.394652
-0.391699
-0.386998
-0.380738
-0.373406
-0.365758
-0.358763
-0.353372
-0.350325
-0.34984
-0.351632
-0.354954
-0.358887
-0.362637
-0.3657
-0.367918
-0.369388
-0.370297
-0.370832
-0.371106
-0.371111
-0.370809
-0.370154
-0.369174
-0.368007
-0.366894
-0.366164
-0.366124
-0.367051
-0.36908
-0.372199
-0.37626
-0.380996
-0.386065
-0.391146
-0.395971
-0.400326
-0.404114
-0.407268
-0.409789
-0.411708
-0.413044
-0.413844
-0.414115
-0.41386
-0.413102
-0.411822
-0.410007
-0.407713
-0.404976
-0.401868
-0.398516
-0.395079
-0.391733
-0.388634
-0.385916
-0.383637
-0.381764
-0.380162
-0.378638
-0.376981
-0.375026
-0.372658
-0.36984
-0.366596
-0.363047
-0.359406
-0.355981
-0.353169
-0.351396
-0.350986
-0.352109
-0.354715
-0.358582
-0.363354
-0.368644
-0.374075
-0.379326
-0.384169
-0.388406
-0.391906
-0.394602
-0.396414
-0.397312
-0.397273
-0.39636
-0.394734
-0.392614
-0.39044
-0.38869
-0.387817
-0.388138
-0.389707
-0.392321
-0.395592
-0.399056
-0.402281
-0.404951
-0.406849
-0.407828
-0.407803
-0.40675
-0.404634
-0.401455
-0.397223
-0.392011
-0.385949
-0.37916
-0.371879
-0.364364
-0.356952
-0.350033
-0.344016
-0.339301
-0.336139
-0.33459
-0.33448
-0.335459
-0.337134
-0.33914
-0.341221
-0.343239
-0.345176
-0.34709
-0.349082
-0.35121
-0.353543
-0.356045
-0.358642
-0.361235
-0.363758
-0.366117
-0.368283
-0.370241
-0.371992
-0.37354
-0.374897
-0.376059
-0.377058
-0.37789
-0.378571
-0.379129
-0.379584
-0.379953
-0.380264
-0.380539
-0.380802
-0.381049
-0.3813
-0.381551
-0.381806
-0.382035
-0.382211
-0.38229
-0.382191
-0.381822
-0.381062
-0.379744
-0.377649
-0.374497
-0.369968
-0.363793
-0.355831
-0.346261
-0.335889
-0.326198
-0.319158
-0.3164
-0.318339
-0.323951
-0.331331
-0.338604
-0.344507
-0.348466
-0.350514
-0.351089
-0.350958
-0.351057
-0.352295
-0.355271
-0.360041
-0.366136
-0.372725
-0.378964
-0.384198
-0.387989
-0.390116
-0.390555
-0.389338
-0.386628
-0.382655
-0.377737
-0.372231
-0.366447
-0.360584
-0.354708
-0.348792
-0.342995
-0.337773
-0.333885
-0.332101
-0.332644
-0.33497
-0.337865
-0.339966
-0.340245
-0.338352
-0.334767
-0.330768
-0.328014
-0.327891
-0.330873
-0.336308
-0.3429
-0.3493
-0.354687
-0.358828
-0.361973
-0.364649
-0.36738
-0.370515
-0.374106
-0.377974
-0.381769
-0.385141
-0.387775
-0.389509
