1.76816
1.76816
1.76816
1.76816
1.76816
1.76816
1.76816
1.76816
1.76816
1.76816
1.76816
1.76816
1.76816
1.76816
1.76815
1.76814
1.76812
1.76811
1.76809
1.76806
1.76804
1.76802
1.768
1.76798
1.76794
1.76792
1.76789
1.76786
1.76784
1.76782
1.76779
1.76777
1.76776
1.76773
1.76771
1.76769
1.76768
1.76767
1.76765
1.76764
1.76764
1.76763
1.76762
1.7676
1.7676
1.76759
1.76758
1.76758
1.76757
1.76757
1.76757
1.76756
1.76756
1.76755
1.76753
1.76752
1.76751
1.76751
1.76749
1.76748
1.76747
1.76747
1.76747
1.76746
1.76745
1.76744
1.76744
1.76744
1.76743
1.76743
1.76743
1.76742
1.76743
1.76741
1.7674
1.76739
1.76739
1.76739
1.76739
1.76739
1.76739
1.76739
1.76738
1.76738
1.76737
1.76737
1.76737
1.76737
1.76736
1.76736
1.76735
1.76735
1.76735
1.76735
1.76735
1.76735
1.76735
1.76735
1.76734
1.76733
1.76733
1.76734
1.76733
1.76732
1.76732
1.76732
1.76731
1.76732
1.76733
1.76731
1.76731
1.76731
1.76731
1.76731
1.76731
1.76731
1.76731
1.76731
1.76731
1.7673
1.7673
1.76729
1.7673
1.7673
1.7673
1.7673
1.7673
1.7673
1.76731
1.76731
1.76731
1.7673
1.7673
1.76729
1.7673
1.7673
1.76731
1.76732
1.76732
1.76733
1.76733
1.76732
1.76733
1.76733
1.76731
1.7673
1.7673
1.76729
1.7673
1.76729
1.76729
1.76729
1.76728
1.76729
1.76729
1.76729
1.7673
1.7673
1.76729
1.7673
1.7673
1.7673
1.7673
1.7673
1.76729
1.76729
1.76729
1.76728
1.76728
1.76729
1.76728
1.76729
1.76728
1.76727
1.76727
1.76727
1.76726
1.76727
1.76727
1.76727
1.76727
1.76726
1.76726
1.76725
1.76725
1.76725
1.76724
1.76724
1.76724
1.76724
1.76724
1.76724
1.76725
1.76725
1.76725
1.76725
1.76725
1.76725
1.76725
1.76726
1.76726
1.76726
1.76725
1.76726
1.76727
1.76726
1.76726
1.76726
1.76726
1.76725
1.76724
1.76725
1.76725
1.76725
1.76725
1.76725
1.76725
1.76725
1.76724
1.76725
1.76726
1.76726
1.76726
1.76726
1.76725
1.76724
1.76724
1.76724
1.76724
1.76724
1.76724
1.76724
1.76725
1.76724
1.76724
1.76724
1.76725
1.76725
1.76725
1.76726
1.76726
1.76725
1.76725
1.76724
1.76724
1.76725
1.76725
1.76723
1.76723
1.76723
1.76723
1.76724
1.76725
1.76725
1.76724
1.76724
1.76724
1.76724
1.76724
1.76723
1.76723
1.76723
1.76723
1.76723
1.76722
1.76722
1.76722
1.76722
1.76722
1.76721
1.7672
1.76721
1.76721
1.76721
1.76721
1.76721
1.7672
1.76721
1.7672
1.7672
1.7672
1.7672
1.7672
1.7672
1.76721
1.7672
1.7672
1.7672
1.76719
1.76719
1.76719
1.7672
1.7672
1.7672
1.7672
1.76721
1.76721
1.76721
1.76721
1.76721
1.76721
1.76721
1.76721
1.7672
1.7672
1.7672
1.76719
1.76719
1.76718
1.76718
1.76719
1.76718
1.76719
1.76718
1.76718
1.76718
1.76718
1.76718
1.76718
1.76717
1.76718
1.76719
1.76719
1.76719
1.7672
1.76719
1.76719
1.7672
1.7672
1.76719
1.7672
1.76719
1.7672
1.7672
1.76718
1.76718
1.76718
1.76718
1.76718
1.76719
1.7672
1.76719
1.7672
1.7672
1.7672
1.7672
1.7672
1.7672
1.7672
1.7672
1.7672
1.7672
1.7672
1.7672
1.76719
1.76719
1.7672
1.7672
1.76721
1.76721
1.76721
1.76721
1.7672
1.7672
1.76721
1.76721
1.7672
1.7672
1.7672
1.76721
1.76721
1.7672
1.76719
1.76719
1.76719
1.76719
1.7672
1.7672
1.7672
1.7672
1.76719
1.76718
1.76718
1.76718
1.76718
1.76717
1.76718
1.76717
1.76717
1.76717
1.76718
1.76718
1.76717
1.76717
1.76717
1.76717
1.76717
1.76717
1.76717
1.76717
1.76719
1.76719
1.76718
1.76719
1.76718
1.76718
1.76717
1.76716
1.76716
1.76717
1.76717
1.76717
1.76717
1.76717
1.76716
1.76717
1.76717
1.76718
1.76717
1.76718
1.76718
1.76718
1.76717
1.76717
1.76716
1.76716
1.76716
1.76715
1.76716
1.76716
1.76717
1.76718
1.76718
1.76718
1.76717
1.76717
1.76717
1.76717
1.76717
1.76717
1.76717
1.76717
1.76717
1.76717
1.76717
1.76718
1.76717
1.76718
1.76716
1.76717
1.76717
1.76716
1.76717
1.76716
1.76716
1.76716
1.76716
1.76716
1.76716
1.76716
1.76716
1.76715
1.76715
1.76714
1.76713
1.76714
1.76713
1.76713
1.76714
1.76713
1.76713
1.76713
1.76713
1.76713
1.76713
1.76713
1.76712
1.76713
1.76713
1.76712
1.76712
1.76712
1.76713
1.76713
1.76714
1.76712
1.76712
1.76712
1.76711
1.76712
1.76712
1.76712
1.76712
1.76713
1.76713
1.76713
1.76714
1.76714
1.76713
1.76714
1.52001
1.52001
1.52001
1.52002
1.52002
1.52001
1.52002
1.52002
1.52002
1.52003
1.52002
1.52003
1.52002
1.52002
1.52002
1.52002
1.52002
1.52001
1.52002
1.52003
1.52004
1.52003
1.52004
1.52005
1.52004
1.52005
1.52005
1.52005
1.52004
1.52004
1.52004
1.52005
1.52004
1.52004
1.52005
1.52005
1.52005
1.52005
1.52004
1.52004
1.52004
1.52005
1.52005
1.52005
1.52006
1.52006
1.52008
1.52007
1.52006
1.52006
1.52006
1.52006
1.52006
1.52006
1.52006
1.52007
1.52006
1.52006
1.52006
1.52005
1.52005
1.52005
1.52004
1.52004
1.52005
1.52004
1.52004
1.52004
1.52004
1.52004
1.52004
1.52005
1.52004
1.52005
1.52004
1.52004
1.52004
1.52004
1.52004
1.52004
1.52004
1.52004
1.52004
1.52004
1.52004
1.52005
1.52005
1.52005
1.52006
1.52006
1.52007
1.52006
1.52006
1.52006
1.52006
1.52005
1.52006
1.52006
1.52006
1.52007
1.52008
1.52007
1.52007
1.52006
1.52006
1.52007
1.52007
1.52007
1.52007
1.52007
1.52007
1.52008
1.52008
1.52008
1.52008
1.52008
1.52007
1.52007
1.52007
1.52008
1.52008
1.52008
1.52007
1.52008
1.52007
1.52006
1.52005
1.52005
1.52005
1.52006
1.52007
1.52007
1.52007
1.52008
1.52008
1.52008
1.52008
1.52008
1.52008
1.52007
1.52007
1.52006
1.52006
1.52006
1.52007
1.52007
1.52007
1.52006
1.52006
1.52006
1.52006
1.52006
1.52005
1.52005
1.52005
1.52005
1.52006
1.52006
1.52005
1.52006
1.52006
1.52006
1.52007
1.52007
1.52007
1.52007
1.52006
1.52007
1.52007
1.52007
1.52007
1.52006
1.52006
1.52006
1.52005
1.52005
1.52006
1.52005
1.52004
1.52005
1.52006
1.52006
1.52006
1.52006
1.52005
1.52005
1.52006
1.52006
1.52006
1.52006
1.52008
1.52007
1.52006
1.52007
1.52007
1.52006
1.52006
1.52006
1.52006
1.52007
1.52007
1.52007
1.52007
1.52005
1.52005
1.52005
1.52005
1.52005
1.52005
1.52005
1.52006
1.52006
1.52006
1.52005
1.52005
1.52005
1.52006
1.52006
1.52005
1.52005
1.52005
1.52006
1.52006
1.52006
1.52005
1.52005
1.52005
1.52005
1.52005
1.52005
1.52005
1.52007
1.52007
1.52008
1.52009
1.52007
1.52007
1.52007
1.52008
1.52009
1.52009
1.52009
1.52009
1.52009
1.52009
1.52009
1.52009
1.52009
1.52009
1.52009
1.52009
1.52009
1.5201
1.5201
1.5201
1.5201
1.5201
1.5201
1.5201
1.5201
1.52009
1.52009
1.52009
1.52009
1.52009
1.52009
1.52008
1.52008
1.52007
1.52007
1.52006
1.52007
1.52007
1.52007
1.52006
1.52005
1.52004
1.52006
1.52006
1.52006
1.52005
1.52006
1.52006
1.52007
1.52006
1.52006
1.52006
1.52007
1.52007
1.52008
1.52007
1.52008
1.52009
1.5201
1.52009
1.5201
1.5201
1.5201
1.5201
1.5201
1.52011
1.5201
1.5201
1.52009
1.52008
1.52009
1.52008
1.52009
1.52009
1.52008
1.5201
1.52009
1.52009
1.52008
1.52008
1.52008
1.52008
1.52008
1.52008
1.52007
1.52007
1.52007
1.52007
1.52007
1.52007
1.52008
1.52008
1.52009
1.52009
1.52009
1.52008
1.52007
1.52008
1.52007
1.52006
1.52006
1.52005
1.52005
1.52005
1.52005
1.52005
1.52005
1.52005
1.52005
1.52005
1.52006
1.52006
1.52006
1.52006
1.52007
1.52006
1.52006
1.52005
1.52005
1.52005
1.52005
1.52006
1.52005
1.52005
1.52005
1.52004
1.52005
1.52005
1.52004
1.52004
1.52004
1.52003
1.52003
1.52003
1.52003
1.52003
1.52004
1.52004
1.52004
1.52003
1.52002
1.52003
1.52003
1.52002
1.52003
1.52001
1.52002
1.52001
1.52001
1.52001
1.52001
1.52
1.52
1.52001
1.52001
1.52001
1.52
1.52001
1.51999
1.52
1.51999
1.51998
1.51998
1.51998
1.51997
1.51997
1.51997
1.51997
1.51997
1.51998
1.51998
1.51998
1.51997
1.51996
1.51996
1.51996
1.51996
1.51997
1.51997
1.51997
1.51996
1.51996
1.51995
1.51994
1.51994
1.51995
1.51995
1.51997
1.51997
1.51996
1.51997
1.51997
1.51997
1.51996
1.51996
1.51996
1.51996
1.51997
1.51997
1.51997
1.51997
1.51998
1.51997
1.51997
1.51997
1.51997
1.51996
1.51996
1.51996
1.51996
1.51996
1.51996
1.51996
1.51996
1.51996
1.51996
1.51996
1.51996
1.51996
1.51996
1.51996
1.51995
1.51995
1.51995
1.51995
1.51995
1.51994
1.51994
1.51993
1.51992
1.51992
1.51991
1.51991
1.51991
1.51991
1.51991
1.51991
1.5199
1.51991
1.51991
1.51992
1.51992
1.51992
1.51992
1.51992
1.51992
1.51992
1.51992
1.51992
1.51992
1.51991
1.51991
1.5199
1.51991
1.51991
1.51992
1.51992
1.51991
1.51991
1.51992
1.51992
1.51993
1.51992
1.51993
1.51993
1.45705
1.45705
1.45707
1.45707
1.45707
1.45706
1.45706
1.45707
1.45707
1.45708
1.45707
1.45708
1.45709
1.45709
1.45709
1.45709
1.45709
1.45711
1.45711
1.45712
1.45711
1.4571
1.45711
1.45711
1.45711
1.4571
1.45711
1.4571
1.4571
1.45711
1.45712
1.45712
1.45712
1.45712
1.45712
1.45711
1.45711
1.45711
1.45711
1.45711
1.45711
1.45711
1.45711
1.4571
1.4571
1.45709
1.4571
1.4571
1.4571
1.4571
1.45711
1.4571
1.4571
1.4571
1.4571
1.45709
1.45709
1.45709
1.45711
1.45711
1.45711
1.45711
1.45711
1.4571
1.4571
1.4571
1.4571
1.4571
1.4571
1.45711
1.45711
1.45711
1.4571
1.4571
1.45709
1.4571
1.4571
1.4571
1.45709
1.45709
1.45709
1.45709
1.45709
1.45709
1.4571
1.45709
1.45709
1.45708
1.45708
1.45708
1.45707
1.45707
1.45707
1.45706
1.45707
1.45706
1.45705
1.45706
1.45705
1.45704
1.45704
1.45704
1.45703
1.45704
1.45703
1.45703
1.45704
1.45704
1.45704
1.45705
1.45704
1.45705
1.45703
1.45703
1.45703
1.45703
1.45702
1.45702
1.45703
1.45703
1.45703
1.45702
1.45702
1.45702
1.45702
1.45701
1.45701
1.45701
1.457
1.457
1.45701
1.45701
1.45702
1.45702
1.45702
1.45702
1.45702
1.45703
1.45702
1.45702
1.45702
1.45702
1.45703
1.45704
1.45703
1.45704
1.45703
1.45703
1.45704
1.45704
1.45705
1.45704
1.45705
1.45706
1.45705
1.45705
1.45706
1.45706
1.45705
1.45706
1.45707
1.45707
1.45706
1.45706
1.45705
1.45704
1.45705
1.45705
1.45705
1.45706
1.45706
1.45707
1.45707
1.45707
1.45707
1.45707
1.45707
1.45706
1.45706
1.45707
1.45706
1.45705
1.45705
1.45704
1.45704
1.45704
1.45704
1.45705
1.45705
1.45705
1.45707
1.45705
1.45705
1.45706
1.45707
1.45707
1.45706
1.45706
1.45705
1.45705
1.45705
1.45704
1.45705
1.45706
1.45706
1.45707
1.45707
1.45707
1.45707
1.45706
1.45706
1.45707
1.45706
1.45706
1.45707
1.45708
1.45708
1.45708
1.45709
1.45708
1.45708
1.45707
1.45707
1.45707
1.45708
1.45707
1.45707
1.45708
1.45708
1.45707
1.45706
1.45706
1.45706
1.45707
1.45707
1.45708
1.45708
1.45708
1.45708
1.45708
1.45707
1.45707
1.45707
1.45706
1.45706
1.45706
1.45706
1.45706
1.45705
1.45706
1.45705
1.45705
1.45704
1.45704
1.45705
1.45704
1.45704
1.45705
1.45706
1.45704
1.45705
1.45705
1.45705
1.45705
1.45706
1.45705
1.45704
1.45704
1.45705
1.45706
1.45706
1.45706
1.45706
1.45706
1.45706
1.45705
1.45706
1.45706
1.45707
1.45707
1.45706
1.45706
1.45706
1.45706
1.45705
1.45705
1.45705
1.45704
1.45704
1.45703
1.45702
1.45703
1.45703
1.45703
1.45702
1.45703
1.45703
1.45702
1.45701
1.45701
1.45701
1.457
1.457
1.45701
1.45701
1.457
1.45699
1.45699
1.45699
1.45698
1.45699
1.45699
1.457
1.45699
1.45699
1.45699
1.457
1.45699
1.457
1.457
1.45699
1.45699
1.45699
1.45698
1.45698
1.457
1.457
1.45701
1.457
1.457
1.457
1.457
1.45699
1.45699
1.45699
1.457
1.457
1.457
1.45701
1.45702
1.45703
1.45703
1.45703
1.45703
1.45703
1.45704
1.45704
1.45703
1.45702
1.45703
1.45703
1.45703
1.45703
1.45704
1.45705
1.45705
1.45705
1.45705
1.45704
1.45704
1.45704
1.45703
1.45703
1.45702
1.45703
1.45704
1.45705
1.45704
1.45702
1.45703
1.45703
1.45703
1.45703
1.45704
1.45704
1.45704
1.45703
1.45704
1.45704
1.45704
1.45703
1.45703
1.45703
1.45703
1.45704
1.45704
1.45704
1.45704
1.45705
1.45705
1.45704
1.45704
1.45703
1.45703
1.45704
1.45703
1.45703
1.45704
1.45704
1.45704
1.45705
1.45705
1.45704
1.45705
1.45705
1.45705
1.45705
1.45706
1.45706
1.45705
1.45705
1.45704
1.45705
1.45704
1.45704
1.45704
1.45705
1.45706
1.45705
1.45705
1.45706
1.45706
1.45705
1.45706
1.45706
1.45706
1.45705
1.45705
1.45704
1.45706
1.45706
1.45706
1.45706
1.45706
1.45706
1.45707
1.45708
1.45709
1.45709
1.4571
1.4571
1.4571
1.4571
1.45708
1.45708
1.45708
1.45708
1.45706
1.45706
1.45706
1.45706
1.45705
1.45705
1.45705
1.45705
1.45705
1.45705
1.45705
1.45705
1.45705
1.45704
1.45705
1.45705
1.45704
1.45704
1.45704
1.45703
1.45703
1.45702
1.45704
1.45704
1.45703
1.45704
1.45704
1.45704
1.45704
1.45704
1.45705
1.45706
1.45706
1.45706
1.45705
1.45705
1.45705
1.45705
1.45704
1.45705
1.45705
1.45705
1.45705
1.45706
1.45706
1.45706
1.45705
1.45705
1.45705
1.45705
1.45704
1.45704
1.45704
1.43126
1.43126
1.43127
1.43126
1.43126
1.43126
1.43127
1.43126
1.43126
1.43127
1.43126
1.43127
1.43126
1.43126
1.43127
1.43128
1.43129
1.43129
1.43129
1.43129
1.4313
1.43129
1.4313
1.4313
1.4313
1.4313
1.43129
1.43129
1.43129
1.43129
1.4313
1.4313
1.4313
1.43131
1.43131
1.43131
1.43133
1.43132
1.43131
1.43131
1.43131
1.43131
1.4313
1.4313
1.43131
1.43132
1.43133
1.43133
1.43133
1.43133
1.43132
1.43134
1.43134
1.43134
1.43133
1.43134
1.43133
1.43132
1.43132
1.43131
1.43131
1.43132
1.43133
1.43133
1.43133
1.43133
1.43133
1.43132
1.43132
1.43133
1.43133
1.43134
1.43134
1.43134
1.43134
1.43134
1.43134
1.43134
1.43134
1.43134
1.43135
1.43135
1.43135
1.43136
1.43135
1.43135
1.43135
1.43135
1.43135
1.43135
1.43135
1.43135
1.43135
1.43135
1.43136
1.43135
1.43135
1.43135
1.43137
1.43137
1.43138
1.43139
1.43139
1.43139
1.43139
1.43139
1.43139
1.43139
1.43139
1.43139
1.4314
1.4314
1.43141
1.43141
1.4314
1.43141
1.43141
1.4314
1.4314
1.43141
1.43142
1.43143
1.43142
1.43143
1.43141
1.43142
1.43142
1.43141
1.43141
1.4314
1.4314
1.4314
1.4314
1.43141
1.4314
1.4314
1.4314
1.4314
1.4314
1.43141
1.43141
1.43141
1.4314
1.4314
1.4314
1.43139
1.4314
1.43141
1.4314
1.43139
1.43138
1.43138
1.43138
1.43138
1.43138
1.43138
1.43137
1.43137
1.43138
1.43137
1.43137
1.43137
1.43138
1.43138
1.43138
1.43137
1.43139
1.43138
1.43138
1.43137
1.43138
1.43137
1.43137
1.43137
1.43138
1.43137
1.43138
1.43138
1.43137
1.43137
1.43138
1.43138
1.43138
1.43137
1.43137
1.43137
1.43138
1.43138
1.43138
1.43138
1.43138
1.43138
1.43139
1.43138
1.43137
1.43137
1.43137
1.43137
1.43138
1.43137
1.43137
1.43137
1.43138
1.43138
1.43138
1.43139
1.43139
1.43138
1.43138
1.43139
1.43139
1.43139
1.4314
1.4314
1.4314
1.43139
1.43139
1.4314
1.4314
1.43139
1.43139
1.43139
1.43139
1.43139
1.43139
1.43139
1.43139
1.43139
1.43139
1.43139
1.43139
1.43139
1.43139
1.4314
1.4314
1.4314
1.43141
1.43141
1.43142
1.43142
1.43143
1.43144
1.43144
1.43144
1.43143
1.43143
1.43143
1.43142
1.43142
1.43143
1.43142
1.43142
1.43142
1.43142
1.43142
1.43142
1.43141
1.43142
1.43141
1.43141
1.43142
1.43141
1.43141
1.43142
1.43142
1.43142
1.43142
1.43143
1.43143
1.43144
1.43144
1.43143
1.43143
1.43143
1.43144
1.43144
1.43145
1.43145
1.43144
1.43145
1.43144
1.43145
1.43145
1.43146
1.43146
1.43145
1.43145
1.43145
1.43145
1.43146
1.43146
1.43147
1.43146
1.43146
1.43146
1.43147
1.43146
1.43146
1.43147
1.43147
1.43147
1.43148
1.43148
1.43148
1.43149
1.43149
1.43149
1.4315
1.4315
1.4315
1.43149
1.43149
1.43149
1.43149
1.43149
1.43148
1.43148
1.43149
1.43149
1.43149
1.4315
1.43149
1.43149
1.43149
1.43149
1.43149
1.4315
1.4315
1.43149
1.4315
1.43149
1.43148
1.43148
1.43149
1.43149
1.43148
1.43148
1.43147
1.43148
1.43148
1.43149
1.43147
1.43147
1.43147
1.43148
1.43147
1.43147
1.43147
1.43148
1.43148
1.43148
1.43148
1.43147
1.43147
1.43146
1.43147
1.43147
1.43147
1.43147
1.43147
1.43146
1.43147
1.43147
1.43148
1.43147
1.43147
1.43148
1.43148
1.43148
1.43147
1.43147
1.43147
1.43148
1.43149
1.43149
1.43149
1.43149
1.43148
1.43148
1.43149
1.43149
1.43148
1.43149
1.43148
1.43148
1.43149
1.43149
1.43148
1.43149
1.4315
1.4315
1.4315
1.4315
1.43151
1.43152
1.43152
1.43151
1.43151
1.43151
1.43151
1.43151
1.43151
1.4315
1.43151
1.4315
1.43149
1.43149
1.43149
1.43148
1.43148
1.43147
1.43148
1.43148
1.43148
1.43148
1.43148
1.43148
1.43148
1.43149
1.43149
1.43149
1.43149
1.43149
1.43149
1.43149
1.4315
1.4315
1.43149
1.43149
1.43149
1.43149
1.43149
1.43148
1.43148
1.43149
1.43149
1.43149
1.43149
1.43149
1.43149
1.4315
1.4315
1.4315
1.4315
1.43149
1.43149
1.4315
1.4315
1.4315
1.43151
1.43151
1.4315
1.43149
1.4315
1.43149
1.43149
1.43149
1.43148
1.43148
1.43147
1.43147
1.43146
1.43146
1.43147
1.43146
1.43146
1.43146
1.43147
1.43147
1.43147
1.43146
1.43147
1.43147
1.43146
1.43147
1.43148
1.43147
1.43148
1.43147
1.43147
1.43148
1.43148
1.43149
1.43149
1.43149
1.4315
1.4315
1.4315
1.4315
1.4315
1.43151
1.43151
1.4315
1.43151
1.4315
1.43149
1.43149
1.4315
1.4315
1.43149
1.48482
1.48481
1.48482
1.48482
1.4848
1.4848
1.48479
1.48479
1.4848
1.4848
1.4848
1.4848
1.4848
1.48479
1.48479
1.4848
1.48478
1.48479
1.48479
1.48479
1.48479
1.48479
1.48479
1.48479
1.48479
1.48479
1.48479
1.48479
1.4848
1.4848
1.4848
1.48481
1.4848
1.48479
1.48479
1.4848
1.4848
1.4848
1.48481
1.48481
1.4848
1.4848
1.4848
1.48479
1.4848
1.4848
1.4848
1.4848
1.4848
1.4848
1.4848
1.4848
1.48479
1.48479
1.48478
1.48479
1.48478
1.48478
1.48479
1.48479
1.48479
1.48478
1.48477
1.48477
1.48477
1.48477
1.48478
1.48478
1.48479
1.48478
1.48477
1.48478
1.48478
1.48477
1.48477
1.48477
1.48477
1.48476
1.48477
1.48477
1.48477
1.48477
1.48476
1.48476
1.48477
1.48477
1.48477
1.48478
1.48477
1.48478
1.48478
1.48478
1.48478
1.48477
1.48477
1.48476
1.48477
1.48478
1.48478
1.48478
1.48477
1.48477
1.48477
1.48477
1.48476
1.48476
1.48476
1.48476
1.48476
1.48476
1.48475
1.48475
1.48474
1.48475
1.48475
1.48475
1.48474
1.48474
1.48474
1.48474
1.48474
1.48474
1.48473
1.48474
1.48475
1.48475
1.48475
1.48476
1.48476
1.48475
1.48475
1.48475
1.48474
1.48475
1.48474
1.48475
1.48474
1.48474
1.48473
1.48474
1.48473
1.48472
1.48472
1.48471
1.48471
1.48472
1.48472
1.48473
1.48473
1.48472
1.48473
1.48473
1.48473
1.48474
1.48473
1.48473
1.48473
1.48473
1.48474
1.48474
1.48474
1.48473
1.48473
1.48474
1.48475
1.48476
1.48476
1.48476
1.48475
1.48475
1.48475
1.48476
1.48475
1.48474
1.48474
1.48474
1.48473
1.48473
1.48474
1.48474
1.48473
1.48473
1.48474
1.48474
1.48474
1.48474
1.48474
1.48474
1.48474
1.48475
1.48476
1.48477
1.48476
1.48477
1.48477
1.48477
1.48477
1.48477
1.48476
1.48476
1.48476
1.48476
1.48476
1.48476
1.48477
1.48477
1.48476
1.48476
1.48476
1.48475
1.48475
1.48475
1.48474
1.48474
1.48474
1.48474
1.48474
1.48474
1.48474
1.48474
1.48473
1.48473
1.48473
1.48473
1.48473
1.48473
1.48473
1.48473
1.48472
1.48473
1.48473
1.48473
1.48473
1.48473
1.48474
1.48472
1.48472
1.48472
1.48472
1.48472
1.48472
1.48471
1.48472
1.4847
1.48469
1.4847
1.4847
1.4847
1.4847
1.4847
1.4847
1.48471
1.4847
1.4847
1.4847
1.4847
1.4847
1.48469
1.48469
1.48469
1.48469
1.48469
1.48468
1.48468
1.48468
1.48468
1.48468
1.48469
1.48468
1.48468
1.48469
1.4847
1.4847
1.4847
1.48469
1.48469
1.4847
1.4847
1.4847
1.4847
1.48471
1.48471
1.48471
1.4847
1.4847
1.4847
1.4847
1.4847
1.4847
1.48471
1.48471
1.48471
1.4847
1.4847
1.4847
1.48471
1.4847
1.4847
1.4847
1.48471
1.4847
1.4847
1.4847
1.4847
1.48469
1.4847
1.4847
1.4847
1.4847
1.4847
1.4847
1.48471
1.48471
1.48471
1.4847
1.48469
1.48469
1.4847
1.4847
1.4847
1.4847
1.48471
1.48471
1.48471
1.48471
1.48471
1.4847
1.4847
1.48469
1.4847
1.48469
1.4847
1.48469
1.48468
1.48468
1.48469
1.48469
1.48469
1.48469
1.48468
1.48469
1.48468
1.48468
1.48468
1.48469
1.48468
1.48468
1.48468
1.48468
1.48467
1.48468
1.48469
1.48469
1.48469
1.48469
1.48469
1.48468
1.48468
1.48469
1.48468
1.48468
1.48468
1.48468
1.48468
1.48468
1.48469
1.48469
1.48469
1.48469
1.48469
1.4847
1.48469
1.48469
1.48469
1.48469
1.48469
1.48469
1.4847
1.48471
1.4847
1.48471
1.48471
1.48471
1.48471
1.4847
1.4847
1.4847
1.4847
1.4847
1.4847
1.4847
1.48471
1.4847
1.4847
1.4847
1.48469
1.48469
1.48469
1.48469
1.48469
1.48469
1.4847
1.4847
1.48471
1.4847
1.4847
1.4847
1.4847
1.4847
1.48469
1.48469
1.48467
1.48467
1.48467
1.48466
1.48466
1.48466
1.48466
1.48466
1.48466
1.48466
1.48466
1.48466
1.48466
1.48466
1.48467
1.48467
1.48466
1.48466
1.48465
1.48466
1.48466
1.48466
1.48466
1.48465
1.48466
1.48466
1.48466
1.48466
1.48466
1.48465
1.48465
1.48464
1.48464
1.48464
1.48464
1.48464
1.48463
1.48463
1.48464
1.48464
1.48464
1.48465
1.48465
1.48465
1.48464
1.48465
1.48465
1.48465
1.48464
1.48464
1.48463
1.48463
1.48463
1.48463
1.48462
1.48462
1.48462
1.48462
1.48462
1.48463
1.48464
1.48464
1.48464
1.48463
1.48462
1.48462
1.48462
1.48462
1.48462
1.48462
1.48462
1.48462
1.48461
1.48462
1.48461
1.48461
1.48461
1.48461
1.4846
1.4846
1.48459
1.48459
1.4846
1.4846
1.48459
1.48459
1.48459
1.48459
1.4846
1.44713
1.44714
1.44714
1.44714
1.44714
1.44715
1.44715
1.44715
1.44715
1.44715
1.44716
1.44716
1.44715
1.44715
1.44716
1.44716
1.44715
1.44715
1.44715
1.44715
1.44714
1.44715
1.44715
1.44715
1.44716
1.44716
1.44716
1.44716
1.44716
1.44717
1.44717
1.44716
1.44716
1.44717
1.44717
1.44717
1.44718
1.44717
1.44717
1.44717
1.44717
1.44717
1.44717
1.44717
1.44716
1.44715
1.44715
1.44715
1.44715
1.44715
1.44715
1.44715
1.44717
1.44716
1.44716
1.44716
1.44717
1.44716
1.44716
1.44716
1.44717
1.44718
1.44719
1.44718
1.44718
1.44718
1.44718
1.44717
1.44717
1.44716
1.44717
1.44717
1.44717
1.44717
1.44717
1.44717
1.44717
1.44716
1.44717
1.44717
1.44717
1.44716
1.44716
1.44717
1.44718
1.44718
1.44718
1.44718
1.44718
1.44718
1.44718
1.44718
1.44718
1.44717
1.44717
1.44717
1.44716
1.44716
1.44718
1.44717
1.44718
1.44716
1.44716
1.44716
1.44715
1.44715
1.44715
1.44715
1.44714
1.44715
1.44715
1.44714
1.44715
1.44715
1.44715
1.44715
1.44714
1.44715
1.44716
1.44716
1.44716
1.44716
1.44716
1.44716
1.44716
1.44715
1.44715
1.44714
1.44715
1.44714
1.44715
1.44716
1.44716
1.44715
1.44715
1.44716
1.44716
1.44716
1.44715
1.44715
1.44715
1.44715
1.44714
1.44714
1.44714
1.44714
1.44713
1.44713
1.44714
1.44714
1.44713
1.44713
1.44713
1.44712
1.44712
1.44713
1.44714
1.44714
1.44714
1.44715
1.44714
1.44714
1.44714
1.44714
1.44714
1.44714
1.44714
1.44713
1.44713
1.44713
1.44712
1.44712
1.44713
1.44713
1.44714
1.44714
1.44715
1.44716
1.44716
1.44717
1.44718
1.44718
1.44718
1.44717
1.44717
1.44717
1.44716
1.44717
1.44717
1.44717
1.44717
1.44718
1.44718
1.44719
1.44717
1.44717
1.44717
1.44717
1.44716
1.44717
1.44717
1.44717
1.44717
1.44717
1.44717
1.44716
1.44716
1.44716
1.44716
1.44716
1.44717
1.44717
1.44717
1.44718
1.44719
1.44718
1.44719
1.44719
1.44719
1.44718
1.44719
1.44718
1.44718
1.44718
1.44718
1.44718
1.4472
1.4472
1.4472
1.4472
1.44719
1.44719
1.44719
1.4472
1.4472
1.44721
1.44721
1.4472
1.44721
1.4472
1.44719
1.4472
1.4472
1.44721
1.44721
1.44721
1.44721
1.44722
1.44721
1.44722
1.44722
1.44721
1.44722
1.44721
1.44721
1.44721
1.44721
1.4472
1.4472
1.4472
1.44722
1.44722
1.44722
1.44722
1.44722
1.44721
1.44721
1.4472
1.4472
1.4472
1.4472
1.4472
1.4472
1.44718
1.44719
1.44719
1.44719
1.44719
1.4472
1.4472
1.4472
1.44719
1.4472
1.4472
1.4472
1.44719
1.44719
1.4472
1.44721
1.4472
1.4472
1.4472
1.44719
1.4472
1.44719
1.44719
1.44719
1.4472
1.44721
1.44721
1.44721
1.4472
1.4472
1.44721
1.44722
1.44722
1.44722
1.44722
1.44721
1.44721
1.44721
1.44721
1.44722
1.44722
1.44722
1.44722
1.44722
1.44723
1.44722
1.44722
1.44723
1.44723
1.44723
1.44723
1.44724
1.44724
1.44724
1.44724
1.44724
1.44724
1.44723
1.44723
1.44722
1.44723
1.44723
1.44723
1.44723
1.44723
1.44723
1.44724
1.44724
1.44724
1.44723
1.44723
1.44724
1.44724
1.44724
1.44724
1.44723
1.44723
1.44723
1.44722
1.44722
1.44723
1.44722
1.44723
1.44722
1.44722
1.44722
1.4472
1.44721
1.44722
1.44722
1.44722
1.44723
1.44723
1.44724
1.44725
1.44725
1.44725
1.44725
1.44724
1.44724
1.44725
1.44724
1.44723
1.44722
1.44722
1.44723
1.44722
1.44723
1.44723
1.44724
1.44724
1.44723
1.44724
1.44723
1.44723
1.44723
1.44722
1.44722
1.44721
1.44721
1.44721
1.44721
1.44721
1.4472
1.44719
1.4472
1.4472
1.4472
1.44721
1.44721
1.44721
1.44721
1.44721
1.44722
1.44722
1.44722
1.44722
1.44723
1.44722
1.44722
1.44722
1.44722
1.44722
1.44722
1.44722
1.44722
1.44722
1.44722
1.44722
1.44722
1.44722
1.44722
1.44722
1.44722
1.44722
1.44723
1.44723
1.44723
1.44722
1.44721
1.44721
1.44721
1.44721
1.44721
1.44721
1.44721
1.44721
1.44719
1.44719
1.4472
1.4472
1.44721
1.44721
1.44721
1.44721
1.44721
1.44721
1.4472
1.44721
1.44721
1.44722
1.44721
1.44721
1.44721
1.44721
1.4472
1.44721
1.4472
1.44721
1.44721
1.44721
1.4472
1.44719
1.44719
1.44719
1.44719
1.44719
1.44719
1.44719
1.4472
1.44719
1.44719
1.44718
1.44718
1.44718
1.44718
1.44717
1.44718
1.44718
1.44717
1.44717
1.44716
1.44716
1.44715
1.44715
1.44715
1.44715
1.44715
1.44715
1.44716
1.44717
1.44717
1.44716
1.44717
1.44716
1.44718
1.44717
