1.8
1.80001
1.80003
1.80005
1.80008
1.80011
1.80015
1.8002
1.80025
1.80031
1.80038
1.80045
1.80053
1.80061
1.8007
1.8008
1.80091
1.80102
1.80114
1.80127
1.8014
1.80154
1.80169
1.80185
1.80202
1.80219
1.80237
1.80256
1.80276
1.80297
1.80318
1.80341
1.80364
1.80388
1.80413
1.8044
1.80467
1.80495
1.80524
1.80555
1.80586
1.80619
1.80653
1.80688
1.80724
1.80762
1.80801
1.80841
1.80883
1.80926
1.80971
1.81018
1.81066
1.81116
1.81168
1.81221
1.81277
1.81335
1.81395
1.81457
1.81521
1.81588
1.81658
1.8173
1.81805
1.81883
1.81964
1.82049
1.82137
1.82228
1.82324
1.82423
1.82526
1.82635
1.82747
1.82865
1.82988
1.83117
1.83252
1.83392
1.8354
1.83694
1.83856
1.84026
1.84203
1.8439
1.84585
1.8479
1.85005
1.85231
1.85467
1.85715
1.85974
1.86244
1.86526
1.86819
1.87122
1.87435
1.87755
1.8808
1.88406
1.88728
1.8904
1.89331
1.89592
1.89807
1.89959
1.9003
1.9
1.89852
1.8958
1.89193
1.88722
1.88228
1.87794
1.87511
1.87452
1.87653
1.88102
1.88743
1.89494
1.90263
1.90965
1.91535
1.9194
1.92188
1.92331
1.92458
1.92673
1.93063
1.93661
1.94436
1.95307
1.96169
1.96927
1.97515
1.97903
1.98088
1.98094
1.97961
1.97737
1.97472
1.97204
1.96957
1.96738
1.96543
1.96363
1.96189
1.96009
1.95811
1.95589
1.9535
1.95126
1.94977
1.9497
1.95162
1.95575
1.96192
1.96968
1.97835
1.98727
1.99578
2.00333
2.00952
2.01411
2.017
2.01828
2.0182
2.01708
2.01537
2.01352
2.012
2.01118
2.01132
2.01252
2.01472
2.01772
2.02124
2.02494
2.02854
2.03178
2.03451
2.03666
2.03828
2.03946
2.04034
2.04106
2.04172
2.04238
2.04302
2.04362
2.04418
2.04469
2.04521
2.04578
2.04645
2.04724
2.04815
2.04912
2.0501
2.05106
2.05198
2.05287
2.05377
2.05475
2.05586
2.05719
2.05875
2.06058
2.06265
2.06491
2.06729
2.06971
2.07206
2.07424
2.07615
2.07771
2.07882
2.07942
2.07947
2.07893
2.07784
2.07628
2.0744
2.07237
2.07039
2.06865
2.06723
2.06607
2.06502
2.0638
2.06212
2.05974
2.05654
2.05259
2.04824
2.04409
2.04095
2.03968
2.04094
2.04496
2.05139
2.0594
2.06792
2.07584
2.08223
2.08634
2.08764
2.08584
2.08102
2.07383
2.06568
2.05865
2.05487
2.05562
2.06071
2.06869
2.07758
2.08559
2.09144
2.0943
2.09372
2.08953
2.08181
2.07096
2.05781
2.04372
2.03054
2.02032
2.01486
2.01515
2.02099
2.03114
2.04371
2.05678
2.06882
2.07891
2.08669
2.09222
2.09582
2.09792
2.09899
2.09943
2.09957
2.09964
2.09975
2.09998
2.10033
2.10076
2.10125
2.10178
2.10232
2.10287
2.10344
2.10401
2.1046
2.10518
2.10572
2.10616
2.10641
2.10635
2.10581
2.10458
2.10241
2.09905
2.09428
2.08802
2.08049
2.07227
2.06439
2.05808
2.05441
2.05375
2.05569
2.05926
2.06334
2.06709
2.07003
2.07203
2.07318
2.07372
2.07392
2.07401
2.07419
2.07456
2.07513
2.07583
2.07654
2.07711
2.07743
2.07744
2.07716
2.0767
2.0762
2.07585
2.07578
2.07603
2.07656
2.07726
2.07795
2.07847
2.07871
2.07861
2.07815
2.07742
2.07652
2.07556
2.07467
2.07396
2.07347
2.07324
2.07323
2.07341
2.07372
2.07412
2.07457
2.07507
2.07561
2.0762
2.07685
2.07757
2.07833
2.07909
2.0798
2.08035
2.08061
2.08043
2.07963
2.07801
2.07535
2.07145
2.06611
2.05926
2.05101
2.04172
2.03215
2.02341
2.01682
2.01363
2.01458
2.0197
2.02822
2.03889
2.05034
2.06142
2.07133
2.07961
2.08608
2.09072
2.09356
2.09466
2.09407
2.09182
2.088
2.08277
2.07648
2.06964
2.06292
2.05699
2.05233
2.04913
2.04722
2.04626
2.04592
2.04599
2.04645
2.04734
2.04869
2.05049
2.0526
2.05486
2.05707
2.05912
2.06095
2.06255
2.06395
2.06521
2.06638
2.06748
2.06853
2.06954
2.07049
2.07138
2.07219
2.07292
2.07356
2.07412
2.07459
2.075
2.07533
2.07562
2.07585
2.07605
2.07621
2.07633
2.07642
2.07645
2.07643
2.07632
2.07612
2.07579
2.07532
2.07468
2.07384
2.07277
2.07147
2.06993
2.06817
2.06625
2.06424
2.06225
2.06041
2.05884
2.05765
2.05688
2.05651
2.05646
2.05658
2.05673
2.05676
2.05655
2.05606
2.05529
2.05431
2.05321
2.05217
2.05133
2.05084
2.05084
2.05138
2.05246
2.054
2.05587
2.0579
2.0599
2.0617
2.06316
2.06421
2.06484
2.06509
2.06504
2.0648
2.06444
2.06402
2.06351
2.06285
2.06195
2.06074
2.05916
2.05724
2.05506
2.05278
2.05058
2.04866
2.04718
2.04626
2.0459
2.04603
2.0465
2.04711
1.80067
1.80134
1.80195
1.80255
1.80328
1.80428
1.80568
1.80746
1.80955
1.81179
1.81399
1.81601
1.81773
1.81908
1.81999
1.82044
1.82041
1.81994
1.8191
1.81804
1.81691
1.81591
1.81517
1.81481
1.81488
1.81541
1.81642
1.81798
1.82015
1.82298
1.82644
1.83041
1.83467
1.83897
1.84303
1.84662
1.84957
1.85174
1.85306
1.85347
1.85297
1.85158
1.84937
1.84647
1.84311
1.83954
1.83605
1.83291
1.83035
1.82849
1.8274
1.82709
1.82751
1.82854
1.82995
1.83144
1.83263
1.83318
1.83281
1.83136
1.8289
1.82562
1.82194
1.81832
1.81529
1.81327
1.81249
1.81295
1.81439
1.81642
1.81859
1.82049
1.82185
1.82255
1.82265
1.82233
1.82188
1.8216
1.82171
1.82229
1.82329
1.82461
1.82615
1.82794
1.83006
1.83259
1.83556
1.83883
1.8422
1.84539
1.84816
1.85029
1.85169
1.8523
1.85212
1.85119
1.84955
1.84725
1.84433
1.84085
1.83686
1.83248
1.82782
1.8231
1.81859
1.81462
1.81156
1.80971
1.80924
1.81017
1.81231
1.81534
1.8189
1.82264
1.82626
1.82958
1.83251
1.835
1.83706
1.83873
1.84004
1.84105
1.84178
1.84226
1.8425
1.84252
1.84231
1.84188
1.84124
1.84042
1.83947
1.83851
1.83766
1.83709
1.83698
1.83748
1.83867
1.84053
1.84293
1.84567
1.84844
1.85093
1.85279
1.85372
1.85339
1.85157
1.84812
1.84308
1.83678
1.82985
1.82311
1.81726
1.81262
1.80914
1.80672
1.80567
1.80675
1.81065
1.81731
1.82565
1.83396
1.84055
1.84416
1.84404
1.84002
1.83265
1.82349
1.81522
1.81084
1.81228
1.81925
1.82965
1.8409
1.85114
1.85948
1.86576
1.87011
1.87278
1.87404
1.87408
1.8731
1.87127
1.86873
1.86565
1.8622
1.85859
1.85504
1.85182
1.84923
1.84756
1.84702
1.84769
1.84948
1.85214
1.85532
1.85865
1.86182
1.86459
1.86681
1.86837
1.8692
1.86923
1.86841
1.86669
1.86404
1.86051
1.85624
1.85147
1.84654
1.8418
1.83754
1.83393
1.83106
1.82901
1.82793
1.82807
1.82964
1.83266
1.83692
1.84196
1.84729
1.85246
1.85718
1.86125
1.86461
1.86719
1.86897
1.86993
1.87007
1.86944
1.86813
1.86634
1.86436
1.86251
1.8611
1.86034
1.8603
1.86086
1.86185
1.86303
1.86428
1.86553
1.86685
1.8683
1.86995
1.87178
1.87365
1.87537
1.8767
1.8774
1.8773
1.87634
1.87457
1.8722
1.86951
1.86686
1.86456
1.8628
1.8616
1.86085
1.86033
1.85984
1.85921
1.8584
1.85742
1.85637
1.85537
1.85456
1.85404
1.8539
1.8542
1.85501
1.85637
1.85832
1.86083
1.86382
1.86714
1.87056
1.87387
1.87686
1.87935
1.88123
1.88245
1.88298
1.88283
1.88204
1.88065
1.87868
1.8762
1.87323
1.86983
1.86606
1.86199
1.85775
1.85349
1.84944
1.84586
1.84306
1.84136
1.841
1.84206
1.84445
1.8479
1.852
1.85631
1.8604
1.86398
1.86683
1.86887
1.87007
1.87049
1.87019
1.86925
1.86776
1.86579
1.86342
1.86072
1.85778
1.85468
1.85155
1.8485
1.84568
1.84321
1.84117
1.83963
1.83857
1.83796
1.8377
1.83771
1.83789
1.83817
1.83852
1.8389
1.8393
1.83972
1.84017
1.84063
1.8411
1.84157
1.84202
1.84243
1.84279
1.84309
1.84332
1.84347
1.84357
1.84362
1.84365
1.84368
1.84374
1.84386
1.84409
1.84446
1.845
1.84575
1.84672
1.84792
1.84937
1.85104
1.85291
1.85495
1.8571
1.8593
1.86147
1.86353
1.86538
1.86689
1.86794
1.86837
1.86798
1.86654
1.8638
1.85946
1.85324
1.84496
1.83472
1.8232
1.81188
1.80293
1.79851
1.79959
1.80531
1.81344
1.82155
1.82788
1.83152
1.83225
1.8303
1.82627
1.82113
1.81616
1.81283
1.81229
1.815
1.82052
1.82788
1.83601
1.84415
1.8519
1.85905
1.8655
1.87112
1.87578
1.87935
1.88175
1.88295
1.883
1.88198
1.88
1.87721
1.87378
1.86995
1.86597
1.86218
1.85891
1.85645
1.85502
1.85464
1.85522
1.8565
1.85819
1.86001
1.86176
1.86332
1.86468
1.86586
1.86693
1.86797
1.86904
1.87019
1.87144
1.8728
1.87427
1.87581
1.87742
1.87907
1.88072
1.88235
1.88391
1.88535
1.88663
1.88766
1.88836
1.88861
1.88821
1.88695
1.88449
1.88045
1.87437
1.86583
1.85468
1.84137
1.82738
1.81541
1.80869
1.80934
1.81699
1.82899
1.84206
1.85378
1.86306
1.86982
1.87444
1.87742
1.87916
1.87994
1.87992
1.87917
1.87777
1.87579
1.87334
1.87056
1.86762
1.86467
1.8619
1.85945
1.85745
1.85597
1.85504
1.85464
1.8547
1.85516
1.85592
1.85688
1.85797
1.85911
1.86024
1.86133
1.86233
1.86322
1.86398
1.86458
1.86502
1.86528
1.86537
1.86526
1.86497
1.86449
1.86381
1.86293
1.79899
1.79774
1.79628
1.79461
1.7927
1.79055
1.78811
1.78537
1.78229
1.77883
1.77495
1.77065
1.76589
1.76068
1.75509
1.74918
1.7431
1.73705
1.73127
1.72605
1.72169
1.71846
1.71655
1.71602
1.71676
1.71851
1.72089
1.72347
1.72587
1.72781
1.72913
1.72987
1.7302
1.73041
1.73078
1.73156
1.7328
1.73445
1.73629
1.73809
1.73962
1.74074
1.74143
1.74172
1.74172
1.74154
1.74129
1.74102
1.74074
1.7404
1.7399
1.73914
1.73799
1.73636
1.73416
1.73134
1.72792
1.72392
1.71944
1.71457
1.70941
1.70404
1.69848
1.69275
1.68692
1.68129
1.67648
1.67348
1.67334
1.67671
1.68333
1.69208
1.70143
1.71006
1.71713
1.7223
1.7256
1.7272
1.72734
1.72623
1.72399
1.72072
1.71653
1.71157
1.7061
1.70049
1.69514
1.6904
1.6864
1.68308
1.68027
1.67785
1.67581
1.67433
1.67371
1.67427
1.67625
1.67975
1.68457
1.69028
1.69618
1.70141
1.70504
1.70618
1.70414
1.69878
1.69095
1.68285
1.67765
1.67806
1.68451
1.69491
1.70612
1.71561
1.72218
1.72569
1.72662
1.7257
1.72371
1.72142
1.71951
1.71846
1.71848
1.7195
1.72123
1.72327
1.72525
1.72691
1.72818
1.7291
1.72988
1.73072
1.73183
1.73334
1.73527
1.7375
1.73987
1.74215
1.74413
1.74561
1.74644
1.74653
1.74585
1.74443
1.74239
1.73995
1.73742
1.73516
1.73354
1.73281
1.73306
1.7342
1.73597
1.73805
1.74013
1.74194
1.74335
1.74432
1.74492
1.74531
1.7457
1.74633
1.74745
1.74928
1.75194
1.75545
1.75971
1.76449
1.76952
1.77446
1.77899
1.78282
1.78572
1.78746
1.78789
1.78683
1.78415
1.77981
1.7739
1.7668
1.75919
1.75195
1.74587
1.7413
1.73801
1.7353
1.73244
1.72902
1.72516
1.72142
1.71857
1.71721
1.71761
1.71962
1.72282
1.72677
1.73108
1.73552
1.73999
1.74448
1.74903
1.75366
1.7584
1.76319
1.76791
1.77234
1.77628
1.77952
1.78193
1.78345
1.78408
1.78386
1.78287
1.78118
1.77884
1.77591
1.7724
1.76835
1.7638
1.75883
1.75356
1.74817
1.74294
1.73817
1.73421
1.73133
1.7297
1.72934
1.73011
1.73176
1.73397
1.73645
1.73895
1.7413
1.74343
1.7453
1.74694
1.74837
1.74962
1.7507
1.75159
1.75226
1.75266
1.75273
1.75243
1.75175
1.75072
1.74937
1.74783
1.74623
1.74475
1.74356
1.74278
1.74249
1.74269
1.74326
1.74404
1.74483
1.7454
1.7456
1.7453
1.74448
1.74319
1.74162
1.74004
1.73879
1.73822
1.7386
1.74008
1.74263
1.74607
1.75013
1.75451
1.75894
1.7632
1.76718
1.77081
1.77409
1.77704
1.77971
1.78215
1.78442
1.78654
1.78856
1.79049
1.79234
1.79411
1.79577
1.79729
1.79862
1.7997
1.80044
1.80077
1.80054
1.79964
1.79794
1.79531
1.79169
1.78707
1.78162
1.77567
1.76975
1.76456
1.76083
1.75918
1.75997
1.76319
1.76848
1.77525
1.78279
1.79041
1.79752
1.80368
1.80861
1.81217
1.81433
1.81513
1.81467
1.81307
1.8105
1.8072
1.80347
1.79974
1.79656
1.79452
1.79418
1.79587
1.79956
1.80481
1.81094
1.81715
1.82274
1.82715
1.83003
1.83118
1.83052
1.82806
1.82389
1.81815
1.81105
1.80294
1.79459
1.78746
1.78362
1.78481
1.79126
1.80126
1.81207
1.82134
1.8278
1.83122
1.83204
1.831
1.829
1.82688
1.82537
1.82499
1.82597
1.82823
1.83145
1.83516
1.83885
1.84206
1.84444
1.84579
1.846
1.8451
1.84315
1.84029
1.83667
1.83243
1.82773
1.82273
1.81763
1.81267
1.80813
1.80438
1.80177
1.80062
1.80108
1.80312
1.8065
1.81084
1.81571
1.82068
1.82544
1.82975
1.83346
1.83648
1.83874
1.84018
1.84075
1.8404
1.83911
1.8369
1.83384
1.83006
1.82575
1.8212
1.8167
1.8126
1.8092
1.80671
1.80525
1.80482
1.8053
1.80649
1.8082
1.81021
1.81237
1.81454
1.81665
1.81865
1.82053
1.82226
1.82385
1.82529
1.82658
1.82772
1.82871
1.82956
1.83026
1.83083
1.83126
1.83156
1.83172
1.83174
1.83161
1.8313
1.83079
1.83006
1.82907
1.82778
1.82617
1.82419
1.82182
1.81904
1.81585
1.81233
1.80864
1.80509
1.80208
1.80012
1.79962
1.80086
1.80379
1.80807
1.81311
1.81827
1.82294
1.82674
1.82952
1.83131
1.83234
1.83292
1.8334
1.83415
1.83542
1.83738
1.84007
1.84337
1.84707
1.85087
1.85447
1.85758
1.85997
1.86149
1.86206
1.86162
1.86013
1.85749
1.85352
1.84807
1.8411
1.83295
1.82457
1.81748
1.81333
1.81307
1.81644
1.82209
1.8284
1.83413
1.83874
1.84223
1.84489
1.84704
1.84894
1.85068
1.85227
1.85365
1.8547
1.85524
1.85506
1.85385
1.85125
1.84699
1.841
1.8337
1.82615
1.79452
1.79168
1.7924
1.79605
1.80111
1.806
1.80968
1.81183
1.81266
1.81263
1.81226
1.81189
1.81169
1.81161
1.81147
1.81103
1.81005
1.8084
1.80612
1.80346
1.80087
1.79888
1.79796
1.79833
1.79988
1.80219
1.80477
1.80711
1.80888
1.80987
1.80999
1.80922
1.80757
1.80511
1.80192
1.7982
1.7942
1.79028
1.78681
1.78411
1.78237
1.78163
1.78175
1.78251
1.78365
1.78491
1.7861
1.78707
1.78771
1.78797
1.7878
1.78717
1.78609
1.78454
1.78256
1.78018
1.77749
1.77461
1.77171
1.769
1.76672
1.76507
1.76417
1.76406
1.76465
1.7658
1.76727
1.76889
1.77047
1.77189
1.77309
1.77401
1.77465
1.77499
1.77502
1.77472
1.77406
1.77301
1.7715
1.7695
1.76695
1.76384
1.76016
1.756
1.75147
1.74677
1.74216
1.73794
1.73437
1.73165
1.72987
1.729
1.7289
1.72939
1.73029
1.73142
1.73268
1.73398
1.73526
1.7365
1.73772
1.73896
1.74029
1.74181
1.74363
1.74581
1.74833
1.75114
1.75409
1.75704
1.75985
1.7624
1.76463
1.76652
1.76807
1.76931
1.77031
1.77111
1.77177
1.77236
1.77291
1.77349
1.77414
1.77489
1.77576
1.77676
1.77789
1.77912
1.7804
1.78165
1.78276
1.78361
1.78405
1.78389
1.78295
1.78105
1.778
1.77361
1.76774
1.76033
1.7514
1.74122
1.7304
1.71998
1.71138
1.70615
1.70546
1.70971
1.71825
1.72963
1.74211
1.75413
1.76465
1.77315
1.77957
1.78412
1.78715
1.78908
1.7903
1.79116
1.79191
1.7927
1.79361
1.7946
1.79563
1.79659
1.79739
1.79795
1.79823
1.79819
1.79786
1.79726
1.79644
1.79548
1.79442
1.79334
1.79228
1.79124
1.79023
1.7892
1.7881
1.78686
1.78541
1.78371
1.7817
1.77939
1.77678
1.7739
1.77085
1.76773
1.76473
1.76208
1.76005
1.75887
1.7587
1.75955
1.76124
1.76347
1.76585
1.768
1.76962
1.77049
1.77052
1.76969
1.76806
1.76576
1.76295
1.75981
1.75653
1.75328
1.7502
1.74738
1.74486
1.74262
1.74061
1.73878
1.73711
1.73559
1.73426
1.73317
1.73235
1.73185
1.73166
1.73177
1.73211
1.7326
1.73316
1.73371
1.73422
1.73467
1.73511
1.73555
1.73603
1.73653
1.73703
1.73748
1.73782
1.73801
1.738
1.7378
1.73741
1.73685
1.73615
1.73535
1.73447
1.73352
1.73252
1.73144
1.73028
1.72901
1.72759
1.72599
1.72417
1.72213
1.71984
1.71732
1.71461
1.71176
1.70887
1.70603
1.70335
1.70095
1.6989
1.69726
1.69605
1.69525
1.69481
1.69464
1.69466
1.69477
1.69493
1.69509
1.69527
1.69547
1.69573
1.69609
1.69662
1.69744
1.69868
1.70052
1.70301
1.70611
1.70958
1.71309
1.7163
1.71892
1.72084
1.72206
1.72273
1.72307
1.72329
1.72355
1.72389
1.72427
1.72453
1.7245
1.724
1.72291
1.72115
1.71873
1.71573
1.71228
1.70858
1.70491
1.70154
1.69881
1.69702
1.69641
1.69713
1.69916
1.70231
1.70628
1.71066
1.71507
1.7192
1.7228
1.72575
1.72799
1.72949
1.73024
1.73023
1.7294
1.72769
1.72507
1.72155
1.71729
1.71262
1.70802
1.704
1.70099
1.69917
1.6984
1.6983
1.69839
1.69826
1.69763
1.69643
1.6948
1.69301
1.69152
1.69082
1.69131
1.69322
1.69643
1.70056
1.70512
1.70962
1.71375
1.71738
1.72056
1.72341
1.72609
1.72869
1.73123
1.73366
1.73591
1.73787
1.73949
1.7407
1.7415
1.74189
1.74192
1.7416
1.741
1.74016
1.73911
1.73793
1.73668
1.73544
1.73433
1.73351
1.73312
1.73331
1.73416
1.73569
1.73777
1.74021
1.74274
1.74507
1.74693
1.74811
1.74851
1.74813
1.74715
1.7459
1.74482
1.74437
1.74491
1.74653
1.74906
1.75208
1.75509
1.75761
1.75929
1.75994
1.75951
1.75805
1.75566
1.75249
1.74865
1.74426
1.73946
1.73447
1.72964
1.7255
1.72259
1.72123
1.72132
1.72224
1.7231
1.72315
1.72202
1.71991
1.7175
1.71569
1.71535
1.71709
1.72101
1.72671
1.73344
1.74038
1.74695
1.75285
1.7581
1.76287
1.76731
1.77147
1.77529
1.77862
1.78124
1.78296
1.78363
1.78314
1.78148
1.77871
1.77499
1.77063
1.76603
1.7617
1.75817
1.75588
1.75503
1.75557
1.75718
1.75942
1.76181
1.76401
1.76577
1.76702
1.76777
1.76811
1.76816
1.76803
1.76783
1.76763
1.76747
1.76738
1.76734
1.76735
1.76736
1.76734
1.76724
1.76701
1.76659
1.7659
1.76489
1.76346
1.76156
1.75913
1.75615
1.7527
1.74893
1.74515
1.7418
1.73934
1.73822
1.73868
1.74068
1.74393
1.74799
1.75235
1.7566
1.76043
1.76366
1.76618
1.76797
1.769
1.7693
1.76887
1.76776
1.76601
1.76373
1.76106
1.75818
1.7553
1.75265
1.7504
1.74868
1.74748
1.74671
1.79959
1.79924
1.79887
1.79843
1.79796
1.79757
1.79741
1.79764
1.79837
1.79966
1.80151
1.80381
1.8064
1.80905
1.81153
1.81357
1.81492
1.81539
1.81485
1.81327
1.81072
1.80741
1.80364
1.79977
1.79616
1.7931
1.79075
1.78927
1.78879
1.78947
1.79144
1.79473
1.7991
1.80412
1.80922
1.81381
1.81741
1.81964
1.82024
1.81908
1.81613
1.81164
1.80615
1.80065
1.7964
1.79459
1.79581
1.79976
1.80539
1.81138
1.81659
1.8203
1.82211
1.82192
1.81975
1.81578
1.81033
1.80399
1.79762
1.79227
1.78886
1.78786
1.78906
1.79171
1.79485
1.79769
1.79973
1.8008
1.80093
1.80023
1.79881
1.79677
1.79417
1.79114
1.78791
1.78487
1.78251
1.78134
1.78167
1.78351
1.78649
1.79005
1.79361
1.7967
1.79899
1.8003
1.80057
1.79992
1.79872
1.79757
1.79725
1.79835
1.80109
1.80517
1.80991
1.81455
1.81843
1.82118
1.82266
1.8229
1.82208
1.82046
1.81835
1.81607
1.81392
1.81211
1.81083
1.81022
1.81054
1.81209
1.81515
1.81981
1.82586
1.83279
1.83996
1.8468
1.85287
1.85796
1.86201
1.86506
1.86719
1.86848
1.86903
1.86894
1.86829
1.86721
1.86586
1.86444
1.86312
1.86202
1.86117
1.86045
1.85963
1.85841
1.85656
1.85395
1.85064
1.84684
1.84292
1.83927
1.83629
1.83426
1.83339
1.83379
1.8355
1.83848
1.84261
1.84773
1.85358
1.85983
1.86611
1.87199
1.87701
1.88076
1.88287
1.88321
1.88191
1.87946
1.87674
1.87478
1.87438
1.87584
1.87886
1.88281
1.88713
1.89154
1.89598
1.90048
1.90494
1.90918
1.91292
1.91593
1.91805
1.91926
1.91963
1.91932
1.91852
1.91742
1.91623
1.91509
1.91414
1.91343
1.91294
1.91262
1.91235
1.91195
1.91125
1.91006
1.90823
1.90563
1.9022
1.89795
1.89295
1.88741
1.88162
1.87596
1.87089
1.86683
1.86415
1.863
1.86334
1.86493
1.86736
1.87022
1.87308
1.8756
1.87752
1.87871
1.87918
1.87908
1.87865
1.87826
1.87825
1.87891
1.88042
1.88277
1.88581
1.88929
1.89294
1.89654
1.89989
1.90289
1.90548
1.90766
1.90943
1.91081
1.91182
1.91245
1.9127
1.91254
1.91193
1.91085
1.90927
1.90716
1.90454
1.90142
1.89787
1.89401
1.89
1.88607
1.88247
1.87948
1.87732
1.87611
1.87584
1.87638
1.87746
1.87882
1.88019
1.88136
1.88223
1.88273
1.88288
1.88271
1.88226
1.8815
1.88038
1.87877
1.87649
1.87334
1.86921
1.86417
1.85861
1.85326
1.84911
1.84702
1.84741
1.84997
1.85384
1.858
1.86159
1.86409
1.86531
1.86521
1.86387
1.86131
1.85755
1.85262
1.84664
1.83997
1.83328
1.82749
1.82356
1.82212
1.82318
1.82611
1.82986
1.83338
1.83592
1.83711
1.837
1.83588
1.83423
1.83254
1.83129
1.83085
1.83147
1.83324
1.83611
1.83987
1.84423
1.84883
1.85334
1.85748
1.86108
1.86407
1.86645
1.86827
1.86963
1.87062
1.87133
1.87183
1.87219
1.87243
1.87256
1.8726
1.87253
1.87234
1.872
1.87149
1.8708
1.86992
1.86883
1.86756
1.86612
1.86454
1.86285
1.86108
1.85918
1.85707
1.8546
1.85152
1.84755
1.84239
1.83584
1.82787
1.81874
1.80899
1.7994
1.79091
1.78441
1.78069
1.78022
1.783
1.78851
1.7957
1.80338
1.81048
1.81629
1.82053
1.82332
1.82504
1.8262
1.82734
1.82891
1.83124
1.83446
1.83856
1.84339
1.84871
1.85425
1.85975
1.86497
1.86973
1.87391
1.87744
1.88025
1.88235
1.8837
1.88431
1.88414
1.88318
1.88139
1.87874
1.87524
1.87093
1.86596
1.8606
1.85521
1.85024
1.84612
1.84312
1.84126
1.84023
1.83941
1.83798
1.83513
1.83022
1.82302
1.81401
1.80441
1.79606
1.79074
1.7894
1.79172
1.79644
1.80208
1.8076
1.81262
1.81727
1.82198
1.82719
1.83307
1.83951
1.84609
1.8523
1.85767
1.86185
1.86473
1.86633
1.86679
1.86635
1.86531
1.86397
1.86262
1.8615
1.86079
1.86056
1.8608
1.86143
1.86233
1.86335
1.86436
1.86525
1.86591
1.86624
1.86618
1.86564
1.86456
1.86291
1.86065
1.85781
1.85447
1.85077
1.84696
1.84337
1.84033
1.8381
1.83672
1.83594
1.83527
1.83419
1.83239
1.82987
1.82698
1.82422
1.822
1.82039
1.81911
1.81762
1.81547
1.81263
1.80958
1.80722
1.80652
1.80804
1.81175
1.81712
1.82338
1.82987
1.83619
1.84212
1.84751
1.85221
1.85602
1.85877
1.86037
1.86082
1.86021
1.85872
1.85655
1.85394
1.8511
1.84826
1.84562
1.84331
1.84145
1.8401
1.83926
1.83887
1.83883
1.83899
1.83918
1.83925
1.83903
1.83843
1.83739
1.83593
1.83417
1.83233
1.83069
1.82952
1.82905
1.82935
1.83035
1.83184
1.83353
1.83515
1.83649
1.83743
1.80048
1.80061
1.80039
1.79992
1.79923
1.79836
1.79729
1.79599
1.7944
1.7925
1.7903
1.78787
1.78535
1.78298
1.78101
1.77972
1.77933
1.77994
1.78154
1.78399
1.7871
1.79061
1.7943
1.79801
1.8016
1.805
1.80816
1.81106
1.81368
1.816
1.81797
1.81953
1.82059
1.82099
1.82054
1.81897
1.81596
1.81116
1.80435
1.79559
1.78562
1.77601
1.76903
1.76677
1.77004
1.77785
1.78808
1.79857
1.80791
1.8155
1.82128
1.82547
1.82835
1.8302
1.83124
1.83165
1.83157
1.83109
1.83032
1.8293
1.82812
1.82682
1.82548
1.82416
1.82293
1.82186
1.82102
1.82046
1.82023
1.82038
1.82092
1.82186
1.82318
1.82481
1.82666
1.82858
1.83044
1.83209
1.83345
1.83449
1.83525
1.83578
1.83615
1.83637
1.83639
1.83609
1.83531
1.8339
1.83176
1.82889
1.82543
1.82169
1.81809
1.81515
1.81339
1.81326
1.81503
1.81875
1.8242
1.83091
1.83824
1.84554
1.85224
1.85792
1.86232
1.86531
1.86682
1.86681
1.86529
1.86229
1.85791
1.85235
1.84598
1.83933
1.83304
1.82782
1.82429
1.82283
1.82358
1.82636
1.83081
1.83639
1.84255
1.84874
1.85454
1.85966
1.86394
1.86736
1.86995
1.87179
1.87297
1.87359
1.87374
1.87347
1.87285
1.87191
1.8707
1.86925
1.86759
1.86577
1.86384
1.86188
1.85997
1.85823
1.85677
1.85572
1.85519
1.85526
1.85596
1.85727
1.85909
1.86129
1.86367
1.86604
1.86816
1.86985
1.87096
1.87139
1.87116
1.87037
1.86926
1.86814
1.86735
1.86721
1.86788
1.86939
1.87162
1.87434
1.87727
1.88017
1.88282
1.88507
1.8868
1.88791
1.88837
1.88814
1.88721
1.88556
1.88312
1.87973
1.87517
1.86921
1.86163
1.85233
1.84142
1.82925
1.81646
1.80405
1.79327
1.78549
1.78183
1.78282
1.78818
1.79692
1.80763
1.81883
1.8293
1.83815
1.84493
1.84949
1.85198
1.85271
1.8521
1.85058
1.84853
1.84626
1.84398
1.84179
1.83971
1.83775
1.83588
1.83408
1.83237
1.83075
1.82926
1.8279
1.82669
1.82566
1.82481
1.82415
1.8237
1.82345
1.8234
1.82352
1.82379
1.82415
1.82456
1.82498
1.82536
1.82566
1.82585
1.82589
1.82577
1.82546
1.82493
1.82413
1.82304
1.82161
1.81979
1.81754
1.81486
1.81182
1.80858
1.80545
1.80284
1.80124
1.80102
1.80233
1.80501
1.80861
1.81255
1.81627
1.81937
1.82162
1.82298
1.82357
1.82357
1.82322
1.82275
1.82236
1.82223
1.82243
1.82303
1.82407
1.82557
1.82754
1.82998
1.83278
1.83578
1.83868
1.84112
1.8427
1.84304
1.84183
1.83889
1.83418
1.82793
1.8206
1.81296
1.80596
1.80058
1.79752
1.79704
1.79883
1.80215
1.80608
1.80983
1.8129
1.81513
1.81659
1.81749
1.81803
1.8183
1.81831
1.818
1.81735
1.81637
1.81521
1.8141
1.81337
1.81333
1.81425
1.81628
1.81941
1.82348
1.82821
1.83328
1.83836
1.84318
1.84754
1.85132
1.85448
1.85701
1.85892
1.86027
1.86107
1.86134
1.86109
1.86032
1.85904
1.85724
1.85494
1.8522
1.8491
1.84575
1.84232
1.83897
1.83587
1.83316
1.83088
1.829
1.82739
1.82586
1.82421
1.82226
1.81989
1.81707
1.81382
1.81028
1.80664
1.80322
1.80041
1.79863
1.79822
1.79935
1.80196
1.80583
1.8106
1.81588
1.8213
1.82656
1.83139
1.83562
1.83913
1.84183
1.84364
1.84453
1.8445
1.84358
1.84193
1.83983
1.83766
1.83591
1.83504
1.83536
1.83694
1.83956
1.84284
1.8463
1.84953
1.8522
1.85409
1.85507
1.85505
1.85399
1.85186
1.84867
1.84444
1.83924
1.83317
1.82639
1.81911
1.8116
1.80419
1.79727
1.79125
1.78654
1.78337
1.78182
1.7817
1.78268
1.78435
1.78635
1.78843
1.79045
1.79238
1.79429
1.79627
1.79841
1.80074
1.80325
1.80585
1.80845
1.81097
1.81333
1.8155
1.81746
1.81921
1.82076
1.82212
1.82329
1.82428
1.82511
1.82579
1.82635
1.8268
1.82717
1.82749
1.82776
1.82802
1.82827
1.82852
1.82878
1.82903
1.82926
1.82943
1.82951
1.82941
1.82905
1.82829
1.82697
1.82487
1.8217
1.81718
1.81101
1.80304
1.79347
1.78309
1.77341
1.76636
1.76359
1.76553
1.77115
1.77853
1.78581
1.79171
1.79568
1.79772
1.7983
1.79816
1.79826
1.7995
1.80248
1.80726
1.81334
1.81993
1.82618
1.8314
1.83519
1.83733
1.83776
1.83654
1.83384
1.82986
1.82494
1.81942
1.81364
1.80778
1.80189
1.79598
1.79019
1.78496
1.78108
1.77929
1.77984
1.78215
1.78505
1.78715
1.78742
1.78553
1.78195
1.77795
1.77519
1.77506
1.77803
1.78347
1.79005
1.79645
1.80184
1.80597
1.80912
1.8118
1.81454
1.81768
1.82128
1.82514
1.82894
1.83231
1.83495
1.83668
