0.230924   0.437661   0.330314
-0.27814   -0.282446   -0.0493275
0.393496   -0.34653   -0.231843
-0.154199   -0.16893   0.184443
-0.472949   0.364096   0.0600813
0.217735   -0.200777   0.39299
-0.27084   -0.407329   -0.199823
-0.174675   0.451192   -0.422219
-0.110474   -0.359067   -0.311715
0.124172   -0.255413   -0.177971
-0.204178   -0.258036   0.46443
0.287812   0.402465   -0.300664
0.298552   0.0360859   -0.0857811
0.00806924   -0.0837521   0.212868
-0.249281   -0.187414   -0.2628
-0.363236   0.202666   -0.440786
0.354949   -0.118182   0.25723
0.298373   0.00697371   0.401106
-0.469893   -0.175809   -0.322006
-0.0689965   -0.153631   -0.386545
0.224942   -0.029074   -0.291746
0.00183764   -0.170689   0.401136
0.117757   -0.0973974   -0.472185
0.481147   0.190932   0.435164
0.189063   0.362602   -0.479556
-0.0474367   0.0546141   0.420498
-0.33169   -0.432429   0.413754
-0.412986   -0.209836   0.424464
0.0351725   -0.318107   -0.425238
0.0909218   0.360781   -0.237893
-0.300973   -0.0932488   -0.455891
0.128935   0.0298542   0.324496
0.474346   0.446607   -0.253988
0.350672   0.387397   -0.0716179
0.0922304   0.399617   -0.0215692
-0.249357   0.0737605   0.444183
-0.399155   -0.357068   -0.399527
0.350008   -0.406084   0.0428142
0.328061   0.384707   0.154237
-0.437166   -0.429013   0.0784672
-0.0966   0.368131   -0.00652626
-0.122204   0.410049   -0.226898
-0.212105   0.491526   0.0883885
0.0641125   -0.00179983   -0.122876
0.241412   -0.449158   -0.166501
0.288973   -0.170731   -0.130306
0.166902   -0.226822   0.16957
0.033472   -0.435648   -0.197868
0.432938   -0.0140107   -0.212138
0.0208867   0.0522082   -0.345472
-0.497968   -0.074652   -0.0176264
-0.491193   -0.247072   -0.082648
-0.0825538   -0.241607   -0.118207
-0.0431943   0.172133   -0.115407
-0.309201   -0.0578099   -0.084187
-0.0161378   -0.445346   -0.000506366
-0.121562   -0.0203612   -0.198922
0.127078   0.162394   0.499859
-0.360835   0.0343176   -0.286258
0.320478   -0.0909416   0.0745902
-0.431454   0.431838   -0.434179
0.0132719   0.270517   -0.392613
-0.310093   0.398851   -0.272207
-0.282251   0.332695   -0.0783158
-0.0128399   0.209748   0.0799294
-0.27076   0.196654   -0.201529
-0.156015   0.2556   0.471244
0.198103   0.203666   0.0252844
0.416882   0.226876   -0.221942
0.18433   0.175278   -0.24594
0.0137217   0.362773   0.39708
-0.370733   0.209558   0.101317
0.389177   0.362408   0.475055
-0.299718   -0.0358116   0.125245
0.39392   -0.172149   -0.476544
0.333714   -0.432011   0.476446
0.437336   0.475307   0.310903
0.103847   0.29978   0.246715
0.130352   -0.397982   0.381647
-0.0769901   -0.39514   0.427089
-0.363526   0.47217   0.231202
0.461364   -0.328825   0.357086
0.227149   -0.270877   -0.399384
0.29703   -0.374589   0.260109
-0.405715   -0.235482   0.151425
-0.436293   0.13344   -0.0940127
-0.300331   0.116564   0.256446
-0.246631   -0.360329   0.197466
-0.275177   -0.0960038   0.318136
0.0677009   -0.164258   -0.0047776
-0.123089   0.0657265   0.218331
0.402201   0.0577846   -0.410707
-0.025804   -0.333908   0.173982
0.162028   -0.359326   0.00798985
0.275461   0.230685   0.358785
-0.431535   0.00676087   0.434073
-0.368314   0.324082   0.386514
-0.19462   0.432333   0.349971
-0.0324576   0.449715   0.20955
-0.195723   0.155777   0.0149532
-0.172802   0.151825   -0.360212
-0.101335   0.265836   0.264661
-0.112269   -0.025609   0.0213888
0.0929305   0.0425324   0.0925423
0.397621   0.0832492   0.218658
0.150232   -0.498519   0.155253
0.0735879   0.488943   -0.395036
0.44583   0.26559   0.242739
