0.230976   0.437691   0.330228
-0.278303   -0.282467   -0.0494696
0.393466   -0.346514   -0.231909
-0.154321   -0.168727   0.184387
-0.473032   0.364265   0.0598646
0.217913   -0.200847   0.392911
-0.270693   -0.40732   -0.199924
-0.174827   0.451146   -0.422169
-0.110477   -0.359148   -0.311613
0.124164   -0.255378   -0.177921
-0.203997   -0.258065   0.464394
0.287803   0.4025   -0.30068
0.298695   0.0357971   -0.0858506
0.00807769   -0.0836842   0.212779
-0.249288   -0.187446   -0.262824
-0.363387   0.202578   -0.440608
0.355019   -0.118221   0.25733
0.29819   0.00696072   0.401096
-0.469831   -0.17582   -0.322111
-0.0688918   -0.15386   -0.386618
0.224853   -0.0291169   -0.29179
0.00178765   -0.17089   0.401137
0.117869   -0.0975936   -0.472147
0.481025   0.190956   0.435113
0.189072   0.362579   -0.4795
-0.0473665   0.0547157   0.420455
-0.331846   -0.432462   0.4138
-0.412976   -0.209713   0.42447
0.0351548   -0.318103   -0.425115
0.0908294   0.360897   -0.237806
-0.300925   -0.0931475   -0.455769
0.128935   0.0300297   0.3246
0.474353   0.446807   -0.254007
0.350809   0.387432   -0.0717955
0.0922347   0.399621   -0.0216195
-0.249363   0.0738632   0.444225
-0.399212   -0.356963   -0.399746
0.350067   -0.406095   0.0427744
0.328225   0.384659   0.154109
-0.43722   -0.429118   0.0783565
-0.0966084   0.36821   -0.00633594
-0.122254   0.410086   -0.226804
-0.21207   0.491614   0.0883431
0.0640991   -0.0018573   -0.122826
0.241417   -0.449227   -0.166229
0.288883   -0.170809   -0.130447
0.166948   -0.226873   0.169617
0.0334492   -0.43566   -0.19762
0.432935   -0.0140423   -0.21204
0.0207214   0.052226   -0.345401
-0.497993   -0.0746499   -0.0176566
-0.491353   -0.247011   -0.0826307
-0.08237   -0.241513   -0.118096
-0.0433447   0.172181   -0.115328
-0.309267   -0.0578624   -0.0840998
-0.0158292   -0.445446   -0.000620109
-0.121415   -0.020123   -0.198858
0.127151   0.162232   0.49979
-0.360549   0.034422   -0.286131
0.320557   -0.0907805   0.0746129
-0.431441   0.431836   -0.434202
0.0132497   0.270533   -0.392525
-0.310104   0.398897   -0.2722
-0.282252   0.332742   -0.0783491
-0.0128914   0.209755   0.0799257
-0.270635   0.196622   -0.20147
-0.155961   0.255408   0.470934
0.198126   0.203643   0.025299
0.416843   0.226872   -0.221797
0.184439   0.17532   -0.246067
0.0136136   0.362694   0.397188
-0.370812   0.209762   0.101249
0.389182   0.362581   0.474879
-0.299796   -0.0359248   0.125339
0.393872   -0.17233   -0.476638
0.333776   -0.43192   0.476631
0.437393   0.47543   0.310808
0.103784   0.299714   0.246695
0.130265   -0.397851   0.381669
-0.076985   -0.395131   0.42698
-0.363751   0.472171   0.231139
0.461524   -0.328925   0.357043
0.227095   -0.27086   -0.399397
0.296967   -0.374574   0.260205
-0.405865   -0.235462   0.151287
-0.436125   0.133655   -0.0941736
-0.300465   0.116366   0.256573
-0.246602   -0.360471   0.197512
-0.275112   -0.0959876   0.318095
0.0678142   -0.164263   -0.00468481
-0.122996   0.0658258   0.218341
0.402198   0.0578009   -0.410728
-0.0258722   -0.334013   0.173929
0.16199   -0.359381   0.0079772
0.275482   0.230746   0.358918
-0.431599   0.00671847   0.43391
-0.368386   0.324004   0.386484
-0.194582   0.432242   0.35004
-0.0323979   0.449654   0.209453
-0.195726   0.156027   0.0150668
-0.172858   0.151669   -0.360333
-0.101239   0.265765   0.264694
-0.112251   -0.0257161   0.0213705
0.0930078   0.0425177   0.0925592
0.397641   0.0832514   0.218696
0.150118   -0.498559   0.155268
0.0735663   0.488907   -0.395032
0.445647   0.265617   0.24302
