1.56207
1.58627
1.60166
1.60663
1.60214
1.58749
1.56483
1.54321
1.52809
1.52739
1.54932
1.59139
1.65681
1.74123
1.83934
1.93855
2.02755
2.0915
2.12514
2.1208
2.08353
2.02258
1.94796
1.8728
1.80355
1.74252
1.68971
1.6542
1.63548
1.63751
1.65646
1.68682
1.7174
1.73848
1.74457
1.73607
1.71982
1.70507
1.69691
1.69776
1.70072
1.69781
1.68487
1.65909
1.62514
1.58519
1.54593
1.51793
1.50389
1.51039
1.53718
1.58168
1.63735
1.69255
1.73599
1.76208
1.76619
1.74424
1.69773
1.62943
1.54724
1.45866
1.36759
1.27897
1.19069
1.10088
1.01313
0.930599
0.856521
0.802044
0.771638
0.771345
0.805693
0.865638
0.942495
1.02556
1.10317
1.16651
1.20761
1.2258
1.22672
1.2145
1.19469
1.17143
1.15745
1.15903
1.18269
1.2313
1.29783
1.37751
1.45471
1.52017
1.5658
1.59513
1.61297
1.63716
1.6758
1.72884
1.78884
1.84365
1.87535
1.87477
1.84329
1.79831
1.75532
1.73291
1.74406
1.79321
1.87231
1.95956
2.03252
2.06712
2.0571
2.00741
1.93265
1.85543
1.78961
1.74155
1.70608
1.67207
1.62865
1.5759
1.52059
1.4657
1.41086
1.34848
1.27562
1.20119
1.1351
1.08641
1.06281
1.07048
1.108
1.17462
1.2665
1.37478
1.49385
1.61255
1.7227
1.81046
1.87278
1.90671
1.91691
1.91287
1.89968
1.88218
1.86405
1.83641
1.79577
1.73388
1.65281
1.55277
1.44016
1.32438
1.21355
1.11588
1.04476
1.00668
1.00693
1.04259
1.10328
1.17993
1.26147
1.3385
1.40329
1.45265
1.48822
1.51164
1.52603
1.53722
1.54248
1.53472
1.51124
1.47155
1.4166
1.35481
1.29313
1.23846
1.19227
1.15736
1.13685
1.12655
1.13128
1.15476
1.19618
1.26441
1.36078
1.48904
1.64104
1.81206
1.99001
2.15971
2.30375
2.40309
2.44226
2.41439
2.32165
2.17168
1.98848
1.78905
1.5923
1.40438
1.23399
1.09244
0.987145
0.92275
0.895668
0.897008
0.912624
0.941791
0.978287
1.01823
1.0644
1.12028
1.18235
1.25062
1.31991
1.37489
1.40567
1.40538
1.38234
1.34855
1.32106
1.30762
1.31659
1.34876
1.40401
1.46736
1.52099
1.53654
1.49983
1.40816
1.27775
1.13714
1.01715
0.942745
0.923086
0.960943
1.04453
1.15826
1.2832
1.39667
1.483
1.53785
1.56218
1.56641
1.55923
1.54696
1.53354
1.52715
1.53152
1.55605
1.60206
1.66359
1.72673
1.77588
1.79684
1.78327
1.74095
1.68122
1.6167
1.54791
1.48339
1.42909
1.3897
1.36916
1.36062
1.3584
1.35147
1.3314
1.29486
1.24842
1.19599
1.1455
1.09732
1.05506
1.02065
0.993346
0.97564
0.96667
0.961346
0.95921
0.955331
0.950412
0.945371
0.938291
0.924674
0.905481
0.884233
0.872371
0.877485
0.90415
0.945755
0.999535
1.05973
1.12956
1.20668
1.29191
1.38964
1.49809
1.62129
1.75986
1.90992
2.06115
2.19787
2.30505
2.36642
2.37919
2.34138
2.26267
2.14867
2.01622
1.87332
1.73563
1.61416
1.51446
1.43886
1.38569
1.35325
1.33989
1.35083
1.38641
1.44761
1.53252
1.63473
1.74495
1.85311
1.93856
1.99133
2.00605
1.98324
1.92928
1.85015
1.75468
1.64951
1.54324
1.44628
1.36047
1.2906
1.24827
1.23203
1.23637
1.25652
1.29055
1.33237
1.3785
1.42522
1.46866
1.50583
1.53155
1.5483
1.55948
1.56638
1.57245
1.57977
1.59026
1.60744
1.62643
1.63708
1.62641
1.58832
1.52127
1.44456
1.37793
1.34267
1.35275
1.41423
1.52254
1.66393
1.81765
1.9571
2.05934
2.11333
2.1234
2.103
2.06748
2.02103
1.95787
1.87225
1.76496
1.64826
1.53851
1.4521
1.40537
1.40126
1.43884
1.50423
1.58408
1.66665
1.7379
1.79271
1.82495
1.83987
1.83034
1.79644
1.74155
1.67309
1.5923
1.50837
1.42687
1.35688
1.30436
1.27605
1.26945
1.28813
1.32761
1.3816
1.44662
1.5082
1.5548
1.57405
1.55815
1.51536
1.45115
1.38123
1.31265
1.25207
1.20171
1.15979
1.12578
1.1057
1.10587
1.13097
1.18389
1.26088
1.3565
1.46023
1.56629
1.66852
1.76372
1.84239
1.90401
1.94654
1.97856
2.00896
2.03784
2.06491
2.07474
2.04921
1.97776
1.86997
1.74848
1.64679
1.58176
1.56713
1.60253
1.67669
1.77625
1.8762
1.9594
2.0063
2.00693
1.96115
1.88016
1.77474
1.66015
1.53879
1.4109
1.27969
1.15456
1.04862
0.971946
0.934656
0.934368
0.973544
1.05304
1.16665
1.31076
1.4684
1.61611
1.73104
1.80642
1.85297
1.88345
1.9036
1.91189
1.90601
1.88674
1.85464
1.82016
1.79204
1.77991
1.78759
1.80865
1.83579
1.86445
1.90154
1.95299
2.01971
2.0904
2.15109
2.17831
2.15668
2.08104
1.96033
1.81395
1.66708
1.53798
1.4443
1.38518
1.35647
1.34655
1.34129
1.32475
1.29434
1.2504
1.20266
1.16492
1.14727
1.14887
1.16667
1.18721
1.20083
1.20809
1.21161
1.22217
1.24028
1.2679
1.30043
1.3378
1.38003
1.43481
1.51219
1.61401
1.73151
1.84871
1.93501
1.96476
1.92604
1.82445
1.68163
1.52195
1.36199
1.20987
1.06502
0.930458
0.807703
0.703257
0.619831
0.556295
0.509994
0.48433
0.481883
0.509765
0.569662
0.663682
0.78474
0.917279
1.03592
1.12078
1.16305
1.1699
1.16016
1.14938
1.15044
1.16392
1.18917
1.22456
1.26415
1.30532
1.35018
1.39779
1.4531
1.51779
1.58827
1.65679
1.72301
1.78263
1.83307
1.8701
1.894
1.9033
1.89372
1.8655
1.81815
1.7527
1.66786
1.57662
1.49255
1.43926
1.42529
1.4476
1.49632
1.5511
1.59759
1.6254
1.63081
1.62232
1.60408
1.5778
1.54778
1.51711
1.48095
1.4375
1.3879
1.33789
1.29604
1.27257
1.27478
1.30898
1.37343
1.46328
1.56237
1.65963
1.74314
1.80189
1.83211
1.8279
1.79177
1.73291
1.65395
1.56728
1.48034
1.40567
1.34923
1.31298
1.29439
1.29017
1.30125
1.32624
1.36332
1.4123
1.4687
1.52252
1.56492
1.58831
1.59636
1.59513
1.5937
1.59844
1.61125
1.62807
1.64295
1.65337
1.66399
1.68232
1.70889
1.73966
1.76782
1.78767
1.79789
1.79689
1.7822
1.74971
1.69604
1.61525
1.50447
1.37807
1.24891
1.1341
1.05082
1.01122
1.02249
1.08808
1.20067
1.35398
1.53357
1.71923
1.89047
2.03171
2.13083
2.19176
2.21089
2.19354
2.13376
2.03023
1.88659
1.71685
1.53472
1.36075
1.20623
1.08405
1.00238
0.963399
0.967129
1.0085
1.08485
1.19121
1.31608
1.44394
1.55834
1.63355
1.64718
1.59607
1.50044
1.39759
1.31759
1.27742
1.28509
1.33892
1.43375
1.55633
1.68618
1.80066
1.88406
1.92753
1.93428
1.91463
1.88058
1.84578
1.81475
1.79241
1.7754
1.75775
1.73501
1.70493
1.66839
1.62879
1.59644
1.5803
1.59238
1.63449
1.70397
1.78331
1.85156
1.89341
1.90902
1.91483
1.92306
1.94672
1.99038
2.04872
2.11369
2.17417
2.21932
2.24172
2.23528
2.20298
2.15024
2.08095
2.00366
1.92735
1.86335
1.82198
1.8071
1.82576
1.87525
1.94698
2.02369
2.0866
2.11201
2.08532
2.00443
1.88355
1.7422
1.59721
1.46592
1.35366
1.25943
1.17954
1.11077
1.05452
1.0171
1.0063
1.02449
1.07217
1.14971
1.25422
1.37898
1.5135
1.64554
1.76668
1.86953
1.94252
1.98705
1.99412
1.96281
1.89434
1.79507
1.67462
1.54485
1.41435
1.2923
1.1769
1.06595
0.962094
0.868597
0.799237
0.762734
0.769509
0.823699
0.91929
1.05353
1.21989
1.412
1.62431
1.8537
2.09055
2.31846
2.50952
2.62536
2.64968
2.59031
2.48057
2.35778
2.24487
2.14918
2.06893
2.0022
1.94433
1.89208
1.83749
1.78218
1.73086
1.69369
1.67775
1.68273
1.70831
1.7511
1.80663
1.86457
1.91336
1.94064
1.93927
1.91511
1.87812
1.84461
1.82411
1.82291
1.83446
1.8447
1.83428
1.7905
1.71042
1.6043
1.48658
1.36882
1.26441
1.17904
1.12278
1.0959
1.09948
1.13015
1.18259
1.24428
1.29775
1.3396
1.38453
1.44379
1.52599
1.62782
1.7404
1.84411
1.9238
1.96962
1.97562
1.94403
1.88186
1.80608
1.72306
1.65199
1.5931
1.55317
1.53345
1.53141
1.53995
1.55408
1.56531
1.57208
1.56679
1.55568
1.54046
1.52413
1.50796
1.49405
1.48482
1.478
1.46953
1.45715
1.43512
1.39778
1.33546
1.24441
1.1388
1.03344
0.951653
0.909952
0.921005
0.984459
1.09479
1.24237
1.41174
1.58662
1.74838
1.88725
1.99128
2.05683
2.08511
2.07827
2.0406
1.97697
1.89717
1.8111
1.7257
1.64471
1.56898
1.49697
1.43122
1.37106
1.31539
1.2733
1.24646
1.23734
1.24077
1.25411
1.2647
1.27257
1.26676
1.25062
1.22917
1.20924
1.19844
1.2025
1.22547
1.2676
1.3226
1.38064
1.43334
1.47462
1.49904
1.50994
1.51215
1.516
1.52999
1.56285
1.61315
1.67388
1.72774
1.77085
1.79353
1.81258
1.83233
1.86305
1.89607
1.91155
1.88604
1.82293
1.7459
1.67537
1.62764
1.60189
1.59072
1.58759
1.57978
1.56557
1.54223
1.51116
1.47499
1.44493
1.42611
1.42729
1.45426
1.50285
1.57166
1.64671
1.72032
1.77934
1.82003
1.83865
1.83449
1.81455
1.78742
1.76663
1.75732
1.76004
1.77303
1.78918
1.79834
1.79062
1.76585
1.7321
1.69765
1.67193
1.66278
1.66595
1.67995
1.6995
1.71809
1.7337
1.74657
1.7657
1.79288
1.83669
1.89433
1.96435
2.04561
2.12524
2.19495
2.24425
2.26478
2.25544
2.21963
2.16455
2.09809
2.03209
1.96711
1.90674
1.85038
1.79546
1.74174
