-3.34219
-3.34188
-3.34203
-3.34264
-3.34218
-3.34143
-3.34143
-3.34083
-3.34128
-3.34219
-3.34128
-3.34159
-3.34128
-3.34158
-3.34173
-3.34264
-3.34279
-3.34354
-3.34279
-3.34309
-3.34279
-3.34158
-3.34128
-3.34083
-3.34023
-3.33977
-3.34098
-3.34038
-3.34068
-3.34053
-3.34098
-3.34128
-3.34204
-3.34279
-3.34309
-3.34325
-3.3434
-3.3434
-3.34385
-3.3434
-3.34309
-3.34324
-3.34279
-3.34249
-3.34113
-3.34083
-3.34158
-3.34113
-3.34174
-3.34204
-3.34279
-3.3434
-3.34309
-3.34279
-3.34324
-3.34309
-3.34234
-3.34234
-3.34234
-3.34249
-3.34174
-3.34038
-3.34008
-3.33947
-3.33962
-3.34098
-3.34158
-3.34143
-3.34219
-3.34174
-3.34219
-3.3431
-3.34204
-3.34174
-3.34189
-3.34188
-3.34173
-3.34113
-3.34173
-3.34324
-3.34355
-3.34279
-3.34143
-3.34189
-3.34174
-3.34219
-3.34264
-3.34219
-3.34295
-3.34249
-3.34309
-3.34309
-3.34324
-3.34234
-3.3434
-3.34325
-3.34279
-3.3431
-3.344
-3.34384
-3.34384
-3.34384
-3.34445
-3.34324
-3.34279
-3.34325
-3.34431
-3.34476
-3.34415
-3.3443
-3.34415
-3.3455
-3.34596
-3.34551
-3.34566
-3.34521
-3.34537
-3.34552
-3.34551
-3.34521
-3.34581
-3.34672
-3.34702
-3.34748
-3.34717
-3.34747
-3.34884
-3.34899
-3.34839
-3.34824
-3.34869
-3.34839
-3.34854
-3.34824
-3.34733
-3.34778
-3.34823
-3.34929
-3.34868
-3.34853
-3.34702
-3.34612
-3.34612
-3.34567
-3.34582
-3.34612
-3.34446
-3.34415
-3.34355
-3.3443
-3.34385
-3.3437
-3.34385
-3.34355
-3.3434
-3.34431
-3.34416
-3.34416
-3.34356
-3.34265
-3.3428
-3.34279
-3.34264
-3.34234
-3.34234
-3.34234
-3.34143
-3.34083
-3.34144
-3.34113
-3.34053
-3.34098
-3.34113
-3.34038
-3.34023
-3.33977
-3.33962
-3.33932
-3.34008
-3.34083
-3.33992
-3.34053
-3.34083
-3.34038
-3.34204
-3.34265
-3.3431
-3.34144
-3.34114
-3.34098
-3.34144
-3.34219
-3.34249
-3.34264
-3.34294
-3.34279
-3.34203
-3.34339
-3.3437
-3.34461
-3.34355
-3.3428
-3.34234
-3.34144
-3.34114
-3.34083
-3.34053
-3.34023
-3.34234
-3.34219
-3.34098
-3.34068
-3.34038
-3.33886
-3.33871
-3.33871
-3.33811
-3.33916
-3.33977
-3.34037
-3.33992
-3.34038
-3.34038
-3.34144
-3.34204
-3.3431
-3.34264
-3.34264
-3.34128
-3.34127
-3.34082
-3.34067
-3.34052
-3.34023
-3.34008
-3.33963
-3.34053
-3.34083
-3.34174
-3.34264
-3.34249
-3.34248
-3.34263
-3.34188
-3.34203
-3.34234
-3.34279
-3.34294
-3.3431
-3.34189
-3.34204
-3.34204
-3.34219
-3.34249
-3.34324
-3.34354
-3.34354
-3.34415
-3.3449
-3.34536
-3.344
-3.34491
-3.34581
-3.34627
-3.34657
-3.34566
-3.34581
-3.34536
-3.34475
-3.34445
-3.3452
-3.34505
-3.34536
-3.34445
-3.34415
-3.34355
-3.34279
-3.34339
-3.34385
-3.34354
-3.34385
-3.34324
-3.3437
-3.34445
-3.34475
-3.34475
-3.34536
-3.34536
-3.34566
-3.34536
-3.34521
-3.344
-3.344
-3.34385
-3.3449
-3.34445
-3.3443
-3.34461
-3.34355
-3.34355
-3.34355
-3.34355
-3.34355
-3.34355
-3.34355
-3.34249
-3.34248
-3.34158
-3.34173
-3.34082
-3.34128
-3.33992
-3.34007
-3.34023
-3.34023
-3.34038
-3.34008
-3.33947
-3.33872
-3.33902
-3.33841
-3.33826
-3.33857
-3.33917
-3.34023
-3.34113
-3.33977
-3.34007
-3.34067
-3.34098
-3.34113
-3.34083
-3.34128
-3.34189
-3.3431
-3.344
-3.34264
-3.34249
-3.34461
-3.34431
-3.34295
-3.34234
-3.34264
-3.34204
-3.34174
-3.34159
-3.34143
-3.34098
-3.33977
-3.33992
-3.34022
-3.33992
-3.33992
-3.33977
-3.33992
-3.34083
-3.34083
-3.34068
-3.34067
-3.34097
-3.34007
-3.34067
-3.34022
-3.34008
-3.33993
-3.33993
-3.33963
-3.33932
-3.33932
-3.33916
-3.33916
-3.33916
-3.33901
-3.33886
-3.33932
-3.33902
-3.33811
-3.33781
-3.33826
-3.33932
-3.33962
-3.33962
-3.34038
-3.34008
-3.34038
-3.33993
-3.34083
-3.34219
-3.34204
-3.34219
-3.34188
-3.34324
-3.34203
-3.34203
-3.34309
-3.34415
-3.34309
-3.34294
-3.34249
-3.34309
-3.3437
-3.34446
-3.34385
-3.34476
-3.34476
-3.34506
-3.34642
-3.34612
-3.34642
-3.34641
-3.34641
-3.34762
-3.34687
-3.34717
-3.34642
-3.34642
-3.34642
-3.34581
-3.34521
-3.34521
-3.34476
-3.3443
-3.34461
-3.3446
-3.3443
-3.34279
-3.34203
-3.34158
-3.34173
-3.34097
-3.34173
-3.34188
-3.34294
-3.34309
-3.34189
-3.34249
-3.34279
-3.34339
-3.34369
-3.34384
-3.34339
-3.344
-3.34295
-3.34355
-3.34386
-3.3437
-3.34415
-3.34339
-3.3443
-3.34414
-3.34384
-3.34339
-3.34324
-3.34248
-3.34294
-3.34203
-3.34143
-3.34143
-3.34158
-3.34143
-3.34098
-3.34143
-3.34083
-3.34189
-3.34264
-3.34189
-3.34234
-3.34219
-3.34218
-3.34188
-3.34203
-3.34294
-3.34354
-3.34354
-3.34309
-3.34294
-3.34309
-3.34279
-3.34385
-3.3443
-3.34475
-3.3446
-3.3437
-3.34369
-3.34415
-3.3452
-3.34506
-3.3446
-3.34415
-3.3449
-3.34429
-3.34399
-3.34353
-3.34308
-3.34263
-3.34248
-3.34188
-3.34249
-3.34143
-3.34143
-3.34173
-3.34218
-3.34218
-3.34308
-3.34218
-3.34112
-3.34067
-3.34022
-3.33916
-3.33931
-3.33886
-3.33931
-3.34052
-3.34052
-3.34113
-3.34067
-3.34173
-3.34249
-3.34339
-3.34309
-3.34324
-3.3437
-3.34325
-3.34264
-3.34294
-3.34218
-3.34218
-3.34233
-3.34188
-3.34158
-3.34158
-3.34189
-3.34249
-3.34234
-3.34249
-3.34219
-3.3431
-3.34385
-3.344
-3.344
-3.34506
-3.34566
-3.34642
-3.34612
-3.34657
-3.34687
-3.34717
-3.34687
-3.34717
-3.34716
-3.34717
-3.34762
-3.34763
-3.34793
-3.34702
-3.34672
-3.34657
-3.34521
-3.344
-3.34325
-3.34189
-3.34204
-3.34219
-3.34159
-3.34098
-3.34234
-3.3428
-3.34264
-3.34204
-3.34264
-3.3431
-3.34279
-3.3431
-3.34325
-3.34325
-3.34234
-3.3431
-3.34355
-3.34567
-3.34567
-3.34492
-3.34491
-3.34446
-3.34491
-3.3446
-3.34415
-3.34521
-3.34491
-3.344
-3.3443
-3.34476
-3.34355
-3.34279
-3.34279
-3.3434
-3.34385
-3.34385
-3.34325
-3.3431
-3.34265
-3.3425
-3.34129
-3.34174
-3.34204
-3.34158
-3.34128
-3.34007
-3.34053
-3.34189
-3.34113
-3.34129
-3.34083
-3.34189
-3.3425
-3.34265
-3.34235
-3.34235
-3.3431
-3.3428
-3.34204
-3.34204
-3.34189
-3.34128
-3.34113
-3.34098
-3.34174
-3.34159
-3.34144
-3.34174
-3.3425
-3.3428
-3.3425
-3.34235
-3.3431
-3.34386
-3.3431
-3.3422
-3.34204
-3.34265
-3.34325
-3.34265
-3.34189
-3.34219
-3.3434
-3.34325
-3.34219
-3.34279
-3.34189
-3.34114
-3.34099
-3.34084
-3.34069
-3.34054
-3.33948
-3.34008
-3.34069
-3.34114
-3.34189
-3.34264
-3.34249
-3.34355
-3.3428
-3.34385
-3.3434
-3.3434
-3.34355
-3.34401
-3.3431
-3.34265
-3.34099
-3.34084
-3.34114
-3.34084
-3.34024
-3.33933
-3.33993
-3.34084
-3.34054
-3.33978
-3.33978
-3.33932
-3.33962
-3.34067
-3.34128
-3.34219
-3.3425
-3.34265
-3.34311
-3.34326
-3.34416
-3.34507
-3.34567
-3.34612
-3.34672
-3.34657
-3.34672
-3.34702
-3.34718
-3.34763
-3.34703
-3.34718
-3.34642
-3.34552
-3.34521
-3.34521
-3.34491
-3.344
-3.34355
-3.34295
-3.34356
-3.34371
-3.34446
-3.34386
-3.3431
-3.34249
-3.34249
-3.3431
-3.34235
-3.3428
-3.3431
-3.34235
-3.34174
-3.34129
-3.34113
-3.34113
-3.34083
-3.34174
-3.34234
-3.34174
-3.34144
-3.34129
-3.34174
-3.34205
-3.34159
-3.3425
-3.34265
-3.3428
-3.3431
-3.34431
-3.3443
-3.34385
-3.34309
-3.34324
-3.3434
-3.3434
-3.34446
-3.34446
-3.34446
-3.34507
-3.34582
-3.34642
-3.34673
-3.34658
-3.34567
-3.34552
-3.34643
-3.34703
-3.34673
-3.34582
-3.34522
-3.34567
-3.34567
-3.34446
-3.34536
-3.34446
-3.34476
-3.34506
-3.34506
-3.34446
-3.34386
-3.3434
-3.34386
-3.34265
-3.34144
-3.34114
-3.34084
-3.34205
-3.34235
-3.34326
-3.34356
-3.34281
-3.34356
-3.34401
-3.34386
-3.34326
-3.34296
-3.34235
-3.3425
-3.34295
-3.34279
-3.34415
-3.344
-3.34355
-3.34356
-3.34356
-3.34341
-3.34326
-3.34371
-3.34401
-3.34447
-3.34356
-3.34341
-3.34326
-3.34401
-3.34447
-3.34401
-3.34432
-3.34507
-3.34628
-3.34688
-3.34733
-3.34718
-3.34688
-3.34733
-3.34703
-3.34703
-3.34643
-3.34689
-3.34719
-3.34779
-3.34809
-3.34854
-3.34854
-3.34854
-3.34794
-3.34703
-3.34749
-3.34779
-3.34945
-3.34945
-3.349
-3.34764
-3.34688
-3.34673
-3.34673
-3.34778
-3.34885
-3.34779
-3.34779
-3.34839
-3.3493
-3.34854
-3.34854
-3.34899
-3.34869
-3.34808
-3.34733
-3.34763
-3.34627
-3.34748
-3.34613
-3.34673
-3.34733
-3.34733
-3.34673
-3.34688
-3.34673
-3.34718
-3.34597
-3.34672
-3.34642
-3.34597
-3.34552
-3.34582
-3.34642
-3.34597
-3.34537
-3.34582
-3.34627
-3.34642
-3.34491
-3.3437
-3.34476
-3.34476
-3.34552
-3.34568
-3.34613
-3.34553
-3.34537
-3.34568
-3.34537
-3.34476
-3.3437
-3.34385
-3.34295
-3.34279
-3.3431
-3.3431
-3.3431
-3.3431
-3.34401
-3.34491
-3.34522
-3.34522
-3.34522
-3.34537
-3.34627
-3.34597
-3.34537
-3.34673
-3.34673
-3.34658
-3.34567
-3.34597
-3.34552
-3.34718
-3.34612
-3.34642
-3.34627
-3.34567
-3.34507
-3.34461
-3.34461
-3.34461
-3.34401
-3.3434
-3.34325
-3.3428
-3.34174
-3.34204
-3.3425
-3.34325
-3.34325
-3.34356
-3.34326
-3.3431
-3.34205
-3.3428
-3.34159
-3.34355
-3.34265
-3.34311
-3.3425
-3.34189
-3.34038
-3.34007
-3.33978
-3.33872
-3.33933
-3.33918
-3.33902
-3.33932
-3.33857
-3.33962
-3.34008
-3.34023
-3.34008
-3.34099
-3.34053
-3.34084
-3.34114
-3.34054
-3.34144
-3.34114
-3.3422
-3.34219
-3.3428
-3.34189
-3.34023
-3.33978
-3.34023
-3.34189
-3.34205
-3.34174
-3.3422
-3.34265
-3.34265
-3.34219
-3.34249
-3.3428
-3.34204
-3.34174
-3.34205
-3.34114
-3.34159
-3.34189
-3.34174
-3.34189
-3.34204
-3.3431
-3.34265
-3.3434
-3.3428
-3.34341
-3.34461
-3.34355
-3.3431
-3.34234
-3.34189
-3.34249
-3.3431
-3.34325
-3.3431
-3.34371
-3.3428
-3.3431
-3.34325
-3.34325
-3.34386
-3.34461
