-4.98738
-4.98361
-4.98225
-4.98385
-4.98742
-4.9937
-5.00279
-5.01155
-5.01948
-5.02417
-5.02212
-5.01572
-5.00298
-4.9856
-4.9644
-4.94312
-4.92382
-4.91115
-4.90527
-4.90968
-4.92207
-4.93981
-4.96125
-4.98231
-5.00143
-5.01834
-5.03403
-5.04412
-5.05024
-5.05047
-5.04636
-5.0389
-5.03141
-5.02627
-5.02466
-5.02659
-5.03016
-5.03266
-5.03297
-5.0297
-5.02541
-5.02258
-5.0219
-5.02471
-5.02921
-5.03613
-5.0438
-5.04816
-5.04977
-5.04607
-5.03744
-5.02412
-5.00731
-4.99049
-4.97697
-4.9673
-4.96254
-4.96445
-4.97217
-4.98508
-5.00049
-5.01664
-5.03358
-5.04946
-5.06578
-5.08363
-5.10119
-5.11787
-5.13389
-5.14514
-5.15164
-5.15144
-5.14186
-5.12676
-5.10814
-5.08831
-5.07021
-5.05581
-5.04798
-5.04657
-5.04875
-5.05352
-5.05972
-5.0677
-5.07276
-5.07399
-5.06934
-5.05758
-5.04183
-5.02206
-5.00383
-4.98875
-4.97944
-4.97419
-4.97327
-4.96981
-4.96197
-4.95027
-4.93665
-4.92357
-4.91676
-4.91874
-4.92955
-4.94308
-4.95654
-4.96488
-4.96431
-4.95284
-4.93225
-4.9094
-4.88972
-4.88071
-4.88263
-4.89404
-4.91166
-4.92861
-4.94187
-4.94958
-4.95334
-4.95642
-4.96272
-4.97199
-4.98187
-4.99201
-5.00218
-5.01544
-5.03302
-5.05131
-5.06786
-5.08093
-5.08851
-5.0882
-5.08102
-5.06657
-5.04564
-5.02155
-4.99478
-4.96845
-4.94326
-4.924
-4.91029
-4.90386
-4.90348
-4.90568
-4.90962
-4.91372
-4.91579
-4.9202
-4.92707
-4.93975
-4.95638
-4.97798
-5.00303
-5.02888
-5.054
-5.07698
-5.09324
-5.10183
-5.10094
-5.09153
-5.0771
-5.05925
-5.04077
-5.0239
-5.01073
-5.00171
-4.99562
-4.99253
-4.99193
-4.99094
-4.99063
-4.99377
-5.00045
-5.01055
-5.02477
-5.0404
-5.056
-5.0696
-5.08168
-5.09107
-5.09616
-5.10003
-5.10045
-5.09622
-5.08923
-5.07524
-5.05429
-5.02406
-4.98848
-4.94781
-4.90523
-4.86434
-4.82911
-4.80465
-4.79517
-4.80216
-4.82501
-4.8633
-4.90889
-4.95837
-5.00554
-5.05047
-5.09119
-5.12446
-5.14902
-5.16337
-5.16859
-5.16716
-5.16425
-5.15731
-5.14855
-5.13993
-5.12996
-5.11678
-5.10259
-5.08651
-5.06936
-5.05656
-5.0497
-5.05099
-5.05756
-5.06718
-5.07444
-5.07817
-5.07529
-5.06608
-5.0494
-5.03035
-5.01282
-5.00619
-5.01344
-5.03582
-5.06881
-5.10463
-5.13514
-5.15348
-5.15829
-5.14788
-5.12621
-5.09709
-5.06491
-5.03635
-5.01545
-5.00253
-4.9981
-4.9987
-5.00195
-5.00599
-5.01014
-5.01158
-5.01094
-5.00487
-4.99322
-4.97764
-4.96213
-4.95047
-4.94661
-4.95268
-4.96667
-4.98504
-5.00334
-5.02368
-5.04245
-5.05767
-5.0681
-5.07194
-5.07228
-5.06971
-5.06758
-5.06856
-5.0741
-5.08142
-5.09036
-5.09805
-5.10563
-5.11182
-5.11629
-5.12015
-5.12187
-5.12132
-5.12065
-5.11906
-5.11897
-5.11974
-5.12067
-5.12245
-5.12692
-5.13322
-5.14095
-5.14638
-5.14777
-5.14318
-5.13574
-5.12548
-5.1148
-5.10126
-5.08648
-5.07031
-5.05041
-5.0285
-5.00267
-4.97249
-4.93873
-4.90394
-4.87221
-4.84688
-4.83344
-4.83146
-4.84258
-4.86303
-4.89285
-4.92595
-4.96233
-4.99718
-5.02765
-5.05266
-5.07146
-5.08473
-5.09308
-5.09758
-5.09558
-5.08755
-5.07298
-5.05209
-5.02648
-4.99816
-4.96851
-4.9453
-4.93043
-4.92498
-4.92887
-4.94018
-4.95803
-4.97984
-5.00427
-5.02871
-5.04946
-5.06817
-5.08432
-5.09221
-5.09312
-5.08962
-5.08309
-5.07297
-5.06148
-5.04931
-5.03725
-5.02606
-5.01622
-5.01027
-5.00681
-5.00446
-5.0034
-5.00245
-5.0013
-4.99964
-4.99552
-4.99065
-4.98804
-4.99142
-5.00177
-5.02115
-5.04287
-5.06226
-5.07339
-5.07251
-5.05769
-5.03025
-4.99395
-4.95405
-4.9179
-4.89162
-4.878
-4.87573
-4.88125
-4.8895
-4.89961
-4.91415
-4.93519
-4.96278
-4.99302
-5.02183
-5.04539
-5.05821
-5.06042
-5.0514
-5.03599
-5.01714
-4.99669
-4.97922
-4.96543
-4.95797
-4.95289
-4.9543
-4.96214
-4.97502
-4.9899
-5.00833
-5.02731
-5.04631
-5.06243
-5.07428
-5.07926
-5.0797
-5.07322
-5.06156
-5.04668
-5.02777
-5.00985
-4.99548
-4.98819
-4.99087
-4.99954
-5.0145
-5.03041
-5.04656
-5.06098
-5.07303
-5.08381
-5.09403
-5.10155
-5.10487
-5.10304
-5.09455
-5.08025
-5.06091
-5.04017
-5.019
-4.9989
-4.97951
-4.96455
-4.95278
-4.94549
-4.93921
-4.93116
-4.92311
-4.91409
-4.90901
-4.91299
-4.92949
-4.95592
-4.98714
-5.01255
-5.0295
-5.03316
-5.02352
-5.00409
-4.97722
-4.95103
-4.92835
-4.91476
-4.91279
-4.92259
-4.94052
-4.96468
-4.9896
-5.01589
-5.04409
-5.07344
-5.10142
-5.12469
-5.14135
-5.14776
-5.14627
-5.13516
-5.11341
-5.08401
-5.04664
-5.00612
-4.96854
-4.94054
-4.924
-4.91513
-4.91005
-4.90722
-4.90755
-4.91173
-4.9192
-4.93088
-4.94286
-4.95311
-4.95866
-4.95839
-4.95505
-4.95048
-4.946
-4.93849
-4.92654
-4.90978
-4.89181
-4.87489
-4.86632
-4.87003
-4.88756
-4.91653
-4.95193
-4.98667
-5.01696
-5.03659
-5.04758
-5.05082
-5.0495
-5.04722
-5.04919
-5.05457
-5.06415
-5.07558
-5.08464
-5.08816
-5.08741
-5.08226
-5.07736
-5.07532
-5.07484
-5.07605
-5.07487
-5.07248
-5.06729
-5.06084
-5.05234
-5.04266
-5.02946
-5.00908
-4.98125
-4.94879
-4.91492
-4.88909
-4.87814
-4.885
-4.90854
-4.94282
-4.98114
-5.01912
-5.05423
-5.08753
-5.11801
-5.14635
-5.17012
-5.18842
-5.20195
-5.21224
-5.21758
-5.21762
-5.20969
-5.19422
-5.16993
-5.1387
-5.10434
-5.07452
-5.05425
-5.04611
-5.04832
-5.05509
-5.06256
-5.06641
-5.06756
-5.066
-5.0614
-5.05607
-5.05081
-5.04428
-5.03776
-5.02893
-5.01678
-5.00263
-4.98962
-4.97616
-4.96347
-4.95222
-4.94442
-4.93916
-4.93647
-4.93835
-4.94436
-4.95472
-4.96893
-4.98902
-5.0105
-5.03092
-5.04176
-5.04153
-5.03201
-5.01539
-4.99809
-4.98314
-4.97367
-4.97151
-4.97254
-4.97596
-4.98226
-4.98965
-4.99626
-5.00465
-5.01559
-5.02879
-5.04238
-5.05392
-5.0606
-5.06105
-5.05308
-5.03744
-5.01456
-4.99019
-4.96614
-4.9451
-4.9304
-4.92231
-4.9238
-4.93372
-4.94793
-4.96756
-4.9885
-5.0101
-5.028
-5.0408
-5.04815
-5.05135
-5.05167
-5.04788
-5.04062
-5.03095
-5.01827
-5.00348
-4.98974
-4.97918
-4.97436
-4.97321
-4.97454
-4.97608
-4.97614
-4.97382
-4.97031
-4.9678
-4.96747
-4.96747
-4.9648
-4.95993
-4.95436
-4.94987
-4.94746
-4.94664
-4.9482
-4.95333
-4.96304
-4.97706
-4.99746
-5.0267
-5.05925
-5.09279
-5.12315
-5.14554
-5.15684
-5.15519
-5.13917
-5.11206
-5.07441
-5.02978
-4.98361
-4.94107
-4.90561
-4.88139
-4.86532
-4.86015
-4.86248
-4.87515
-4.89862
-4.93234
-4.97191
-5.01501
-5.0555
-5.09222
-5.12139
-5.14048
-5.14922
-5.14763
-5.138
-5.1201
-5.0941
-5.0631
-5.03151
-5.00272
-4.98415
-4.98194
-4.9964
-5.02251
-5.0497
-5.07032
-5.08044
-5.07789
-5.06392
-5.03949
-5.00797
-4.97494
-4.94665
-4.92679
-4.9182
-4.91975
-4.92837
-4.94093
-4.9529
-4.96404
-4.97206
-4.97828
-4.98476
-4.99256
-5.00198
-5.01267
-5.02438
-5.03402
-5.03997
-5.03806
-5.02836
-5.01053
-4.99013
-4.97323
-4.9644
-4.96353
-4.96485
-4.96627
-4.96336
-4.95426
-4.94099
-4.92562
-4.91116
-4.90038
-4.89496
-4.89739
-4.90602
-4.91897
-4.93622
-4.95558
-4.97507
-4.99136
-5.00144
-5.00552
-5.00039
-4.98704
-4.96764
-4.94705
-4.92897
-4.92013
-4.92448
-4.94311
-4.97157
-5.00445
-5.03799
-5.06655
-5.08962
-5.10819
-5.12345
-5.1364
-5.14674
-5.15271
-5.15196
-5.14465
-5.13075
-5.10924
-5.08041
-5.04606
-5.00936
-4.97388
-4.94085
-4.91164
-4.89107
-4.87637
-4.87166
-4.87656
-4.89065
-4.91216
-4.93896
-4.96805
-4.99776
-5.02443
-5.04984
-5.07548
-5.10043
-5.12492
-5.14399
-5.1562
-5.15804
-5.1481
-5.12938
-5.10146
-5.06565
-5.0234
-4.97616
-4.92386
-4.86916
-4.81583
-4.77082
-4.74592
-4.74409
-4.76386
-4.7964
-4.83127
-4.86238
-4.88822
-4.90999
-4.92799
-4.9438
-4.95753
-4.97264
-4.98824
-5.00351
-5.01487
-5.01997
-5.01977
-5.01411
-5.00383
-4.98943
-4.97392
-4.96017
-4.95185
-4.95149
-4.95662
-4.96509
-4.97185
-4.97515
-4.97253
-4.96596
-4.95893
-4.95705
-4.96351
-4.97945
-5.00181
-5.027
-5.05307
-5.07589
-5.09507
-5.10642
-5.11077
-5.10766
-5.09888
-5.08581
-5.07165
-5.06177
-5.05646
-5.05019
-5.04124
-5.02664
-5.00685
-4.98289
-4.96117
-4.94539
-4.93729
-4.9386
-4.94872
-4.96644
-4.98571
-5.00738
-5.02353
-5.03692
-5.04483
-5.04678
-5.0436
-5.03811
-5.03114
-5.02558
-5.02059
-5.02029
-5.02126
-5.02352
-5.02631
-5.02969
-5.0328
-5.03416
-5.03484
-5.03653
-5.03915
-5.04404
-5.05202
-5.06698
-5.09124
-5.1192
-5.14797
-5.17053
-5.18298
-5.18116
-5.16604
-5.13903
-5.10198
-5.05903
-5.01423
-4.97332
-4.93743
-4.91065
-4.89368
-4.88575
-4.88649
-4.89489
-4.91028
-4.92964
-4.95009
-4.97
-4.98867
-5.00612
-5.02324
-5.03834
-5.05218
-5.06637
-5.07651
-5.08274
-5.08394
-5.08252
-5.07799
-5.07537
-5.07189
-5.07285
-5.07632
-5.08096
-5.08525
-5.08728
-5.08575
-5.07935
-5.06772
-5.05292
-5.03791
-5.02454
-5.01423
-5.00952
-5.00877
-5.01074
-5.01199
-5.01074
-5.00403
-4.99266
-4.97797
-4.96629
-4.95654
-4.95415
-4.95095
-4.94788
-4.94056
-4.93199
-4.92734
-4.93458
-4.95211
-4.97279
-4.99219
-5.0045
-5.01049
-5.01257
-5.01175
-5.01318
-5.01598
-5.02112
-5.02825
-5.03751
-5.04455
-5.04926
-5.04885
-5.04126
-5.02898
-5.01084
-4.99206
-4.97333
-4.95909
-4.94913
-4.94481
-4.94737
-4.95472
-4.96466
-4.97192
-4.97566
-4.97637
-4.9741
-4.97052
-4.96848
-4.97142
-4.97905
-4.98857
-4.99858
-5.00659
-5.00952
-5.01006
-5.00782
-5.0041
-5.00111
-4.99927
-4.99896
-4.99633
-4.99238
-4.98326
-4.9711
-4.95588
-4.93614
-4.91686
-4.8996
-4.88743
-4.88299
-4.88592
-4.89503
-4.90844
-4.92465
-4.93924
-4.95372
-4.96653
-4.97799
-4.9894
-5.00074
