1.64519
1.64172
1.64022
1.64121
1.64524
1.65227
1.66136
1.67072
1.6782
1.68198
1.68084
1.67414
1.66169
1.64402
1.62266
1.60048
1.58103
1.56761
1.56248
1.56659
1.57928
1.59822
1.61996
1.64148
1.6612
1.67856
1.69305
1.70374
1.70956
1.70994
1.70538
1.69762
1.68938
1.68348
1.68157
1.68334
1.68676
1.68926
1.68912
1.6863
1.68231
1.67933
1.67911
1.68223
1.68808
1.6953
1.70222
1.70703
1.70804
1.70403
1.69465
1.68073
1.66421
1.64769
1.63373
1.62421
1.6202
1.62211
1.62983
1.64259
1.65875
1.67626
1.6935
1.70999
1.72616
1.74265
1.75961
1.77644
1.7917
1.80341
1.80945
1.80834
1.79982
1.78503
1.76625
1.74643
1.72848
1.71469
1.70625
1.70333
1.70521
1.71073
1.71828
1.72581
1.73102
1.7318
1.7267
1.71539
1.69888
1.67957
1.66073
1.64566
1.6362
1.63185
1.62987
1.62656
1.61918
1.60718
1.59265
1.57973
1.57291
1.57489
1.5851
1.59984
1.61375
1.62163
1.62
1.60808
1.5881
1.5651
1.54557
1.5352
1.53667
1.54853
1.56599
1.58339
1.59651
1.60407
1.60783
1.61121
1.61691
1.62527
1.63484
1.64454
1.65501
1.66796
1.68418
1.70232
1.71947
1.73269
1.73982
1.73981
1.73248
1.71833
1.69831
1.67377
1.64655
1.61916
1.59458
1.57546
1.56327
1.55775
1.55736
1.56001
1.5638
1.5676
1.57134
1.57605
1.58352
1.59545
1.61253
1.63428
1.65918
1.68533
1.71059
1.73267
1.74908
1.75767
1.75739
1.74888
1.7343
1.71646
1.69813
1.68156
1.6684
1.65937
1.65419
1.6517
1.65049
1.6498
1.6501
1.65279
1.65932
1.67017
1.68454
1.70062
1.71637
1.73028
1.74161
1.75024
1.75624
1.7595
1.75961
1.75584
1.74719
1.7326
1.71119
1.68263
1.64735
1.60683
1.56379
1.52215
1.48662
1.46201
1.45223
1.45938
1.48298
1.5199
1.56519
1.61376
1.66199
1.70767
1.74884
1.78302
1.80788
1.82254
1.82806
1.82693
1.82191
1.81513
1.80758
1.79926
1.78958
1.77791
1.76388
1.74779
1.73125
1.7174
1.70993
1.71062
1.71764
1.72681
1.73407
1.73673
1.73325
1.72299
1.70675
1.68771
1.67154
1.66491
1.67262
1.69515
1.72829
1.7644
1.79506
1.81385
1.81776
1.80705
1.78447
1.75445
1.72242
1.69386
1.67281
1.66065
1.65607
1.65637
1.65916
1.66305
1.66704
1.66969
1.6689
1.66283
1.65103
1.63515
1.61889
1.60692
1.60306
1.60854
1.62177
1.63968
1.65934
1.67878
1.69664
1.7114
1.72153
1.72628
1.72646
1.72435
1.72283
1.72411
1.72889
1.73636
1.74501
1.7536
1.76148
1.76827
1.77349
1.77675
1.77802
1.77778
1.7768
1.77582
1.77528
1.77528
1.77592
1.7777
1.78156
1.78787
1.79529
1.80102
1.80256
1.79918
1.79174
1.78163
1.76989
1.7568
1.74218
1.7257
1.70686
1.68495
1.65912
1.62894
1.59518
1.56039
1.52866
1.50439
1.49096
1.48989
1.50085
1.5222
1.55157
1.58603
1.62226
1.65695
1.68742
1.71229
1.73138
1.74526
1.75436
1.75856
1.75717
1.74928
1.73441
1.71292
1.68626
1.65703
1.62874
1.60523
1.58975
1.58401
1.58774
1.59935
1.61675
1.63795
1.66118
1.68471
1.70681
1.72568
1.73971
1.7479
1.75017
1.74728
1.74045
1.73093
1.71974
1.70773
1.69582
1.68508
1.67645
1.67035
1.66658
1.66454
1.66348
1.66268
1.66137
1.65881
1.65469
1.64998
1.64736
1.65044
1.6617
1.68048
1.70264
1.72218
1.73346
1.73258
1.71807
1.69093
1.65463
1.61489
1.57874
1.55246
1.53899
1.53687
1.54193
1.55049
1.5615
1.57635
1.59694
1.62346
1.6534
1.68221
1.705
1.71813
1.72004
1.71147
1.69516
1.67495
1.65465
1.63704
1.62355
1.61472
1.61086
1.61226
1.61905
1.63087
1.64681
1.66538
1.68482
1.70322
1.71873
1.72983
1.7354
1.73494
1.72846
1.7165
1.70026
1.68165
1.66344
1.64906
1.64178
1.64325
1.65268
1.66733
1.68399
1.70014
1.71456
1.72722
1.7386
1.74882
1.75679
1.76057
1.75844
1.74995
1.73595
1.71812
1.69813
1.67742
1.65717
1.63854
1.62282
1.6109
1.60255
1.59611
1.58927
1.58062
1.5713
1.56562
1.5693
1.58565
1.61252
1.64314
1.66961
1.68594
1.6893
1.67982
1.65993
1.63382
1.60673
1.5842
1.57092
1.5694
1.57935
1.59804
1.62174
1.64756
1.67446
1.70266
1.73186
1.75999
1.78371
1.79992
1.80693
1.80438
1.79251
1.77152
1.74167
1.70445
1.66394
1.62666
1.59851
1.58106
1.57159
1.5665
1.56413
1.56461
1.56864
1.57641
1.58703
1.59856
1.60836
1.61406
1.6147
1.61136
1.60633
1.60079
1.59344
1.58193
1.56564
1.54691
1.5306
1.52233
1.5265
1.54448
1.5739
1.60945
1.64479
1.67447
1.69516
1.70615
1.70909
1.70732
1.70505
1.7061
1.71239
1.72303
1.73491
1.74442
1.749
1.74809
1.7434
1.73805
1.7348
1.73432
1.73492
1.7342
1.73074
1.72481
1.71744
1.70925
1.69942
1.68576
1.66583
1.63861
1.60585
1.57273
1.54691
1.53581
1.54313
1.56696
1.60124
1.63925
1.67663
1.71189
1.74504
1.77582
1.80326
1.82627
1.84442
1.85795
1.86718
1.87191
1.8712
1.86357
1.84764
1.82306
1.79152
1.75747
1.72735
1.70708
1.69895
1.7007
1.70746
1.71463
1.71938
1.72084
1.71943
1.71619
1.71207
1.70757
1.70239
1.69572
1.68673
1.67519
1.66164
1.64728
1.63337
1.62083
1.61019
1.60178
1.59606
1.59368
1.59526
1.60111
1.61148
1.62659
1.64592
1.66695
1.68525
1.69608
1.69661
1.6871
1.67093
1.65318
1.63854
1.62952
1.6263
1.62763
1.63195
1.63795
1.6449
1.65271
1.66186
1.6728
1.6854
1.69852
1.71006
1.71735
1.71794
1.71043
1.69495
1.67327
1.64846
1.6241
1.60352
1.58912
1.58224
1.58327
1.59183
1.6068
1.62627
1.64767
1.66821
1.6855
1.69815
1.7058
1.709
1.70857
1.70508
1.69858
1.68891
1.67638
1.6622
1.64861
1.6382
1.63262
1.63162
1.6331
1.63434
1.63364
1.63102
1.62781
1.62546
1.62437
1.62362
1.6217
1.61773
1.61232
1.60722
1.60421
1.60399
1.60631
1.61114
1.61964
1.63381
1.65528
1.6839
1.71736
1.75166
1.78216
1.8047
1.81615
1.81466
1.79969
1.77198
1.73373
1.68864
1.64172
1.59843
1.56312
1.53784
1.52253
1.51629
1.51908
1.53175
1.55507
1.58833
1.62881
1.67236
1.71451
1.75137
1.78025
1.79964
1.80899
1.8083
1.79807
1.77926
1.75356
1.72332
1.69173
1.6634
1.64453
1.64126
1.65512
1.68032
1.7072
1.72767
1.73733
1.73463
1.71975
1.69442
1.6623
1.62882
1.59994
1.58022
1.57148
1.57273
1.58119
1.5933
1.60587
1.61686
1.62564
1.63276
1.63955
1.64735
1.65707
1.66867
1.68083
1.69106
1.69642
1.69435
1.6839
1.66667
1.64703
1.63074
1.62191
1.62044
1.62251
1.62347
1.62026
1.61191
1.59924
1.58433
1.57002
1.55924
1.55413
1.55565
1.56368
1.57723
1.59478
1.61429
1.63332
1.64931
1.65985
1.66302
1.65774
1.64424
1.62454
1.60275
1.58467
1.57629
1.58138
1.59987
1.62817
1.66105
1.69353
1.72209
1.74515
1.76313
1.77763
1.78998
1.80001
1.80613
1.80629
1.79913
1.78432
1.76221
1.73368
1.70024
1.66415
1.62821
1.59518
1.56718
1.5457
1.53191
1.5269
1.5315
1.5456
1.56771
1.59511
1.62465
1.65391
1.68178
1.7084
1.73434
1.7596
1.78288
1.80164
1.81294
1.81448
1.80529
1.78582
1.75745
1.72179
1.68014
1.6332
1.58151
1.52666
1.47288
1.42802
1.40177
1.40009
1.42031
1.45284
1.4877
1.51897
1.54496
1.56627
1.58398
1.59933
1.61398
1.62923
1.64498
1.6595
1.6704
1.67595
1.67545
1.66904
1.65755
1.64255
1.62659
1.61299
1.60498
1.60416
1.60959
1.61806
1.62542
1.62827
1.62534
1.61817
1.61084
1.60851
1.61497
1.63091
1.65387
1.67997
1.70559
1.7281
1.74562
1.75697
1.76177
1.76002
1.752
1.73908
1.72492
1.71399
1.70762
1.7024
1.69345
1.67825
1.65755
1.63435
1.61264
1.5964
1.5886
1.59052
1.60139
1.61881
1.63944
1.65989
1.67741
1.69019
1.6975
1.69945
1.69688
1.69123
1.68441
1.6784
1.67462
1.67356
1.67484
1.67755
1.68079
1.68387
1.68638
1.68819
1.68948
1.69072
1.69288
1.69762
1.70711
1.72328
1.74648
1.77444
1.80245
1.82486
1.83685
1.83564
1.82066
1.79335
1.75661
1.71427
1.67053
1.62947
1.59448
1.56785
1.55059
1.54266
1.5434
1.55179
1.56627
1.58473
1.60487
1.62478
1.64346
1.66075
1.67696
1.69236
1.70681
1.71964
1.72978
1.73616
1.73827
1.73655
1.73247
1.72819
1.72578
1.72643
1.73005
1.73529
1.74019
1.74267
1.74113
1.73474
1.72371
1.70952
1.69466
1.68175
1.6725
1.66748
1.66628
1.66749
1.66874
1.66718
1.66077
1.64956
1.63593
1.6235
1.61495
1.6106
1.6083
1.60477
1.59806
1.59009
1.58697
1.5945
1.61233
1.63406
1.65286
1.66532
1.67147
1.67325
1.67319
1.67356
1.6759
1.68089
1.68817
1.69652
1.70402
1.70842
1.70771
1.70072
1.68753
1.6697
1.64987
1.63114
1.6163
1.60724
1.60458
1.60759
1.61449
1.62276
1.62987
1.63392
1.63418
1.63145
1.62788
1.62628
1.62893
1.63625
1.64653
1.65683
1.66454
1.66838
1.66847
1.66593
1.66236
1.65922
1.65722
1.65586
1.65368
1.64898
1.64046
1.62769
1.61127
1.59259
1.57376
1.55725
1.54554
1.5405
1.54283
1.55178
1.56534
1.58094
1.59644
1.61062
1.62327
1.63473
1.64555
1.65613
