1.09679
1.09448
1.09348
1.09414
1.09682
1.10151
1.10757
1.11381
1.1188
1.12132
1.12056
1.11609
1.1078
1.09601
1.08177
1.06699
1.05402
1.04507
1.04166
1.04439
1.05285
1.06548
1.07998
1.09432
1.10747
1.11904
1.1287
1.13583
1.1397
1.13996
1.13692
1.13175
1.12625
1.12232
1.12105
1.12223
1.12451
1.12617
1.12608
1.1242
1.12154
1.11955
1.11941
1.12149
1.12539
1.1302
1.13481
1.13802
1.13869
1.13602
1.12976
1.12048
1.10948
1.09846
1.08915
1.0828
1.08014
1.08141
1.08656
1.09506
1.10584
1.11751
1.129
1.13999
1.15078
1.16176
1.17307
1.18429
1.19447
1.20227
1.2063
1.20556
1.19988
1.19002
1.1775
1.16429
1.15232
1.14312
1.1375
1.13555
1.1368
1.14049
1.14552
1.15054
1.15402
1.15453
1.15113
1.14359
1.13259
1.11971
1.10716
1.0971
1.0908
1.0879
1.08658
1.08438
1.07945
1.07145
1.06177
1.05315
1.04861
1.04993
1.05673
1.06656
1.07583
1.08108
1.08
1.07205
1.05873
1.0434
1.03038
1.02347
1.02445
1.03235
1.044
1.0556
1.06434
1.06938
1.07188
1.07414
1.07794
1.08351
1.08989
1.09636
1.10334
1.11198
1.12279
1.13488
1.14632
1.15513
1.15988
1.15987
1.15498
1.14555
1.13221
1.11585
1.0977
1.07944
1.06305
1.05031
1.04218
1.0385
1.03824
1.04001
1.04253
1.04507
1.04756
1.0507
1.05568
1.06363
1.07502
1.08952
1.10612
1.12355
1.1404
1.15512
1.16605
1.17178
1.17159
1.16592
1.1562
1.14431
1.13208
1.12104
1.11226
1.10625
1.10279
1.10113
1.10033
1.09987
1.10006
1.10186
1.10621
1.11345
1.12303
1.13375
1.14425
1.15352
1.16107
1.16683
1.17083
1.173
1.17308
1.17056
1.16479
1.15506
1.1408
1.12175
1.09823
1.07122
1.04253
1.01477
0.991083
0.974675
0.968155
0.97292
0.988653
1.01327
1.04346
1.07584
1.10799
1.13845
1.16589
1.18868
1.20525
1.21502
1.21871
1.21795
1.21461
1.21008
1.20505
1.1995
1.19305
1.18528
1.17592
1.1652
1.15417
1.14493
1.13996
1.14041
1.14509
1.1512
1.15604
1.15782
1.1555
1.14866
1.13783
1.12514
1.11436
1.10994
1.11508
1.1301
1.15219
1.17627
1.19671
1.20923
1.21184
1.2047
1.18965
1.16963
1.14828
1.12924
1.11521
1.1071
1.10405
1.10424
1.10611
1.1087
1.11136
1.11313
1.1126
1.10855
1.10069
1.0901
1.07926
1.07128
1.06871
1.07236
1.08118
1.09312
1.10622
1.11918
1.13109
1.14093
1.14769
1.15085
1.15098
1.14957
1.14855
1.14941
1.15259
1.15757
1.16334
1.16906
1.17432
1.17885
1.18233
1.1845
1.18535
1.18519
1.18453
1.18388
1.18352
1.18352
1.18395
1.18513
1.18771
1.19191
1.19686
1.20068
1.20171
1.19946
1.19449
1.18776
1.17993
1.1712
1.16145
1.15047
1.13791
1.1233
1.10608
1.08596
1.06345
1.04026
1.01911
1.00293
0.993972
0.993257
1.00057
1.0148
1.03438
1.05735
1.0815
1.10463
1.12495
1.14152
1.15425
1.16351
1.16957
1.17238
1.17145
1.16619
1.15628
1.14195
1.12417
1.10468
1.08583
1.07015
1.05984
1.056
1.0585
1.06623
1.07783
1.09197
1.10745
1.12314
1.13788
1.15045
1.15981
1.16527
1.16678
1.16485
1.1603
1.15395
1.14649
1.13849
1.13055
1.12339
1.11764
1.11357
1.11106
1.1097
1.10899
1.10845
1.10758
1.10587
1.10313
1.09999
1.09824
1.1003
1.1078
1.12032
1.13509
1.14812
1.15564
1.15505
1.14538
1.12729
1.10309
1.07659
1.05249
1.03497
1.02599
1.02458
1.02795
1.03366
1.041
1.0509
1.06462
1.08231
1.10227
1.12147
1.13667
1.14542
1.14669
1.14098
1.13011
1.11663
1.1031
1.09136
1.08236
1.07648
1.07391
1.07484
1.07936
1.08725
1.09787
1.11026
1.12321
1.13548
1.14582
1.15322
1.15694
1.15663
1.1523
1.14434
1.13351
1.1211
1.10896
1.09937
1.09452
1.0955
1.10178
1.11155
1.12266
1.13342
1.14304
1.15148
1.15907
1.16588
1.17119
1.17371
1.17229
1.16663
1.1573
1.14541
1.13209
1.11828
1.10478
1.09236
1.08188
1.07393
1.06837
1.06408
1.05951
1.05374
1.04753
1.04375
1.0462
1.0571
1.07502
1.09543
1.11307
1.12396
1.1262
1.11988
1.10662
1.08921
1.07116
1.05614
1.04728
1.04627
1.0529
1.06536
1.08116
1.09838
1.11631
1.13511
1.15457
1.17333
1.18914
1.19995
1.20462
1.20292
1.19501
1.18101
1.16111
1.1363
1.10929
1.08444
1.06567
1.05404
1.04773
1.04434
1.04275
1.04307
1.04576
1.05094
1.05802
1.06571
1.07224
1.07604
1.07646
1.07424
1.07089
1.0672
1.06229
1.05462
1.04376
1.03127
1.0204
1.01489
1.01766
1.02965
1.04926
1.07296
1.09653
1.11631
1.13011
1.13743
1.13939
1.13821
1.1367
1.1374
1.14159
1.14869
1.15661
1.16295
1.166
1.1654
1.16227
1.1587
1.15654
1.15621
1.15662
1.15613
1.15383
1.14987
1.14496
1.1395
1.13295
1.12384
1.11055
1.09241
1.07057
1.04849
1.03127
1.02388
1.02875
1.04464
1.06749
1.09283
1.11775
1.14126
1.16336
1.18388
1.20217
1.21751
1.22961
1.23863
1.24479
1.24794
1.24747
1.24238
1.23176
1.21537
1.19435
1.17165
1.15157
1.13806
1.13263
1.1338
1.13831
1.14309
1.14626
1.14723
1.14629
1.14413
1.14138
1.13838
1.13493
1.13048
1.12449
1.1168
1.10776
1.09819
1.08891
1.08055
1.07346
1.06785
1.06404
1.06245
1.06351
1.06741
1.07432
1.0844
1.09728
1.1113
1.1235
1.13072
1.13107
1.12473
1.11395
1.10212
1.09236
1.08635
1.0842
1.08509
1.08797
1.09197
1.0966
1.10181
1.10791
1.1152
1.1236
1.13235
1.14004
1.1449
1.1453
1.14029
1.12996
1.11551
1.09897
1.08274
1.06901
1.05941
1.05483
1.05551
1.06122
1.0712
1.08418
1.09844
1.11214
1.12367
1.1321
1.1372
1.13933
1.13904
1.13672
1.13239
1.12594
1.11758
1.10813
1.09907
1.09214
1.08841
1.08775
1.08873
1.08956
1.08909
1.08734
1.08521
1.08364
1.08291
1.08241
1.08113
1.07849
1.07488
1.07148
1.06947
1.06933
1.07087
1.07409
1.07976
1.08921
1.10352
1.1226
1.14491
1.16777
1.18811
1.20313
1.21077
1.20977
1.19979
1.18132
1.15582
1.12576
1.09448
1.06562
1.04208
1.02523
1.01502
1.01086
1.01272
1.02117
1.03672
1.05889
1.08587
1.11491
1.14301
1.16758
1.18683
1.19976
1.20599
1.20554
1.19871
1.18618
1.16904
1.14888
1.12782
1.10893
1.09635
1.09418
1.10341
1.12021
1.13813
1.15178
1.15822
1.15642
1.1465
1.12961
1.1082
1.08588
1.06662
1.05348
1.04765
1.04849
1.05413
1.0622
1.07058
1.07791
1.08376
1.08851
1.09303
1.09823
1.10471
1.11244
1.12055
1.12738
1.13094
1.12957
1.1226
1.11112
1.09802
1.08716
1.08127
1.08029
1.08167
1.08232
1.08017
1.07461
1.06616
1.05622
1.04668
1.03949
1.03609
1.0371
1.04245
1.05149
1.06319
1.0762
1.08888
1.09954
1.10657
1.10868
1.10516
1.09616
1.08302
1.0685
1.05645
1.05086
1.05426
1.06658
1.08545
1.10736
1.12902
1.14806
1.16344
1.17542
1.18509
1.19332
1.20001
1.20409
1.20419
1.19942
1.18955
1.17481
1.15578
1.13349
1.10943
1.08547
1.06345
1.04479
1.03047
1.02127
1.01793
1.021
1.0304
1.04514
1.0634
1.0831
1.1026
1.12119
1.13894
1.15623
1.17306
1.18858
1.20109
1.20863
1.20965
1.20353
1.19055
1.17163
1.14786
1.12009
1.0888
1.05434
1.01777
0.98192
0.952014
0.934514
0.933392
0.94687
0.96856
0.991803
1.01265
1.02998
1.04418
1.05599
1.06622
1.07598
1.08615
1.09666
1.10633
1.1136
1.1173
1.11697
1.11269
1.10503
1.09503
1.08439
1.07532
1.06998
1.06944
1.07306
1.0787
1.08361
1.08551
1.08356
1.07878
1.07389
1.07234
1.07665
1.08727
1.10258
1.11998
1.13706
1.15207
1.16374
1.17132
1.17451
1.17335
1.168
1.15939
1.14995
1.14266
1.13841
1.13494
1.12897
1.11883
1.10504
1.08957
1.07509
1.06427
1.05907
1.06034
1.06759
1.07921
1.09296
1.10659
1.11827
1.12679
1.13167
1.13296
1.13125
1.12749
1.12294
1.11893
1.11641
1.11571
1.11656
1.11837
1.12053
1.12258
1.12425
1.12546
1.12632
1.12714
1.12859
1.13174
1.13807
1.14886
1.16432
1.18296
1.20164
1.21657
1.22457
1.22376
1.21377
1.19557
1.17107
1.14285
1.11369
1.08631
1.06299
1.04524
1.03372
1.02844
1.02893
1.03452
1.04418
1.05649
1.06991
1.08319
1.09564
1.10717
1.11798
1.12824
1.13787
1.14642
1.15319
1.15744
1.15885
1.1577
1.15498
1.15213
1.15052
1.15095
1.15336
1.15686
1.16012
1.16178
1.16076
1.15649
1.14914
1.13968
1.12978
1.12117
1.115
1.11165
1.11085
1.11166
1.11249
1.11146
1.10718
1.0997
1.09062
1.08233
1.07663
1.07373
1.0722
1.06985
1.06538
1.06006
1.05798
1.063
1.07489
1.08938
1.10191
1.11021
1.11431
1.1155
1.11546
1.1157
1.11727
1.12059
1.12545
1.13102
1.13601
1.13895
1.13847
1.13382
1.12502
1.11313
1.09991
1.08742
1.07753
1.07149
1.06972
1.07173
1.07632
1.08184
1.08658
1.08928
1.08945
1.08763
1.08525
1.08419
1.08595
1.09083
1.09769
1.10456
1.10969
1.11225
1.11231
1.11062
1.10824
1.10615
1.10482
1.10391
1.10246
1.09932
1.09364
1.08513
1.07418
1.06173
1.04917
1.03817
1.03036
1.027
1.02855
1.03452
1.04356
1.05396
1.06429
1.07375
1.08218
1.08982
1.09703
1.10409
