-6.00294
-5.96694
-5.90504
-5.8165
-5.69866
-5.54947
-5.3685
-5.15114
-4.90154
-4.61589
-4.29548
-3.93931
-3.55838
-3.1557
-2.74572
-2.34138
-1.96391
-1.62765
-1.34502
-1.12493
-0.967746
-0.873017
-0.832405
-0.831473
-0.866334
-0.922668
-0.989771
-1.06233
-1.13111
-1.19441
-1.24837
-1.29327
-1.32945
-1.35706
-1.3771
-1.39232
-1.40182
-1.40409
-1.40093
-1.39103
-1.36858
-1.3367
-1.29043
-1.23496
-1.17156
-1.10332
-1.03489
-0.969504
-0.910489
-0.863793
-0.831381
-0.811582
-0.805939
-0.814218
-0.83375
-0.862059
-0.895442
-0.930183
-0.963341
-0.991835
-1.01185
-1.02445
-1.02969
-1.02683
-1.01717
-1.00451
-0.990066
-0.976845
-0.96679
-0.961364
-0.962717
-0.971054
-0.988185
-1.01169
-1.03913
-1.06895
-1.09838
-1.12331
-1.14677
-1.16423
-1.17986
-1.19253
-1.2046
-1.21514
-1.22764
-1.23886
-1.25104
-1.26415
-1.27501
-1.28323
-1.28661
-1.287
-1.28185
-1.27156
-1.25906
-1.24695
-1.23098
-1.21582
-1.20348
-1.19383
-1.17791
-1.13627
-1.0639
-0.962893
-0.837319
-0.6852
-0.517839
-0.343607
-0.168064
0.00266737
0.171999
0.33879
0.502526
0.660672
0.80857
0.935886
1.03294
1.09603
1.12569
1.12819
1.11682
1.10176
1.09292
1.09318
1.09957
1.10626
1.10365
1.0866
1.04826
0.98956
0.909803
0.816365
0.718194
0.62159
0.537268
0.473252
0.433423
0.415564
0.414841
0.423706
0.434947
0.444544
0.453118
0.458971
0.461277
0.456979
0.445388
0.420775
0.382922
0.332915
0.274006
0.21109
0.149368
0.096404
0.0548398
0.0269157
0.0175618
0.0214056
0.0402672
0.0704372
0.109189
0.159261
0.214839
0.277744
0.347184
0.420075
0.491769
0.554956
0.605515
0.646097
0.672507
0.690606
0.702986
0.713467
0.724609
0.737626
0.754331
0.770673
0.78744
0.800481
0.803457
0.788933
0.750749
0.687471
0.607531
0.520379
0.43455
0.354619
0.290579
0.24222
0.208332
0.18909
0.185187
0.196421
0.222106
0.259997
0.310674
0.373838
0.444197
0.522099
0.614144
0.729408
0.857246
0.988627
1.11735
1.23071
1.32354
1.38932
1.4207
1.42111
1.39748
1.36003
1.31579
1.26674
1.21461
1.15788
1.0978
1.03601
0.974081
0.917524
0.873082
0.848594
0.85074
0.8857
0.958538
1.07034
1.21328
1.37269
1.52954
1.66278
1.75295
1.79247
1.78483
1.73499
1.65259
1.55006
1.4389
1.32985
1.22955
1.13922
1.06659
1.01241
0.977367
0.957779
0.951064
0.955662
0.965179
0.981105
0.9948
1.00636
1.01325
1.01714
1.0178
1.01137
1.00065
0.987079
0.969334
0.953009
0.940505
0.941093
0.955529
0.987368
1.03285
1.08971
1.1485
1.19728
1.22056
1.20769
1.15175
1.06052
0.958206
0.862238
0.791288
0.75239
0.743969
0.762004
0.795528
0.840071
0.889805
0.937789
0.977871
0.996323
0.984156
0.942182
0.880612
0.813106
0.758617
0.728271
0.729281
0.756345
0.796181
0.830688
0.845336
0.83868
0.821331
0.802282
0.787839
0.777851
0.772935
0.771492
0.769275
0.776902
0.789847
0.807411
0.826464
0.843849
0.863815
0.881663
0.894226
0.901496
0.903296
0.895118
0.883297
0.869439
0.860557
0.862229
0.877193
0.911002
0.967068
1.04896
1.15336
1.27197
1.39022
1.48635
1.5389
1.53522
1.47492
1.36695
1.23721
1.10661
0.992666
0.906947
0.851389
0.824016
0.823402
0.842742
0.874791
0.915989
0.959658
1.00971
1.06449
1.1211
1.17266
1.21099
1.23092
1.22663
1.20664
1.18089
1.16014
1.15684
1.17011
1.19609
1.22448
1.24915
1.26547
1.27571
1.28603
1.29682
1.30606
1.30293
1.28058
1.24087
1.19256
1.14593
1.11052
1.09218
1.09053
1.10225
1.12126
1.13787
1.14687
1.13964
1.12171
1.09302
1.06378
1.04142
1.02741
1.02082
1.01489
1.00237
0.975774
0.932908
0.87974
0.825805
0.777243
0.74435
0.72827
0.728958
0.738439
0.753382
0.768237
0.783421
0.799883
0.815571
0.828516
0.836828
0.844321
0.857902
0.88232
0.928179
0.989602
1.07167
1.16684
1.26397
1.35617
1.44368
1.52014
1.59053
1.65328
1.6999
1.71911
1.70572
1.66646
1.60739
1.53971
1.47354
1.41727
1.37732
1.35796
1.35837
1.37696
1.41082
1.458
1.51035
1.56564
1.61852
1.66568
1.70541
1.73687
1.75665
1.75887
1.73596
1.68723
1.61695
1.53124
1.44529
1.3684
1.31047
1.27278
1.2585
1.26493
1.29576
1.35131
1.42952
1.53223
1.65392
1.78307
1.90281
1.98764
2.0233
2.00051
1.92677
1.8144
1.68738
1.5596
1.444
1.34382
1.26126
1.19492
1.14586
1.11499
1.10284
1.10961
1.13129
1.16007
1.18808
1.20831
1.22162
1.23035
1.24827
1.28264
1.34322
1.43303
1.54729
1.67913
1.8176
1.94698
2.04751
2.10128
2.09901
2.03937
1.93468
1.80537
1.67248
1.55085
1.44746
1.36807
1.30749
1.26582
1.24322
1.2434
1.26242
1.29051
1.30979
1.30237
1.26495
1.20556
1.13761
1.07642
1.02207
0.964882
0.91843
0.886735
0.874508
0.875862
0.883451
0.885896
0.874126
0.849153
0.818884
0.793136
0.784169
0.797068
0.833812
0.894858
0.972234
1.05792
1.14142
1.21091
1.2517
1.25166
1.20878
1.12779
1.01899
0.904754
0.803096
0.731591
0.702459
0.72013
0.783072
0.887325
1.01477
1.14003
1.23367
1.27763
1.26802
1.2064
1.10178
0.973575
0.850534
0.751362
0.688554
0.66438
0.673951
0.703642
0.74362
0.789561
0.843766
0.907908
0.989914
1.08986
1.20847
1.33653
1.46059
1.56674
1.63646
1.65393
1.61029
1.52085
1.40949
1.3024
1.21712
1.1655
1.14245
1.1467
1.17533
1.22769
1.29888
1.38911
1.49636
1.61655
1.75049
1.90205
2.06974
2.25422
2.44993
2.63529
2.78872
2.88843
2.92637
2.90136
2.82049
2.69451
2.53557
2.3602
2.18358
2.02323
1.88977
1.79388
1.73406
1.7071
1.70979
1.73369
1.76754
1.79947
1.82313
1.83609
1.84282
1.85574
1.89032
1.95623
2.06366
2.1996
2.33238
2.42524
2.44768
2.39638
2.27549
2.11477
1.94056
1.77796
1.64462
1.54925
1.49321
1.47328
1.48421
1.51644
1.56952
1.63954
1.72269
1.81422
1.89759
1.96051
1.99208
1.99179
1.96883
1.93967
1.92187
1.92593
1.94969
1.98684
2.02452
2.05471
2.07758
2.09049
2.09916
2.10227
2.10248
2.09938
2.095
2.08716
2.07465
2.05426
2.02455
1.9863
1.94429
1.91097
1.89975
1.91735
1.94794
1.96314
1.94651
1.91439
1.8944
1.89643
1.92047
1.95619
1.98986
2.01112
2.01611
2.00796
1.99784
1.99395
1.99666
1.99898
1.99574
1.97766
1.93831
1.88541
1.82332
1.76205
1.70697
1.66076
1.62162
1.57526
1.51162
1.43188
1.33361
1.22756
1.11964
1.02242
0.93768
0.870748
0.821194
0.789557
0.779455
0.788948
0.821222
0.875717
0.944926
1.0229
1.09796
1.16604
1.22673
1.28416
1.33535
1.38682
1.43752
1.48483
1.53089
