1
0.842763
0.721437
0.626027
0.54819
0.484643
0.432075
0.388194
0.350428
0.318089
0.289773
0.264935
0.243631
0.224534
0.206995
0.191859
0.178086
0.165275
0.152865
0.141712
0.131788
0.123009
0.114946
0.107798
0.100628
0.0935716
0.0875101
0.0819036
0.0772928
0.0726951
0.0688016
0.0648623
0.060929
0.0566767
0.0531817
0.050528
0.0475756
0.0448788
0.0428009
0.0408994
0.0389941
0.0371909
0.0353491
0.0332233
0.0313437
0.0298951
0.0283715
0.0277185
0.0272067
0.0266759
0.0255975
0.0244857
0.0232675
0.0225818
0.0219563
0.0208047
0.0197932
0.0192608
0.0192196
0.0188958
0.0179363
0.0173569
0.0159891
0.0148507
0.0136932
0.0125598
0.0113994
0.0104673
0.00966608
0.00894784
0.00833003
0.00824064
0.00841931
0.0081107
0.00789848
0.0082374
0.00865527
0.00931189
0.010173
0.0105944
0.0109813
0.0103024
0.00969134
0.00889223
0.0085615
0.00798573
0.00725731
0.00681352
0.00688428
0.00684212
0.00708343
0.00748418
0.00709506
0.00712738
0.00740681
0.00793466
0.00797627
0.00807428
0.00798184
0.00733969
0.00675384
0.00637221
0.00656247
0.00627284
0.00559489
0.00562793
0.00607926
0.00612849
0.0058641
0.00455253
0.00436523
0.00412915
0.00411437
0.00421735
0.00412024
0.00443083
0.00491107
0.00527632
0.00499454
0.00469363
0.00426066
0.00421871
0.00470682
0.00418505
0.00395619
0.00428945
0.00457023
0.00513541
0.00512214
0.00459664
0.00404693
0.00340149
0.00315074
0.00228746
0.00212454
0.00176655
0.00123354
0.000718255
0.000380484
-0.000131374
-0.000473304
-0.000955101
-0.00110201
-0.00134062
-0.00183499
-0.00216089
-0.00199201
-0.00153975
-0.00101043
-0.00105737
-0.000720978
-0.00185124
-0.00331187
-0.00348751
-0.00348631
-0.00336378
-0.00324102
-0.00347545
-0.00321837
-0.00349624
-0.00320651
-0.00361955
-0.00330603
-0.00253689
-0.00198621
-0.000911321
0.000593829
0.001789
0.00344251
0.00392034
0.00414969
0.00437616
0.00469648
0.00518739
0.00562349
0.00559148
0.00578374
0.00610309
0.00653668
0.00606328
0.00514133
0.0044287
0.00355204
0.0033302
0.00311441
0.00248756
0.00155383
0.000830281
0.0004758
-0.000215203
-0.000819871
-0.00123254
-0.00160626
-0.00207858
-0.00252475
-0.00325946
-0.0034597
-0.00353322
-0.00316233
-0.00341113
-0.00343794
-0.00379702
-0.00375182
-0.0038111
-0.00328725
-0.00251364
-0.00169149
-0.00117777
-0.000741802
-0.00026051
0.000227714
0.000620409
0.000776011
0.00113873
0.00139012
0.00135212
0.00187442
0.00223503
0.00217398
0.00139232
0.000848247
0.00131051
0.00169201
0.00230656
0.00312156
0.00351419
0.00334611
0.00292752
0.00311924
0.00354992
0.00335275
0.00326393
0.0033428
0.00344713
0.00355249
0.0040008
0.0041293
0.00362991
0.0032405
0.00230402
0.00190372
0.00193842
0.00217093
0.00219002
0.00214497
0.00187946
0.001127
0.000486104
0.000536473
0.000458831
0.000512968
0.00071888
0.000476473
0.000549239
0.000928708
0.00174874
0.00241512
0.0031948
0.00350811
0.00286867
0.00278823
0.0024662
0.00120439
-5.96956e-05
-0.00103422
-0.00230256
-0.00345056
-0.00448734
-0.00515416
-0.00621358
-0.00711908
-0.00827544
-0.00891729
-0.00850979
-0.008158
-0.00781125
-0.00736939
-0.00626143
-0.00485324
-0.00399713
-0.00368281
-0.00358867
-0.0038719
-0.00371003
-0.0036165
-0.00291976
-0.0026581
-0.00277927
-0.00261972
-0.0027779
-0.00218399
-0.00084895
-0.00105104
-0.00127645
-0.00128601
-0.000977118
-0.000928728
-0.00075081
-0.000476949
-5.80809e-05
0.000193234
0.000255477
-0.000453201
-0.00120623
-0.00166734
-0.00169104
-0.00238328
-0.00286083
-0.00308291
-0.00357567
-0.00426997
-0.00490729
-0.00586205
-0.00616637
-0.00718172
-0.00715041
-0.0070493
-0.00645285
-0.00630989
-0.00594195
-0.00610927
-0.00667709
-0.0064416
-0.00559811
-0.00477629
-0.00388645
-0.0036848
-0.00283598
-0.00229926
-0.002404
-0.00195674
-0.00191701
-0.00130933
-0.0010247
-0.000811128
-0.000662425
-0.000350767
-0.000206451
-0.000604525
-0.000606174
-0.00103213
-0.00196151
-0.00239299
-0.00262002
-0.0028883
-0.00384696
-0.00505837
-0.00605529
-0.00636292
-0.00658994
-0.00635094
-0.00646549
-0.00596873
-0.00535468
-0.00508953
-0.00501413
-0.00488847
-0.00416363
-0.00392492
-0.00393732
-0.00354588
-0.00367604
-0.00357445
-0.0039025
-0.00440507
-0.00512648
-0.00473543
-0.00472889
-0.00425616
-0.00446207
-0.00461342
-0.00464778
-0.00420881
-0.00338866
-0.00315805
-0.00280624
-0.00186839
-0.000958906
-0.000764139
-0.00116507
-0.000930486
-0.000642338
0.000352554
0.000178205
-0.000216103
-0.000724802
-0.00133657
-0.00234869
-0.0035686
-0.00412698
-0.00447565
-0.0045824
-0.0053481
-0.00504928
-0.00383131
-0.00232822
-0.00110415
0.000148479
0.0011223
0.000886826
