1
0.843437
0.722814
0.628048
0.550743
0.487633
0.435375
0.391666
0.354014
0.32174
0.293509
0.268786
0.24759
0.228532
0.210994
0.195837
0.182057
0.169165
0.15672
0.145502
0.13556
0.126782
0.118646
0.111398
0.104144
0.0970361
0.0909028
0.0851672
0.0804143
0.0756839
0.0716341
0.0675729
0.0635547
0.0591919
0.0555317
0.0527724
0.0497928
0.0470131
0.0448347
0.0428263
0.0409023
0.0391021
0.0372401
0.0350375
0.0330712
0.0315452
0.029997
0.029293
0.0287753
0.0281371
0.0269252
0.0256873
0.0243937
0.0236798
0.0229573
0.0217562
0.0207308
0.0201775
0.0201562
0.0197957
0.0188205
0.0181996
0.0168022
0.0156298
0.0145043
0.0133931
0.0122879
0.0113414
0.0105398
0.00986879
0.00923288
0.00908515
0.00916577
0.00879668
0.00855236
0.00883716
0.00924187
0.0098783
0.0107515
0.0111867
0.0115459
0.0108266
0.0102498
0.00938892
0.00904425
0.00846224
0.00767998
0.00718915
0.00720399
0.00701952
0.00716824
0.00754688
0.00714399
0.00713571
0.00737825
0.00785424
0.00790046
0.00809056
0.00798635
0.00736463
0.00675689
0.0064423
0.00666999
0.00634011
0.00566397
0.00571799
0.00619458
0.00625708
0.00599553
0.00476196
0.00463569
0.00442732
0.00444299
0.00450966
0.00437332
0.00471047
0.00516056
0.00552104
0.0051896
0.00492946
0.00446547
0.00437535
0.00485484
0.00435432
0.0042151
0.00459074
0.00484077
0.00542698
0.0054043
0.004859
0.00431891
0.00360746
0.0032897
0.0023597
0.00215074
0.00175675
0.00118699
0.000567905
0.000198271
-0.000334418
-0.000692025
-0.00118217
-0.00129663
-0.00149747
-0.00203924
-0.00236969
-0.00223385
-0.00183222
-0.00128377
-0.00131919
-0.000985577
-0.00208334
-0.00350185
-0.00368285
-0.00366495
-0.00355365
-0.00338999
-0.00359932
-0.00333809
-0.00356156
-0.00321757
-0.00358165
-0.00317745
-0.00243094
-0.00192369
-0.000811807
0.0007057
0.00189856
0.00357432
0.00404237
0.00430023
0.00453357
0.00483378
0.00534169
0.00573455
0.0056903
0.00583871
0.0061427
0.00652435
0.00604394
0.00511647
0.00438653
0.00346825
0.003232
0.00307159
0.00241562
0.00144101
0.000638744
0.00025678
-0.000440873
-0.00102127
-0.00145074
-0.00177003
-0.00229353
-0.00273353
-0.00351928
-0.00368377
-0.00374919
-0.00334088
-0.00358292
-0.00360925
-0.00395969
-0.00394408
-0.00401356
-0.00346522
-0.00264416
-0.0017559
-0.00117242
-0.000681976
-0.000249752
0.000208382
0.00059621
0.000822378
0.00118867
0.00147761
0.0014504
0.0020531
0.00244808
0.00233359
0.00151184
0.000932606
0.00142918
0.00177999
0.00232196
0.0031293
0.00350623
0.00331553
0.0029198
0.00317449
0.00375777
0.00356512
0.0035146
0.00360207
0.00367649
0.00379656
0.00420831
0.00428853
0.00380374
0.00341145
0.00241875
0.00195339
0.00189491
0.00206261
0.00204393
0.00191779
0.00161182
0.000870496
0.000340748
0.000434688
0.000388757
0.000452009
0.000612879
0.000382721
0.000437999
0.000803876
0.00158666
0.00216326
0.00285474
0.00309314
0.00237729
0.00221687
0.0018583
0.000592554
-0.000706685
-0.0016107
-0.00283206
-0.0038676
-0.00479425
-0.00536345
-0.00629735
-0.00716356
-0.00826036
-0.00882442
-0.00836416
-0.00801991
-0.00764373
-0.00715059
-0.00610601
-0.00474194
-0.00393789
-0.00364605
-0.0035613
-0.00387871
-0.00378072
-0.00375686
-0.00304459
-0.00281408
-0.00295548
-0.00279093
-0.00289459
-0.00231318
-0.000974776
-0.00130056
-0.001632
-0.00172357
-0.00147614
-0.00147441
-0.00133731
-0.0010627
-0.00064278
-0.00033507
-0.000250726
-0.000958658
-0.00171147
-0.00218621
-0.00215842
-0.00282566
-0.00335739
-0.0036091
-0.00410397
-0.00476899
-0.00543497
-0.00643938
-0.00671821
-0.00765021
-0.00759291
-0.00751781
-0.00699491
-0.00681976
-0.00642079
-0.00655347
-0.00707709
-0.00684044
-0.00606086
-0.00523568
-0.00429745
-0.00407516
-0.00322408
-0.00270297
-0.00284921
-0.00244598
-0.00243157
-0.00185536
-0.00156546
-0.00126493
-0.00109227
-0.000788836
-0.000669216
-0.00105608
-0.00106278
-0.00155911
-0.00257014
-0.00303721
-0.00327404
-0.00347396
-0.00441864
-0.00558665
-0.0065545
-0.00679501
-0.00692657
-0.00660836
-0.00667307
-0.00611997
-0.00547764
-0.00527383
-0.0052391
-0.00507848
-0.00437035
-0.00416187
-0.00419057
-0.00378895
-0.00386383
-0.00375502
-0.00409425
-0.00456797
-0.00522513
-0.00485486
-0.0048402
-0.00434415
-0.00452541
-0.00460245
-0.00456552
-0.00405816
-0.00324825
-0.0030693
-0.00274877
-0.00185719
-0.000976407
-0.000851787
-0.00127243
-0.00104124
-0.000781598
0.000194525
9.60487e-07
-0.00045996
-0.000998909
-0.00157939
-0.00257495
-0.00375465
-0.00422551
-0.00456644
-0.0046744
-0.00550958
-0.00522553
-0.0040456
-0.00259142
-0.00137422
-0.000148622
0.000815054
0.000553708
