-0.140126   0.17241   0.247748
-0.0445573   -0.235778   0.0463553
0.25636   0.00513307   0.420835
0.476353   -0.388916   -0.0758441
0.267181   -0.404859   -0.453246
-0.185078   -0.210804   -0.217195
-0.129514   -0.49119   0.0357277
-0.27429   0.452986   -0.274931
-0.0620678   0.405874   -0.20786
-0.104125   -0.284546   0.434319
0.304317   -0.21489   0.420808
0.190054   0.43644   0.363923
-0.148447   0.109735   -0.145895
-0.147754   -0.395434   -0.151997
0.424363   -0.348868   -0.268497
0.0629649   0.185699   -0.0311108
0.350339   -0.248887   0.192863
0.255842   0.178003   0.298312
-0.359512   -0.357768   -0.290393
-0.259018   -0.0646281   0.0252763
0.333599   -0.0953041   -0.417293
0.438015   0.458897   0.417894
-0.00912354   -0.238656   -0.399929
0.174918   0.361906   -0.259911
0.48814   0.0501208   0.46974
-0.373514   0.114034   0.0622151
-0.343457   -0.496561   -0.477556
-0.435503   -0.105008   -0.423798
0.174293   0.263533   -0.497667
0.0667181   -0.0392444   -0.456326
-0.171505   -0.362965   -0.386199
0.122435   0.16164   -0.298381
-0.0240063   0.27454   -0.400456
0.420453   0.269256   -0.192987
0.357291   0.163203   -0.36611
-0.0743573   -0.0577957   -0.270208
0.185168   -0.133297   -0.0956916
0.252532   -0.366864   -0.138965
0.343059   -0.431884   0.251401
-0.437001   -0.226658   -0.11466
0.0952091   0.0269119   -0.179988
-0.320975   -0.46372   -0.087918
-0.185891   -0.147563   -0.424653
0.267962   0.166387   -0.102964
0.079603   -0.425   -0.271153
0.184269   -0.250655   -0.347348
0.135004   -0.152407   0.10093
0.117325   -0.180678   0.413014
-0.487919   -0.137936   0.330894
-0.331272   0.103514   -0.466746
0.344698   0.376098   -0.387572
0.348764   -0.173497   -0.221167
-0.172742   -0.150279   0.318825
0.36371   -0.0529909   -0.0180505
0.197219   0.0543128   0.0266138
-0.0173246   -0.212603   -0.138359
0.200524   -0.351702   0.0481248
-0.386918   0.246099   -0.135553
-0.093372   -0.04517   0.16649
-0.482806   0.396593   -0.0452207
-0.0683744   0.355939   0.418162
-0.263636   0.240869   -0.310375
-0.463764   -0.349387   0.107611
0.345025   -0.248989   -0.027816
0.129808   -0.0232525   0.261188
0.133209   0.388277   -0.0570151
-0.208829   0.332634   -0.0951962
0.339836   0.452584   -0.18608
0.41752   0.0287715   -0.21578
0.366019   -0.497375   0.038767
-0.255455   0.325609   -0.491182
0.00752086   -0.017403   0.0023597
0.309932   -0.02726   0.18829
-0.48816   -0.350549   -0.491107
-0.490639   -0.135468   0.0942866
-0.428557   -0.440528   0.297518
-0.445936   0.298624   -0.426044
-0.0134294   0.473443   0.246785
-0.417353   0.294683   0.335091
-0.117124   0.454485   -0.397368
-0.294581   -0.447662   0.140888
0.0325734   -0.409834   -0.0593028
0.0172222   -0.255287   0.271101
0.0872363   0.301185   0.264521
-0.314164   -0.0311865   0.215396
-0.293392   0.2942   0.0803032
0.476983   0.0883377   0.201355
-0.0964198   0.0574562   -0.425855
-0.271932   -0.287795   0.000572868
-0.147629   -0.31638   0.201392
-0.310778   -0.276488   0.432138
0.162478   0.459574   0.134685
-0.352423   -0.23868   0.231212
-0.2859   0.0245387   -0.261679
-0.32142   0.121593   0.343713
-0.434231   -0.0126865   -0.0906873
-0.173401   -0.460109   0.406899
-0.220162   0.362115   0.293441
-0.0561021   0.313399   0.0858969
-0.00765275   0.0335699   0.367933
-0.45573   0.393422   0.170693
-0.129481   0.117747   0.0502166
0.204526   0.255454   0.0959232
0.402208   0.24041   0.423219
0.444828   0.176821   -0.017644
-0.468982   0.477536   -0.315424
0.0576171   -0.446066   -0.481625
0.385132   0.296448   0.231622
