-0.140442   0.172278   0.247739
-0.0444688   -0.235802   0.0463678
0.256369   0.00502787   0.42071
0.476219   -0.389   -0.0760158
0.267199   -0.405041   -0.453033
-0.18509   -0.210739   -0.217089
-0.129526   -0.491233   0.0357738
-0.274332   0.452932   -0.274882
-0.0619439   0.406103   -0.207777
-0.10407   -0.2846   0.434266
0.304264   -0.214859   0.420692
0.190194   0.436545   0.364095
-0.148541   0.109653   -0.145884
-0.147684   -0.395511   -0.15202
0.424274   -0.348897   -0.268464
0.0629186   0.185586   -0.0311276
0.350331   -0.248851   0.19295
0.255734   0.17796   0.298282
-0.359488   -0.357599   -0.290257
-0.259037   -0.0646713   0.0253619
0.333582   -0.0952134   -0.417127
0.437976   0.458859   0.417894
-0.00901382   -0.238748   -0.399895
0.17485   0.361881   -0.259891
0.488127   0.0503427   0.469665
-0.373703   0.114008   0.0621403
-0.343387   -0.496566   -0.477506
-0.435399   -0.105135   -0.423898
0.174181   0.263548   -0.497606
0.0667822   -0.0391299   -0.456178
-0.171428   -0.363014   -0.386204
0.122307   0.161624   -0.298266
-0.0241093   0.274619   -0.400387
0.420646   0.26944   -0.19298
0.357143   0.163159   -0.366115
-0.0742344   -0.0579549   -0.270358
0.185226   -0.133259   -0.0956959
0.252528   -0.366765   -0.138989
0.342956   -0.431921   0.251342
-0.436916   -0.226622   -0.114719
0.0953023   0.0269326   -0.179983
-0.320836   -0.46381   -0.0879806
-0.185773   -0.147564   -0.424699
0.267961   0.166318   -0.102912
0.0796592   -0.425078   -0.271111
0.184129   -0.250751   -0.347328
0.135069   -0.152292   0.100943
0.117312   -0.180794   0.413038
-0.487704   -0.137902   0.330737
-0.33116   0.103619   -0.46658
0.34483   0.376079   -0.387576
0.348769   -0.17356   -0.221068
-0.17282   -0.150418   0.318808
0.363672   -0.0530359   -0.0181228
0.1971   0.054213   0.0267103
-0.0173151   -0.212792   -0.138274
0.200698   -0.351683   0.0481985
-0.386907   0.246227   -0.135722
-0.0933046   -0.0449613   0.166424
-0.482708   0.396801   -0.0450935
-0.0684211   0.356033   0.418214
-0.263648   0.24102   -0.310412
-0.463771   -0.349355   0.107618
0.345314   -0.248877   -0.0277812
0.129686   -0.0233167   0.26125
0.133197   0.388111   -0.0571659
-0.208867   0.332761   -0.0954261
0.339721   0.452525   -0.186042
0.417638   0.0288837   -0.215733
0.36615   -0.497153   0.0388225
-0.255333   0.325457   -0.491251
0.00739168   -0.0176162   0.00231538
0.309698   -0.0271903   0.188433
-0.488244   -0.350551   -0.491037
-0.490429   -0.13545   0.0941444
-0.428583   -0.440609   0.297423
-0.445999   0.298655   -0.426121
-0.0133946   0.473377   0.246653
-0.41749   0.294602   0.335189
-0.117175   0.454399   -0.397274
-0.294503   -0.447576   0.140922
0.0327453   -0.409763   -0.0592895
0.017153   -0.255395   0.271021
0.0873495   0.301169   0.26442
-0.314096   -0.0309346   0.21545
-0.293393   0.294316   0.0802526
0.476974   0.0884762   0.201405
-0.0964951   0.0574221   -0.425996
-0.272158   -0.287731   0.000591203
-0.147429   -0.316251   0.201341
-0.310584   -0.276479   0.432064
0.162441   0.459379   0.134716
-0.352422   -0.238846   0.231114
-0.285884   0.0245824   -0.261606
-0.321358   0.121731   0.343669
-0.434185   -0.0127777   -0.0905851
-0.17346   -0.460246   0.407076
-0.220203   0.361975   0.293335
-0.0561618   0.313618   0.0858996
-0.00772317   0.0335472   0.367781
-0.455854   0.393329   0.170502
-0.129455   0.117782   0.0502122
0.204457   0.255388   0.0957596
0.402043   0.240395   0.423109
0.444768   0.176972   -0.01748
-0.469017   0.477477   -0.315366
0.057528   -0.446042   -0.481469
0.385051   0.296464   0.231504
