1.10131
1.1074
1.11646
1.12609
1.13354
1.13608
1.13194
1.12136
1.10688
1.09251
1.08205
1.07773
1.07998
1.08809
1.10091
1.11677
1.1338
1.15032
1.16522
1.17788
1.18789
1.19487
1.19856
1.19882
1.19557
1.18875
1.1784
1.16496
1.14957
1.13381
1.11929
1.10713
1.09782
1.09143
1.08774
1.08616
1.08563
1.08491
1.08297
1.0793
1.07394
1.06712
1.05899
1.0495
1.03844
1.02603
1.01343
1.00315
0.99846
1.00159
1.01205
1.02691
1.0428
1.05747
1.06994
1.07983
1.08696
1.09139
1.09378
1.09544
1.09796
1.10277
1.11072
1.12196
1.13608
1.15216
1.16884
1.18448
1.19745
1.2066
1.21153
1.21259
1.21055
1.20614
1.19984
1.19174
1.18171
1.1696
1.15525
1.13847
1.11905
1.09686
1.0723
1.04668
1.02236
1.00252
0.990404
0.988142
0.99566
1.01057
1.02924
1.04821
1.06518
1.07879
1.088
1.09157
1.08836
1.07821
1.06256
1.0444
1.02749
1.01527
1.01005
1.01269
1.02279
1.03917
1.06016
1.08366
1.10724
1.12857
1.1459
1.15841
1.16623
1.17023
1.17156
1.17119
1.16954
1.16639
1.16121
1.15353
1.14311
1.12984
1.11381
1.09532
1.07515
1.05455
1.03497
1.0177
1.00368
0.993752
0.988832
0.989669
0.996085
1.00655
1.0189
1.03158
1.04462
1.05928
1.07702
1.09813
1.12107
1.14265
1.15931
1.16867
1.17121
1.17068
1.1718
1.17648
1.18256
1.18639
1.18572
1.18022
1.17078
1.15862
1.1451
1.13156
1.11942
1.10995
1.10408
1.10218
1.10396
1.10873
1.11562
1.12376
1.13233
1.14046
1.14725
1.15187
1.15371
1.15279
1.15005
1.14741
1.14703
1.15022
1.1569
1.16589
1.17542
1.18333
1.18735
1.18558
1.17735
1.16392
1.14878
1.13656
1.13077
1.13184
1.13741
1.14453
1.15148
1.15792
1.16421
1.17051
1.17645
1.1812
1.18377
1.18335
1.17949
1.17223
1.162
1.14954
1.13592
1.12276
1.11214
1.10628
1.10631
1.11165
1.12041
1.1304
1.13985
1.14763
1.15322
1.15685
1.1594
1.16205
1.16567
1.17028
1.17496
1.17825
1.17864
1.17514
1.16796
1.159
1.15131
1.1475
1.1479
1.15087
1.15472
1.15909
1.16475
1.17252
1.18243
1.19362
1.20475
1.21434
1.22088
1.2229
1.21931
1.20982
1.19524
1.17721
1.15766
1.13821
1.11997
1.10399
1.09203
1.08713
1.09239
1.1078
1.12878
1.14896
1.16393
1.17213
1.17375
1.16954
1.16024
1.14667
1.12995
1.11161
1.09334
1.07662
1.06237
1.05099
1.0426
1.03741
1.03563
1.037
1.04058
1.04492
1.04873
1.0515
1.05379
1.05701
1.0626
1.07099
1.08118
1.09124
1.09941
1.1047
1.107
1.10673
1.10449
1.10094
1.09695
1.09388
1.09356
1.09761
1.10655
1.11925
1.13352
1.14699
1.15789
1.16498
1.16789
1.16778
1.16762
1.17031
1.1757
1.18052
1.18131
1.17675
1.16769
1.1561
1.14387
1.13224
1.12168
1.1123
1.10431
1.0983
1.09514
1.09558
1.09991
1.10773
1.118
1.12934
1.14019
1.14905
1.15477
1.15689
1.15565
1.15186
1.14654
1.1406
1.13448
1.12806
1.1206
1.11109
1.09871
1.08352
1.06681
1.05082
1.03759
1.02757
1.01946
1.01138
1.00241
0.993295
0.986012
0.982757
0.985095
0.993589
1.00734
1.02372
1.03923
1.05134
1.05977
1.06596
1.0718
1.07856
1.0866
1.09545
1.10409
1.11127
1.11599
1.11784
1.11708
1.11428
1.11004
1.10475
1.09879
1.09276
1.08751
1.08351
1.08032
1.07693
1.07297
1.06938
1.0678
1.06918
1.07325
1.07877
1.08421
1.08814
1.08956
1.08823
1.08501
1.08157
1.07984
1.08117
1.08585
1.09316
1.10181
1.11039
1.11779
1.12352
1.128
1.13235
1.1376
1.14369
1.14918
1.15198
1.15046
1.14413
1.13378
1.12134
1.10947
1.10072
1.09658
1.09682
1.09971
1.1031
1.1051
1.10449
1.10066
1.0935
1.08335
1.07115
1.05872
1.04867
1.044
1.04703
1.05833
1.07634
1.09797
1.11982
1.1392
1.15459
1.1655
1.17215
1.17509
1.17493
1.17227
1.16772
1.16201
1.15607
1.15087
1.14703
1.14454
1.14254
1.13955
1.13386
1.1242
1.11039
1.09376
1.07689
1.06282
1.05427
1.05295
1.05863
1.0683
1.07691
1.07995
1.07545
1.06409
1.04815
1.03034
1.01303
0.998215
0.98757
0.982434
0.98346
0.99039
1.0022
1.01747
1.03466
1.05228
1.06887
1.08305
1.09349
1.09911
1.09955
1.09551
1.08881
1.08183
1.0768
1.07527
1.0779
1.08444
1.09385
1.10474
1.11575
1.12562
1.1333
1.13807
1.1396
1.13783
1.13272
1.1244
1.11353
1.10167
1.09101
1.08363
1.0808
1.08259
1.08788
1.09457
1.10018
1.10276
1.10152
1.0967
1.08888
1.07826
1.06463
1.0482
1.03034
1.01378
1.00194
0.997378
1.00059
1.00993
1.02279
1.03688
1.05079
1.06384
1.07576
1.08641
1.09566
1.1033
1.10919
1.11345
1.11666
1.11966
1.12312
1.12695
1.13014
1.13121
1.12902
1.12333
1.11468
1.10413
1.09289
1.08202
1.07199
1.06248
1.05298
1.04379
1.03614
1.03105
1.02885
1.02996
1.03575
1.0477
1.06605
1.089
1.11318
1.13505
1.15218
1.16397
1.17158
1.17706
1.18228
1.18843
1.19598
1.20476
1.21383
1.22152
1.2259
1.22545
1.21963
1.20916
1.19579
1.18183
1.16931
1.15918
1.15092
1.1428
1.13282
1.11971
1.1035
1.08558
1.06827
1.05399
1.04441
1.04007
1.04052
1.04466
1.05105
1.05822
1.06494
1.07031
1.07366
1.07441
1.07202
1.06643
1.05832
1.04908
1.04031
1.03314
1.02787
1.0242
1.02161
1.0198
1.01893
1.01983
1.02393
1.03258
1.04616
1.06342
1.08176
1.09816
1.11016
1.11636
1.11648
1.11108
1.10144
1.08943
1.07741
1.0679
1.06308
1.06426
1.07166
1.08443
1.10098
1.11943
1.13795
1.15503
1.16943
1.18028
1.18702
1.18948
1.18784
1.18255
1.17422
1.16348
1.15089
1.13699
1.12248
1.10842
1.0963
1.08778
1.0839
1.08447
1.08769
1.09079
1.09098
1.08624
1.07577
1.06021
1.04167
1.02334
1.00853
0.99966
0.997765
1.00263
1.01309
1.02739
1.04351
1.05961
1.07443
1.08761
1.09943
1.11014
1.1193
1.12555
1.12711
1.12246
1.11093
1.09313
1.07096
1.04746
1.02652
1.01244
1.00913
1.01893
1.04166
1.07455
1.11322
1.15286
1.18925
1.21918
1.24062
1.25274
1.25597
1.25179
1.24238
1.23015
1.21706
1.20437
1.19253
1.18144
1.17066
1.15965
1.14783
1.13481
1.12047
1.10522
1.08985
1.07513
1.06153
1.04933
1.03909
1.03192
1.02893
1.0304
1.03577
1.04429
1.05511
1.06662
1.07613
1.08091
1.07975
1.07366
1.06547
1.05885
1.05696
1.06127
1.07102
1.08369
1.09643
1.10747
1.1168
1.12575
1.1357
1.14682
1.15775
1.16632
1.17091
1.17118
1.16834
1.16417
1.15973
1.15466
1.14786
1.13915
1.13025
1.12427
1.12386
1.12934
1.13838
1.14719
1.15238
1.15211
1.14641
1.13677
1.12541
1.11466
1.10654
1.10273
1.1042
1.11081
1.12106
1.1325
1.14269
1.15008
1.15419
1.15537
1.15425
1.15145
1.1475
1.14296
1.1386
1.13541
1.13434
1.13603
1.14042
1.14686
1.15427
1.16175
1.16875
1.17525
1.18148
1.18753
1.19312
1.19765
1.2005
1.2012
1.19949
1.19537
1.18919
1.18149
1.17292
1.16403
1.15522
1.14669
1.1385
1.13061
1.1229
1.11554
1.10923
1.10519
1.10467
1.10801
1.11425
1.12135
1.12717
1.1303
1.13044
1.12821
1.12486
1.12186
1.12051
1.12172
1.12571
1.132
1.13954
1.14702
1.15314
1.15687
1.15745
1.15452
1.14826
1.13955
1.12986
1.12079
1.11358
1.10872
1.10608
1.10549
1.10719
1.11191
1.12045
1.13283
1.14785
1.16332
1.17689
1.18698
1.19345
1.19755
1.20116
1.20556
1.21065
1.21512
1.21731
1.21605
1.21118
1.20376
1.19551
1.18773
1.18056
1.17335
1.16584
1.1591
1.15532
1.15669
1.16392
1.17565
1.18904
1.20106
1.20944
1.21302
1.21171
1.20615
1.19747
1.18698
1.17602
1.16572
1.15691
1.14992
1.14455
1.14011
1.13574
1.13124
1.1278
1.12742
1.13106
1.13712
1.14245
1.14462
1.14305
1.13863
1.13295
1.12764
1.12414
1.1234
1.12561
1.13002
1.13504
1.13868
1.13911
1.13524
1.12694
1.11477
1.09925
1.0804
1.05822
1.03403
1.01132
0.995174
0.99043
0.999769
1.02263
1.05528
1.09212
1.12762
1.15774
1.1802
1.19386
1.19815
1.19281
1.17826
1.15653
1.13198
1.11045
1.09638
1.09039
1.0903
1.09399
1.10064
1.11009
1.12193
1.13526
1.14906
1.16255
1.17545
1.18778
1.19956
1.21043
1.21945
1.22533
1.22663
1.22202
1.21051
1.19185
1.16743
1.1413
1.12003
1.10975
1.11211
1.1237
1.13933
1.15466
1.16668
1.17316
1.17259
1.16454
1.15025
1.133
1.11768
1.10918
1.11035
1.12086
1.13764
1.15642
1.17311
1.18477
1.18984
1.18801
1.17996
1.16695
1.15057
1.13256
1.11469
1.09852
1.08514
1.07487
1.06732
1.06175
1.05768
1.05521
1.05482
1.05687
1.06136
1.06802
1.07656
1.08666
1.09777
1.10907
1.11947
1.12779
1.13309
1.13498
1.13372
1.13021
1.12556
1.12078
1.11664
1.11372
1.11267
1.11426
1.11912
1.12724
1.13778
1.14933
1.16047
1.17009
1.1774
1.18171
1.18262
1.18028
1.1756
1.16996
1.16464
1.16016
1.15615
1.15178
1.14641
1.14004
1.13338
1.12746
1.12316
1.12098
1.12097
1.12286
1.12621
1.13053
1.13535
1.14032
1.14527
1.15025
1.15534
1.16039
1.16476
1.16742
1.16739
1.16431
1.15854
1.15094
1.14238
1.13365
1.12527
1.11746
