-5.00829
-5.01728
-5.02953
-5.04352
-5.05424
-5.0582
-5.05275
-5.03672
-5.0153
-4.9939
-4.9779
-4.97097
-4.97464
-4.98621
-5.00497
-5.02908
-5.05417
-5.08016
-5.10251
-5.1212
-5.13576
-5.14593
-5.15101
-5.15124
-5.14713
-5.1372
-5.12107
-5.10061
-5.07812
-5.05478
-5.03285
-5.01416
-5.00049
-4.99197
-4.98629
-4.98225
-4.98101
-4.97963
-4.97808
-4.97228
-4.96498
-4.95384
-4.94211
-4.92802
-4.91144
-4.89221
-4.87391
-4.85894
-4.85145
-4.85645
-4.87275
-4.8952
-4.91903
-4.93983
-4.95808
-4.97428
-4.98511
-4.99266
-4.99595
-5.00009
-5.00418
-5.01199
-5.02452
-5.04185
-5.06318
-5.0879
-5.11187
-5.13518
-5.15373
-5.16821
-5.175
-5.17674
-5.17352
-5.1651
-5.15429
-5.14198
-5.12664
-5.10726
-5.08453
-5.06058
-5.03069
-4.99785
-4.96102
-4.92199
-4.88504
-4.85573
-4.83771
-4.83462
-4.84635
-4.86737
-4.89431
-4.92247
-4.94868
-4.97061
-4.98352
-4.98841
-4.9827
-4.96807
-4.94279
-4.9157
-4.89048
-4.87259
-4.86492
-4.86948
-4.88584
-4.91042
-4.94266
-4.97744
-5.01297
-5.04437
-5.07037
-5.08837
-5.09996
-5.1058
-5.10779
-5.10845
-5.10552
-5.10079
-5.09348
-5.08181
-5.06511
-5.04582
-5.02162
-4.99389
-4.96318
-4.93272
-4.90442
-4.87911
-4.85688
-4.84229
-4.83581
-4.83677
-4.847
-4.8618
-4.88016
-4.89904
-4.91858
-4.94058
-4.96673
-4.9984
-5.03296
-5.06625
-5.09199
-5.10527
-5.10879
-5.10859
-5.11087
-5.11759
-5.12595
-5.13201
-5.13175
-5.12336
-5.10888
-5.0905
-5.06976
-5.0496
-5.03184
-5.01718
-5.00853
-5.00537
-5.0076
-5.01369
-5.02433
-5.03821
-5.05136
-5.06491
-5.07466
-5.08173
-5.08435
-5.08402
-5.0796
-5.07549
-5.07506
-5.07985
-5.08867
-5.1014
-5.11645
-5.12741
-5.13329
-5.13184
-5.1192
-5.09906
-5.07634
-5.0586
-5.05023
-5.05183
-5.05958
-5.06966
-5.08024
-5.08945
-5.10039
-5.10984
-5.11981
-5.12633
-5.12943
-5.12834
-5.12301
-5.11242
-5.09616
-5.07717
-5.0566
-5.03624
-5.01957
-5.01077
-5.01051
-5.01913
-5.03363
-5.04892
-5.06249
-5.07417
-5.08225
-5.08874
-5.09165
-5.09669
-5.10167
-5.1095
-5.11652
-5.12131
-5.12204
-5.11648
-5.10572
-5.09272
-5.08059
-5.07548
-5.07713
-5.08067
-5.08571
-5.09302
-5.10105
-5.11361
-5.12908
-5.14557
-5.16196
-5.17619
-5.1857
-5.18768
-5.1829
-5.16836
-5.14512
-5.11793
-5.08815
-5.05882
-5.03192
-5.00795
-4.98925
-4.98235
-4.98978
-5.0123
-5.04452
-5.07449
-5.09665
-5.1076
-5.11033
-5.10521
-5.09187
-5.07212
-5.04719
-5.01967
-4.99272
-4.96794
-4.94688
-4.93041
-4.91798
-4.91035
-4.90872
-4.91017
-4.91555
-4.92207
-4.92792
-4.93133
-4.93446
-4.9405
-4.94872
-4.96117
-4.97569
-4.99109
-5.0029
-5.01113
-5.01654
-5.01568
-5.01202
-5.00715
-5.00131
-4.99716
-4.99698
-5.0029
-5.01661
-5.03477
-5.05511
-5.07517
-5.09106
-5.10246
-5.10743
-5.1074
-5.10686
-5.11059
-5.11883
-5.12637
-5.12665
-5.11935
-5.1044
-5.08716
-5.06897
-5.05122
-5.03523
-5.02162
-5.00873
-5.00092
-4.99633
-4.99714
-5.00379
-5.01687
-5.03197
-5.04733
-5.06452
-5.07841
-5.08729
-5.08972
-5.08921
-5.08428
-5.07646
-5.06633
-5.05746
-5.04708
-5.03604
-5.02267
-5.0041
-4.98162
-4.95715
-4.93257
-4.91212
-4.89769
-4.88613
-4.87326
-4.85981
-4.84613
-4.8346
-4.82957
-4.83262
-4.84566
-4.86629
-4.88921
-4.91232
-4.93095
-4.94494
-4.95452
-4.96373
-4.97403
-4.98593
-4.9986
-5.01171
-5.02204
-5.02881
-5.03265
-5.03211
-5.02761
-5.02169
-5.01256
-5.00226
-4.99246
-4.98458
-4.97858
-4.97441
-4.97023
-4.96428
-4.9595
-4.95758
-4.95935
-4.96636
-4.97555
-4.98371
-4.98961
-4.99113
-4.98975
-4.98446
-4.97975
-4.97716
-4.97869
-4.98541
-4.99592
-5.0092
-5.02207
-5.03332
-5.04192
-5.04864
-5.05531
-5.06213
-5.07156
-5.0789
-5.0825
-5.07977
-5.06921
-5.05354
-5.03533
-5.01585
-5.00288
-4.99486
-4.99476
-4.99956
-5.00373
-5.00703
-5.00552
-4.99947
-4.98964
-4.97396
-4.95491
-4.93716
-4.92179
-4.91462
-4.92038
-4.93732
-4.96358
-4.99528
-5.02852
-5.05728
-5.08021
-5.09643
-5.10655
-5.11081
-5.11163
-5.10658
-5.0993
-5.09058
-5.08077
-5.07252
-5.06646
-5.06286
-5.05942
-5.05493
-5.04776
-5.03282
-5.01226
-4.98655
-4.96109
-4.93939
-4.92671
-4.92563
-4.93371
-4.94912
-4.96219
-4.9669
-4.95909
-4.94265
-4.91996
-4.89414
-4.86727
-4.84535
-4.83089
-4.82394
-4.82654
-4.83723
-4.8542
-4.87695
-4.90349
-4.93037
-4.95451
-4.97564
-4.99204
-5.00138
-5.0022
-4.99659
-4.98774
-4.97712
-4.96927
-4.96682
-4.97138
-4.98194
-4.99606
-5.0124
-5.02876
-5.04357
-5.05524
-5.06345
-5.0662
-5.06264
-5.05452
-5.04144
-5.02408
-5.00704
-4.99074
-4.97846
-4.97376
-4.97554
-4.98363
-4.99276
-4.99967
-5.00263
-5.00107
-4.9946
-4.98287
-4.96618
-4.94529
-4.92034
-4.89279
-4.8681
-4.85018
-4.84455
-4.84997
-4.86368
-4.88282
-4.90502
-4.92603
-4.94576
-4.96424
-4.98052
-4.99485
-5.00753
-5.0156
-5.02109
-5.0265
-5.02979
-5.03588
-5.04178
-5.04688
-5.04818
-5.04519
-5.03786
-5.0255
-5.01042
-4.99281
-4.97621
-4.9613
-4.9475
-4.93354
-4.91991
-4.90858
-4.90051
-4.8972
-4.89827
-4.90633
-4.92471
-4.95209
-4.98546
-5.02249
-5.05545
-5.08069
-5.09868
-5.1107
-5.11845
-5.12599
-5.13476
-5.14624
-5.16
-5.17436
-5.18635
-5.19232
-5.1921
-5.18398
-5.16857
-5.14913
-5.12788
-5.10984
-5.09526
-5.08302
-5.0704
-5.05512
-5.03682
-5.01264
-4.98622
-4.96101
-4.93884
-4.92461
-4.91826
-4.91817
-4.92408
-4.93413
-4.94548
-4.95646
-4.96407
-4.96956
-4.97083
-4.96679
-4.9581
-4.94669
-4.93252
-4.91891
-4.90785
-4.8995
-4.89385
-4.89027
-4.88694
-4.88473
-4.88684
-4.89268
-4.90536
-4.92558
-4.95163
-4.97853
-5.00313
-5.02053
-5.02968
-5.03046
-5.02176
-5.0079
-4.98928
-4.97125
-4.95623
-4.9499
-4.95212
-4.96443
-4.98298
-5.00842
-5.03654
-5.06327
-5.08783
-5.11049
-5.12661
-5.13657
-5.13996
-5.13704
-5.12895
-5.1154
-5.09808
-5.07738
-5.0573
-5.03599
-5.0158
-4.99641
-4.98301
-4.97721
-4.9779
-4.98259
-4.98634
-4.98693
-4.98043
-4.96456
-4.94076
-4.91235
-4.88516
-4.86294
-4.84888
-4.84619
-4.85439
-4.86993
-4.89153
-4.91602
-4.94062
-4.96421
-4.98443
-5.00201
-5.01747
-5.03091
-5.04058
-5.04445
-5.03807
-5.02169
-4.99513
-4.96233
-4.92813
-4.89566
-4.87484
-4.86972
-4.88473
-4.91867
-4.96847
-5.02601
-5.08442
-5.13902
-5.18391
-5.21607
-5.2341
-5.23819
-5.23161
-5.21705
-5.19809
-5.17815
-5.15821
-5.1409
-5.12305
-5.10629
-5.08946
-5.07295
-5.051
-5.0295
-5.00677
-4.98325
-4.96103
-4.94199
-4.92444
-4.90938
-4.89908
-4.89474
-4.89679
-4.90516
-4.91808
-4.93416
-4.95189
-4.96736
-4.97469
-4.97325
-4.96396
-4.95152
-4.94113
-4.93904
-4.94507
-4.95954
-4.97794
-4.99812
-5.01301
-5.02776
-5.04133
-5.0549
-5.07159
-5.08797
-5.1016
-5.10787
-5.10843
-5.10402
-5.097
-5.09125
-5.08409
-5.07466
-5.06084
-5.04748
-5.03865
-5.03789
-5.04582
-5.06012
-5.0741
-5.08219
-5.08194
-5.07263
-5.05818
-5.04159
-5.02545
-5.01313
-5.00695
-5.00945
-5.01877
-5.03415
-5.05056
-5.06539
-5.07602
-5.08203
-5.0844
-5.08302
-5.07988
-5.07442
-5.06806
-5.06182
-5.05627
-5.05452
-5.05614
-5.06289
-5.073
-5.08352
-5.09503
-5.10644
-5.11604
-5.12494
-5.13476
-5.14299
-5.14889
-5.15331
-5.15376
-5.15134
-5.14638
-5.13695
-5.1245
-5.11179
-5.09877
-5.08615
-5.07335
-5.06062
-5.04893
-5.03662
-5.02497
-5.01685
-5.01096
-5.00926
-5.01412
-5.02287
-5.03337
-5.04165
-5.0462
-5.04671
-5.04306
-5.03803
-5.03308
-5.03106
-5.03333
-5.03977
-5.04906
-5.06112
-5.07158
-5.08077
-5.0856
-5.08618
-5.08223
-5.07269
-5.05947
-5.04463
-5.03178
-5.02187
-5.01368
-5.01062
-5.00929
-5.01274
-5.02028
-5.03294
-5.05045
-5.07313
-5.09543
-5.11519
-5.13063
-5.14033
-5.14738
-5.1534
-5.16
-5.16748
-5.17434
-5.17748
-5.17529
-5.16768
-5.15655
-5.14417
-5.13189
-5.12069
-5.11064
-5.10028
-5.09061
-5.0851
-5.08564
-5.09709
-5.11408
-5.13522
-5.15341
-5.16582
-5.1718
-5.16892
-5.16089
-5.14862
-5.13364
-5.1178
-5.10175
-5.08793
-5.07789
-5.06894
-5.06183
-5.05557
-5.04898
-5.0429
-5.04218
-5.04794
-5.05704
-5.06534
-5.0695
-5.06714
-5.06021
-5.05184
-5.04357
-5.03847
-5.03706
-5.04083
-5.0479
-5.05423
-5.05968
-5.06033
-5.05362
-5.04101
-5.02306
-4.99963
-4.97137
-4.93855
-4.9021
-4.86833
-4.84457
-4.83745
-4.85085
-4.8847
-4.93474
-4.98954
-5.044
-5.08965
-5.12272
-5.14412
-5.15101
-5.14285
-5.12209
-5.091
-5.05462
-5.02201
-5.00151
-4.99238
-4.99165
-4.99718
-5.00639
-5.02012
-5.03849
-5.05909
-5.08024
-5.10124
-5.12013
-5.13847
-5.15585
-5.17245
-5.18568
-5.19359
-5.19463
-5.18788
-5.17045
-5.14337
-5.10629
-5.06648
-5.03442
-5.02051
-5.02375
-5.04054
-5.06368
-5.08729
-5.10441
-5.11382
-5.11403
-5.10166
-5.08112
-5.05555
-5.03422
-5.02086
-5.02277
-5.03868
-5.06357
-5.09113
-5.11693
-5.13487
-5.14232
-5.13792
-5.12524
-5.10618
-5.08221
-5.05413
-5.02747
-5.00337
-4.98344
-4.96805
-4.95702
-4.94806
-4.94121
-4.93705
-4.93722
-4.93984
-4.94613
-4.95536
-4.96787
-4.98331
-5.00135
-5.01921
-5.03404
-5.04562
-5.05372
-5.05685
-5.05406
-5.04955
-5.04303
-5.03555
-5.02843
-5.0242
-5.02203
-5.02471
-5.03109
-5.04419
-5.06015
-5.07671
-5.09252
-5.10635
-5.11746
-5.12348
-5.12559
-5.12163
-5.11476
-5.10705
-5.09877
-5.09174
-5.08664
-5.08055
-5.07263
-5.06157
-5.05264
-5.0442
-5.03806
-5.03434
-5.03387
-5.03716
-5.04173
-5.04851
-5.05559
-5.0635
-5.07017
-5.07854
-5.08543
-5.09255
-5.09881
-5.10249
-5.10245
-5.09662
-5.08872
-5.07776
-5.06463
-5.05214
-5.03852
-5.02664
