1.95486
1.96174
1.95762
1.9471
1.93713
1.93037
1.92555
1.91835
1.90332
1.8744
1.82498
1.75393
1.67118
1.58816
1.51988
1.48358
1.48387
1.51804
1.577
1.64678
1.71337
1.76723
1.80768
1.83633
1.85859
1.86983
1.86875
1.84928
1.8179
1.78133
1.74395
1.71704
1.69317
1.6703
1.6463
1.6169
1.58419
1.5526
1.52662
1.51145
1.51133
1.53144
1.57047
1.62176
1.68195
1.74226
1.79593
1.84419
1.88637
1.92466
1.96571
2.00798
2.04733
2.07357
2.07
2.02391
1.93512
1.80908
1.66201
1.51403
1.38622
1.29422
1.24671
1.24763
1.29497
1.38822
1.52056
1.68573
1.87248
2.06192
2.23612
2.37861
2.47687
2.52796
2.54047
2.53093
2.51139
2.4816
2.433
2.35773
2.26123
2.15581
2.05952
1.98044
1.91778
1.85963
1.78853
1.69664
1.58697
1.47069
1.36455
1.27896
1.21606
1.17445
1.144
1.12007
1.08809
1.05021
1.00645
0.964051
0.934359
0.926906
0.947024
0.991757
1.05538
1.13276
1.21883
1.3103
1.4036
1.50013
1.60027
1.70421
1.80785
1.88559
1.92145
1.92103
1.90356
1.89103
1.89871
1.92606
1.96199
1.99153
1.99992
1.98073
1.93346
1.8594
1.76401
1.65421
1.53795
1.42252
1.31719
1.22917
1.15808
1.10447
1.05817
1.01457
0.967148
0.919465
0.875986
0.842561
0.823081
0.82644
0.856367
0.920135
1.02864
1.19077
1.40926
1.67025
1.93681
2.16428
2.32065
2.40151
2.42242
2.3964
2.33057
2.23922
2.13109
2.01265
1.88929
1.76076
1.6342
1.51833
1.42214
1.35502
1.32362
1.32522
1.3563
1.40798
1.4698
1.52196
1.55078
1.5433
1.49863
1.42282
1.32661
1.22534
1.13287
1.0594
1.00891
0.983167
0.977006
0.981237
0.992646
1.00676
1.02319
1.04922
1.08989
1.14645
1.2205
1.30388
1.38452
1.45337
1.50178
1.52987
1.54234
1.55021
1.56072
1.57961
1.6079
1.64175
1.68069
1.71851
1.74642
1.75337
1.73573
1.6907
1.62599
1.55338
1.48675
1.43989
1.41433
1.41566
1.43696
1.47313
1.51455
1.55532
1.59681
1.63824
1.67397
1.69885
1.7095
1.70471
1.68696
1.66046
1.62939
1.60288
1.58524
1.58846
1.61029
1.64697
1.68842
1.73195
1.77067
1.79297
1.79035
1.75347
1.6799
1.57941
1.46706
1.35916
1.27012
1.20498
1.1652
1.14877
1.15111
1.16571
1.19068
1.21397
1.22531
1.20629
1.14972
1.06219
0.967866
0.890529
0.839813
0.827092
0.849549
0.91232
1.01396
1.14688
1.30171
1.47143
1.64836
1.81825
1.96851
2.08311
2.15003
2.17386
2.16673
2.1443
2.11585
2.08712
2.05994
2.0301
1.99549
1.94821
1.88931
1.82035
1.75591
1.70266
1.66506
1.64003
1.62171
1.6056
1.5884
1.57726
1.57419
1.58325
1.59788
1.61365
1.6264
1.63372
1.64014
1.64599
1.65685
1.66581
1.6679
1.65503
1.62658
1.58719
1.5396
1.48949
1.43805
1.38831
1.34406
1.30542
1.27815
1.26048
1.2539
1.25857
1.27137
1.29158
1.32069
1.35795
1.40175
1.44516
1.48805
1.52204
1.5406
1.53726
1.50425
1.43823
1.34344
1.23178
1.11903
1.02144
0.947875
0.895379
0.865719
0.853227
0.853279
0.872008
0.91586
0.998443
1.11994
1.27208
1.43708
1.5976
1.73838
1.84995
1.92598
1.95462
1.92984
1.86067
1.7648
1.66644
1.58428
1.53079
1.50745
1.5121
1.54387
1.59505
1.66164
1.73444
1.80082
1.85741
1.89593
1.90941
1.89305
1.85511
1.80843
1.76834
1.73891
1.72181
1.71491
1.72569
1.75467
1.7976
1.83968
1.86149
1.84878
1.79945
1.72121
1.63007
1.54095
1.4641
1.40251
1.3548
1.31573
1.28813
1.27186
1.26788
1.28374
1.3132
1.35512
1.40399
1.45409
1.50365
1.55338
1.59974
1.64275
1.6812
1.71001
1.72909
1.73475
1.72532
1.70041
1.6599
1.60618
1.54236
1.47081
1.39638
1.31669
1.23675
1.16139
1.0949
1.04096
1.00475
0.989659
0.997689
1.02787
1.07802
1.14865
1.23147
1.32482
1.42729
1.53279
1.64135
1.74601
1.84509
1.9285
1.98458
2.00389
1.97807
1.91678
1.83334
1.7439
1.66399
1.60179
1.55516
1.51829
1.48595
1.45415
1.42093
1.38982
1.36331
1.34549
1.33684
1.33186
1.32467
1.30615
1.26201
1.18763
1.09128
0.988717
0.899511
0.837776
0.808226
0.809325
0.832553
0.876534
0.940589
1.02434
1.1321
1.26105
1.40391
1.5524
1.70007
1.832
1.94209
2.03072
2.09546
2.14114
2.16406
2.16442
2.1443
2.1058
2.05565
1.99913
1.94148
1.88645
1.84927
1.8283
1.82812
1.84285
1.86866
1.90509
1.95156
2.00225
2.04573
2.0717
2.069
2.03704
1.97579
1.88766
1.78715
1.68719
1.59499
1.52198
1.46918
1.43586
1.41758
1.4092
1.39952
1.38782
1.37245
1.35769
1.35306
1.3598
1.38608
1.43819
1.51565
1.61517
1.72644
1.83837
1.93257
1.99773
2.02122
2.00471
1.95527
1.88224
1.79934
1.7218
1.66068
1.62612
1.61664
1.62471
1.63248
1.62143
1.59625
1.58018
1.58935
1.6206
1.65934
1.68856
1.69964
1.68597
1.65024
1.59886
1.54633
1.50479
1.49019
1.51316
1.57325
1.66821
1.78984
1.92178
2.04085
2.12403
2.15019
2.12522
2.0667
2.00091
1.95019
1.92747
1.93286
1.96102
2.00037
2.03695
2.06123
2.06952
2.05158
1.99678
1.90877
1.79602
1.68238
1.58701
1.52626
1.5017
1.50979
1.53799
1.57439
1.6065
1.62427
1.62436
1.61014
1.58206
1.54674
1.51373
1.48744
1.47358
1.47234
1.48599
1.51505
1.55779
1.61401
1.6847
1.76446
1.84921
1.93078
1.99456
2.02664
2.02162
1.97836
1.90714
1.82171
1.73448
1.65841
1.6006
1.56422
1.55367
1.56492
1.58914
1.61576
1.62604
1.6143
1.57028
1.50256
1.41941
1.34103
1.28199
1.2504
1.24635
1.25465
1.26779
1.26801
1.24255
1.19201
1.13204
1.077
1.04931
1.05665
1.09857
1.16682
1.24504
1.32761
1.40386
1.46823
1.52166
1.56202
1.5954
1.62755
1.66092
1.694
1.72428
1.74277
1.74876
1.74056
1.72339
1.70523
1.6927
1.68668
1.68564
1.68894
1.68437
1.6686
1.63783
1.58976
1.52325
1.4426
1.35066
1.25916
1.1771
1.11459
1.07896
1.06962
1.08677
1.12986
1.19289
1.26934
1.35361
1.43397
1.50969
1.57432
1.62573
1.66214
1.68326
1.69856
1.71172
1.73145
1.75774
1.78724
1.81603
1.84442
1.86864
1.89144
1.91243
1.93593
1.968
2.02082
2.08758
2.15813
2.21892
2.25663
2.26309
2.23629
2.18661
2.12771
2.08071
2.0607
2.08198
2.14746
2.2431
2.35449
2.45706
2.52882
2.5559
2.53175
2.45555
2.33919
2.19817
2.04981
1.91105
1.79471
1.70344
1.64221
1.61042
1.61504
1.65728
1.73791
1.85603
2.00152
2.16415
2.32479
2.46535
2.56287
2.59944
2.56391
2.45543
2.28547
2.08125
1.869
1.67469
1.52126
1.4208
1.38668
1.41966
1.51482
1.64921
1.79217
1.90218
1.94999
1.92755
1.85883
1.77253
1.6929
1.63835
1.6184
1.63429
1.67658
1.73182
1.7816
1.81464
1.82474
1.81387
1.79053
1.75955
1.73312
1.71321
1.70771
1.71864
1.74462
1.78616
1.83404
1.88457
1.93481
1.98262
2.02626
2.05232
2.05771
2.04273
2.018
2.00096
2.00333
2.03063
2.0805
2.14525
2.21969
2.28777
2.33414
2.34919
2.32912
2.28147
2.22136
2.16276
2.12086
2.09921
2.09154
2.09085
2.09361
2.0969
2.10155
2.10714
2.11967
2.13465
2.15045
2.16541
2.18108
2.20277
2.23252
2.26583
2.29084
2.28684
2.24312
2.15628
2.03986
1.9115
1.78937
1.68458
1.6007
1.53602
1.48576
1.44182
1.39597
1.34338
1.2899
1.24187
1.21063
1.20301
1.2257
1.27316
1.33352
1.39136
1.42897
1.44277
1.4333
1.41012
1.38366
1.36121
1.34655
1.34412
1.35355
1.37653
1.41084
1.45343
1.49571
1.52923
1.54654
1.54888
1.54383
1.54259
1.55647
1.59161
1.65499
1.74255
1.84984
1.97759
2.11559
2.26004
2.39249
2.49641
2.55076
2.53631
2.45377
2.31231
2.13386
1.93923
1.75084
1.58258
1.44371
1.34667
1.29307
1.28406
1.30885
1.34508
1.37169
1.36841
1.32781
1.2551
1.1644
1.06863
0.979585
0.909818
0.868379
0.858674
0.886891
0.950392
1.04633
1.15904
1.27776
1.40147
1.52355
1.64508
1.76954
1.89645
2.02128
2.13852
2.24208
2.31986
2.35615
2.34794
2.29371
2.20202
2.0869
1.95938
1.83181
1.71577
1.61666
1.54325
1.50689
1.51444
1.56184
1.64974
1.76381
1.89015
2.01162
2.11645
2.20232
2.26713
2.31278
2.33029
2.31796
2.26616
2.18268
2.07652
1.9675
1.87447
1.80746
1.77098
1.7614
1.77215
1.79779
1.83227
1.87137
1.91734
1.96357
2.01076
2.05054
2.0758
2.08942
2.08636
2.07027
2.04583
2.01209
1.97318
1.92935
1.88006
1.82453
1.76617
1.7102
1.66347
1.63577
1.62954
1.65141
1.6978
1.7649
1.84587
1.93549
2.02591
2.10514
2.16022
2.18036
2.15633
2.08546
1.97444
1.83801
1.69154
1.55082
1.43131
1.34293
1.28736
1.26477
1.26835
1.28361
1.29496
1.28287
1.24052
1.16354
1.06714
0.963527
0.869978
0.801095
0.7688
0.776949
0.816411
0.883309
0.970466
1.07983
1.21407
1.36766
1.52712
1.67
1.76411
1.78398
1.72943
1.62362
1.49655
1.37429
1.27338
1.20103
1.161
1.15403
1.18055
1.23658
1.31382
1.40445
1.50234
1.60125
1.69804
1.79512
1.88696
1.97407
2.04783
2.09648
2.10354
2.06041
1.96749
1.84285
1.70196
1.56711
1.45237
1.36255
1.2998
1.26721
1.26203
1.2842
1.33174
1.40583
1.50522
1.62535
