-3.31147
-3.31147
-3.31132
-3.31193
-3.31238
-3.31268
-3.31299
-3.31329
-3.31298
-3.31177
-3.31102
-3.31162
-3.31163
-3.31193
-3.31299
-3.31254
-3.31209
-3.31224
-3.31254
-3.31268
-3.31268
-3.31283
-3.31238
-3.31238
-3.31163
-3.31253
-3.31283
-3.31389
-3.31314
-3.31178
-3.31284
-3.31178
-3.31208
-3.31208
-3.31072
-3.31011
-3.31012
-3.31012
-3.31012
-3.31012
-3.31057
-3.31012
-3.30936
-3.30996
-3.30981
-3.30981
-3.31072
-3.31042
-3.31011
-3.31072
-3.31042
-3.31072
-3.31102
-3.31056
-3.31071
-3.31192
-3.31192
-3.31177
-3.31162
-3.31208
-3.31254
-3.31269
-3.31269
-3.31224
-3.31239
-3.31178
-3.31178
-3.31163
-3.31102
-3.31147
-3.31207
-3.31177
-3.31086
-3.31011
-3.31011
-3.31042
-3.31087
-3.31147
-3.31147
-3.31132
-3.31087
-3.31193
-3.31284
-3.3136
-3.31344
-3.31283
-3.31313
-3.31298
-3.31208
-3.31178
-3.31133
-3.31087
-3.31102
-3.31057
-3.31117
-3.31011
-3.31162
-3.31177
-3.31162
-3.31147
-3.31117
-3.31087
-3.31012
-3.30997
-3.31072
-3.31147
-3.31178
-3.31117
-3.31087
-3.31042
-3.31072
-3.31118
-3.30876
-3.3083
-3.30951
-3.30936
-3.30861
-3.30907
-3.30982
-3.31042
-3.31042
-3.30966
-3.30951
-3.30966
-3.30966
-3.31027
-3.31087
-3.31102
-3.31087
-3.31148
-3.31208
-3.31178
-3.31208
-3.31103
-3.31102
-3.31057
-3.31132
-3.31163
-3.31163
-3.31148
-3.31239
-3.31208
-3.31194
-3.31224
-3.31224
-3.31209
-3.31164
-3.31118
-3.31178
-3.31192
-3.31162
-3.31238
-3.31314
-3.31344
-3.31465
-3.3145
-3.3145
-3.31525
-3.3151
-3.31541
-3.3151
-3.31465
-3.31511
-3.31586
-3.31556
-3.31601
-3.31677
-3.31782
-3.31737
-3.31751
-3.31691
-3.31691
-3.31646
-3.31555
-3.31525
-3.31525
-3.31541
-3.31541
-3.31571
-3.3151
-3.3142
-3.31465
-3.3145
-3.31435
-3.31495
-3.31465
-3.3139
-3.31405
-3.31329
-3.31254
-3.31268
-3.31238
-3.31253
-3.31283
-3.31405
-3.31465
-3.31495
-3.3145
-3.3139
-3.31495
-3.31556
-3.3154
-3.31449
-3.31434
-3.31359
-3.31389
-3.31434
-3.3148
-3.3151
-3.31405
-3.31511
-3.31541
-3.31631
-3.31586
-3.3151
-3.31495
-3.31405
-3.31269
-3.31238
-3.31268
-3.31268
-3.31253
-3.31208
-3.31118
-3.31073
-3.30982
-3.31103
-3.31058
-3.31043
-3.30997
-3.31088
-3.31057
-3.30952
-3.30966
-3.30936
-3.30876
-3.30861
-3.30831
-3.30816
-3.30831
-3.30786
-3.30801
-3.30846
-3.30846
-3.30801
-3.30846
-3.30801
-3.30906
-3.30906
-3.30891
-3.30815
-3.30891
-3.30982
-3.30922
-3.30967
-3.30861
-3.30982
-3.31028
-3.30922
-3.30801
-3.30786
-3.30785
-3.3071
-3.30755
-3.308
-3.30845
-3.30981
-3.31027
-3.31027
-3.30982
-3.31012
-3.31072
-3.31087
-3.31163
-3.31132
-3.31178
-3.31148
-3.31254
-3.31193
-3.31148
-3.31103
-3.31103
-3.31118
-3.31087
-3.31163
-3.31148
-3.31239
-3.31284
-3.3145
-3.31571
-3.31541
-3.3145
-3.31269
-3.31299
-3.31269
-3.31314
-3.31238
-3.31163
-3.31087
-3.30982
-3.30997
-3.30997
-3.31042
-3.31072
-3.31027
-3.31087
-3.31042
-3.31072
-3.31072
-3.30966
-3.30891
-3.30876
-3.30846
-3.3083
-3.308
-3.30936
-3.30936
-3.30981
-3.31072
-3.31117
-3.31132
-3.31117
-3.31087
-3.31102
-3.31208
-3.31269
-3.31239
-3.31405
-3.3145
-3.31405
-3.3142
-3.31375
-3.31465
-3.3142
-3.3139
-3.3139
-3.3145
-3.3145
-3.31465
-3.3151
-3.31404
-3.31283
-3.31268
-3.31253
-3.31268
-3.31224
-3.31193
-3.31148
-3.31178
-3.31254
-3.31193
-3.31208
-3.31117
-3.30936
-3.30936
-3.30905
-3.3089
-3.308
-3.30739
-3.30679
-3.3074
-3.30724
-3.30694
-3.30603
-3.30679
-3.30664
-3.30664
-3.30664
-3.30709
-3.30769
-3.30754
-3.30633
-3.30588
-3.30633
-3.30724
-3.30754
-3.30724
-3.30663
-3.30769
-3.30799
-3.30845
-3.31026
-3.30996
-3.31087
-3.31117
-3.31102
-3.31132
-3.31177
-3.31132
-3.31162
-3.31177
-3.31132
-3.31192
-3.31192
-3.31192
-3.31177
-3.31147
-3.31177
-3.31237
-3.31268
-3.31268
-3.31102
-3.31102
-3.31147
-3.31147
-3.31087
-3.31041
-3.30996
-3.30981
-3.30981
-3.31026
-3.31117
-3.31026
-3.31056
-3.31087
-3.30996
-3.30981
-3.30875
-3.3092
-3.30905
-3.3092
-3.3095
-3.30874
-3.30935
-3.3092
-3.30935
-3.31057
-3.31177
-3.31223
-3.31298
-3.31404
-3.31419
-3.31328
-3.31268
-3.31223
-3.31268
-3.31283
-3.31223
-3.31223
-3.31207
-3.31101
-3.31131
-3.31268
-3.31343
-3.31359
-3.31284
-3.31148
-3.31027
-3.30891
-3.30921
-3.30921
-3.30876
-3.30921
-3.30876
-3.30815
-3.30845
-3.30921
-3.30785
-3.3077
-3.30845
-3.30815
-3.30845
-3.30709
-3.30679
-3.30725
-3.3074
-3.3077
-3.30725
-3.30649
-3.30589
-3.3074
-3.30619
-3.30664
-3.30619
-3.30619
-3.30664
-3.30695
-3.30679
-3.30664
-3.30709
-3.30694
-3.30754
-3.30709
-3.30649
-3.30785
-3.3083
-3.3074
-3.30785
-3.30755
-3.308
-3.30891
-3.30981
-3.30936
-3.31026
-3.31041
-3.31087
-3.31132
-3.30981
-3.30996
-3.31057
-3.31027
-3.30997
-3.30951
-3.30981
-3.30935
-3.30981
-3.30935
-3.31026
-3.31056
-3.30981
-3.30951
-3.30981
-3.30966
-3.30951
-3.30846
-3.30876
-3.30921
-3.3083
-3.30769
-3.308
-3.30815
-3.3077
-3.30724
-3.30694
-3.30754
-3.30754
-3.30799
-3.30799
-3.3083
-3.30785
-3.30845
-3.30861
-3.3074
-3.30725
-3.3077
-3.30785
-3.30769
-3.30769
-3.30693
-3.30799
-3.30769
-3.30724
-3.30725
-3.3077
-3.30785
-3.30861
-3.30906
-3.30875
-3.30845
-3.30875
-3.30814
-3.30769
-3.30829
-3.30724
-3.30739
-3.3074
-3.3083
-3.3083
-3.30891
-3.30921
-3.30996
-3.30996
-3.30935
-3.30935
-3.3098
-3.3089
-3.30875
-3.3092
-3.3089
-3.3092
-3.3092
-3.30996
-3.31041
-3.31026
-3.31041
-3.31057
-3.30951
-3.30936
-3.30951
-3.3089
-3.30814
-3.30784
-3.30693
-3.30723
-3.30799
-3.3086
-3.30936
-3.30905
-3.30845
-3.3089
-3.30875
-3.30875
-3.30935
-3.30905
-3.31025
-3.30889
-3.30844
-3.30678
-3.30723
-3.30769
-3.308
-3.30769
-3.30603
-3.30708
-3.30678
-3.30663
-3.30768
-3.30905
-3.30814
-3.3083
-3.30739
-3.30724
-3.30739
-3.30663
-3.30708
-3.30588
-3.30557
-3.30648
-3.30587
-3.30572
-3.30573
-3.30588
-3.30603
-3.30603
-3.30482
-3.30497
-3.30482
-3.30557
-3.30663
-3.30709
-3.30648
-3.30618
-3.30663
-3.30542
-3.30618
-3.30708
-3.30769
-3.30799
-3.30844
-3.30769
-3.30769
-3.30724
-3.30754
-3.30799
-3.30754
-3.30799
-3.3089
-3.3089
-3.30875
-3.30845
-3.30678
-3.30693
-3.30633
-3.30693
-3.30784
-3.30814
-3.30844
-3.30709
-3.30754
-3.30769
-3.30739
-3.30693
-3.30724
-3.30709
-3.30784
-3.30724
-3.30663
-3.30679
-3.30845
-3.30709
-3.30603
-3.30588
-3.30618
-3.30648
-3.30663
-3.30784
-3.30875
-3.31011
-3.31042
-3.31148
-3.31178
-3.31057
-3.31087
-3.31041
-3.31056
-3.31146
-3.31176
-3.31116
-3.31146
-3.31131
-3.31086
-3.31087
-3.31102
-3.31011
-3.30996
-3.3092
-3.30996
-3.30996
-3.31026
-3.31087
-3.31041
-3.31041
-3.3095
-3.30935
-3.30904
-3.30964
-3.30994
-3.30904
-3.30768
-3.30784
-3.30784
-3.3086
-3.30966
-3.30951
-3.31027
-3.30982
-3.30966
-3.30875
-3.3092
-3.30919
-3.30919
-3.30813
-3.30844
-3.30844
-3.30875
-3.30951
-3.30966
-3.30921
-3.3083
-3.30814
-3.30784
-3.30814
-3.30783
-3.30753
-3.30753
-3.30678
-3.30738
-3.30648
-3.30693
-3.30693
-3.30693
-3.30754
-3.30633
-3.30602
-3.30617
-3.30678
-3.30753
-3.30647
-3.30708
-3.30708
-3.30708
-3.30753
-3.30739
-3.30709
-3.30648
-3.30618
-3.30708
-3.30617
-3.30542
-3.30572
-3.30617
-3.30678
-3.30693
-3.30663
-3.30784
-3.30845
-3.30814
-3.30829
-3.3089
-3.30859
-3.30784
-3.30678
-3.30708
-3.30572
-3.30497
-3.30467
-3.30512
-3.30603
-3.30603
-3.30542
-3.30512
-3.30497
-3.30647
-3.30723
-3.30829
-3.30859
-3.30875
-3.3083
-3.30769
-3.30769
-3.30845
-3.30905
-3.3092
-3.3092
-3.30995
-3.30965
-3.30966
-3.30951
-3.31041
-3.31041
-3.31056
-3.31101
-3.31101
-3.31206
-3.31176
-3.31146
-3.31116
-3.31101
-3.31132
-3.31222
-3.31207
-3.31192
-3.31132
-3.31116
-3.31086
-3.31101
-3.31116
-3.31192
-3.31252
-3.31283
-3.31313
-3.31343
-3.31464
-3.31419
-3.31404
-3.3151
-3.31434
-3.31464
-3.31298
-3.31267
-3.31252
-3.31221
-3.31297
-3.31206
-3.31162
-3.31147
-3.31238
-3.31193
-3.31087
-3.31102
-3.31027
-3.31072
-3.31072
-3.31026
-3.31071
-3.31026
-3.30995
-3.3101
-3.31056
-3.31026
-3.30996
-3.31011
-3.30951
-3.3083
-3.3089
-3.30951
-3.31041
-3.30875
-3.30784
-3.3083
-3.30678
-3.30633
-3.30694
-3.30709
-3.30664
-3.30664
-3.30739
-3.30754
-3.30724
-3.30844
-3.30814
-3.30784
-3.30769
-3.30694
-3.30679
-3.30664
-3.30528
-3.30498
-3.30589
-3.30619
-3.30529
-3.30649
-3.30619
-3.30619
-3.30558
-3.30558
-3.30679
-3.30754
-3.30845
-3.30754
-3.30784
-3.30648
-3.30694
-3.30634
-3.30679
-3.3074
-3.30755
-3.30831
-3.30891
-3.30936
-3.30951
-3.30876
-3.3083
-3.30936
-3.30921
-3.31027
-3.30966
-3.30966
-3.31162
-3.31147
-3.31193
-3.31208
-3.31117
-3.31163
-3.31178
-3.31163
-3.31132
-3.31147
-3.31147
-3.31148
-3.31193
-3.31148
-3.31223
-3.31163
-3.31118
-3.31072
-3.31087
-3.31072
-3.31012
-3.30996
-3.31041
-3.31026
-3.30981
-3.30981
-3.31026
-3.31011
-3.30997
-3.31027
-3.31027
-3.30997
-3.31103
-3.31208
-3.31238
-3.31268
-3.31223
-3.31298
-3.31268
-3.31389
-3.31313
-3.31253
-3.31193
-3.31163
-3.31072
-3.30891
-3.30921
-3.30891
-3.30891
-3.30816
-3.30665
-3.30649
-3.3077
-3.30785
-3.30709
-3.30709
-3.30754
-3.3074
-3.30725
-3.3074
-3.3077
-3.30831
-3.30861
-3.30876
-3.30816
-3.3074
-3.3077
-3.3086
-3.3089
-3.30921
-3.31011
-3.30966
-3.31057
-3.31042
-3.31011
-3.30935
-3.3092
-3.30875
-3.30905
-3.30785
-3.30815
-3.30785
-3.30664
-3.30634
-3.30725
-3.30725
-3.3074
-3.30725
-3.30785
-3.30815
-3.308
-3.3083
