1.65196
1.6611
1.6747
1.68914
1.70031
1.70412
1.69791
1.68204
1.66032
1.63877
1.62308
1.6166
1.61996
1.63214
1.65136
1.67516
1.7007
1.72548
1.74783
1.76682
1.78183
1.79231
1.79784
1.79822
1.79336
1.78313
1.7676
1.74745
1.72435
1.70071
1.67894
1.6607
1.64672
1.63714
1.63161
1.62923
1.62845
1.62737
1.62446
1.61896
1.61091
1.60067
1.58849
1.57425
1.55766
1.53904
1.52014
1.50473
1.49769
1.50239
1.51808
1.54037
1.5642
1.58621
1.60492
1.61975
1.63043
1.63708
1.64067
1.64315
1.64694
1.65415
1.66607
1.68294
1.70412
1.72824
1.75326
1.77673
1.79618
1.8099
1.81729
1.81889
1.81582
1.80921
1.79976
1.7876
1.77257
1.7544
1.73287
1.70771
1.67857
1.64528
1.60845
1.57003
1.53354
1.50377
1.48561
1.48221
1.49349
1.51586
1.54386
1.57232
1.59777
1.61819
1.632
1.63735
1.63254
1.61731
1.59384
1.56661
1.54124
1.5229
1.51508
1.51904
1.53419
1.55876
1.59024
1.62548
1.66085
1.69285
1.71885
1.73761
1.74935
1.75534
1.75733
1.75679
1.75431
1.74958
1.74182
1.7303
1.71466
1.69476
1.67071
1.64298
1.61273
1.58182
1.55246
1.52655
1.50552
1.49063
1.48325
1.4845
1.49413
1.50983
1.52834
1.54737
1.56692
1.58893
1.61552
1.6472
1.6816
1.71398
1.73896
1.753
1.75682
1.75603
1.7577
1.76472
1.77384
1.77959
1.77858
1.77033
1.75616
1.73793
1.71765
1.69734
1.67912
1.66492
1.65612
1.65327
1.65594
1.66309
1.67343
1.68564
1.69849
1.71068
1.72088
1.7278
1.73057
1.72918
1.72507
1.72111
1.72054
1.72533
1.73535
1.74884
1.76313
1.775
1.78102
1.77837
1.76602
1.74589
1.72317
1.70483
1.69616
1.69776
1.70611
1.7168
1.72722
1.73689
1.74632
1.75577
1.76468
1.7718
1.77566
1.77502
1.76924
1.75835
1.74299
1.7243
1.70389
1.68413
1.66822
1.65942
1.65947
1.66748
1.68062
1.6956
1.70978
1.72145
1.72984
1.73527
1.73909
1.74307
1.74851
1.75542
1.76244
1.76738
1.76796
1.76271
1.75195
1.73849
1.72697
1.72126
1.72185
1.7263
1.73209
1.73864
1.74713
1.75878
1.77365
1.79044
1.80712
1.82151
1.83132
1.83436
1.82897
1.81474
1.79286
1.76582
1.7365
1.70731
1.67996
1.65599
1.63805
1.6307
1.63859
1.6617
1.69316
1.72343
1.74589
1.7582
1.76063
1.7543
1.74036
1.72001
1.69493
1.66741
1.64001
1.61493
1.59356
1.57649
1.56391
1.55612
1.55344
1.55549
1.56087
1.56739
1.57309
1.57725
1.58069
1.58552
1.5939
1.60649
1.62177
1.63686
1.64912
1.65706
1.6605
1.66009
1.65673
1.65141
1.64542
1.64083
1.64034
1.64642
1.65982
1.67888
1.70028
1.72049
1.73683
1.74747
1.75184
1.75167
1.75142
1.75546
1.76355
1.77078
1.77196
1.76512
1.75154
1.73414
1.71581
1.69836
1.68252
1.66846
1.65647
1.64746
1.64271
1.64338
1.64987
1.66159
1.67699
1.69401
1.71029
1.72357
1.73216
1.73534
1.73348
1.72779
1.71982
1.7109
1.70172
1.69209
1.6809
1.66663
1.64806
1.62528
1.60021
1.57624
1.55639
1.54135
1.52919
1.51707
1.50362
1.48994
1.47902
1.47414
1.47764
1.49038
1.511
1.53558
1.55884
1.57702
1.58965
1.59894
1.6077
1.61784
1.62989
1.64317
1.65613
1.66691
1.67398
1.67677
1.67562
1.67142
1.66505
1.65713
1.64819
1.63914
1.63126
1.62526
1.62048
1.6154
1.60945
1.60407
1.60169
1.60377
1.60987
1.61816
1.62632
1.63221
1.63433
1.63235
1.62752
1.62236
1.61977
1.62175
1.62877
1.63974
1.65271
1.66558
1.67668
1.68528
1.692
1.69852
1.70639
1.71553
1.72376
1.72797
1.72569
1.71619
1.70068
1.68202
1.6642
1.65108
1.64488
1.64523
1.64957
1.65465
1.65765
1.65674
1.65099
1.64025
1.62502
1.60673
1.58808
1.57301
1.566
1.57054
1.58749
1.6145
1.64696
1.67974
1.7088
1.73188
1.74825
1.75822
1.76263
1.7624
1.7584
1.75157
1.74301
1.7341
1.72631
1.72055
1.7168
1.71381
1.70932
1.70079
1.6863
1.66559
1.64063
1.61533
1.59424
1.58141
1.57942
1.58795
1.60245
1.61536
1.61993
1.61317
1.59613
1.57223
1.54551
1.51955
1.49732
1.48136
1.47365
1.47519
1.48559
1.5033
1.5262
1.55199
1.57842
1.60331
1.62458
1.64023
1.64866
1.64933
1.64327
1.63322
1.62275
1.6152
1.6129
1.61686
1.62666
1.64077
1.65711
1.67362
1.68843
1.69996
1.70711
1.7094
1.70674
1.69908
1.68661
1.6703
1.65251
1.63651
1.62545
1.6212
1.62388
1.63182
1.64186
1.65027
1.65414
1.65227
1.64505
1.63333
1.61738
1.59695
1.57231
1.54551
1.52067
1.50291
1.49607
1.50088
1.51489
1.53418
1.55532
1.57618
1.59576
1.61364
1.62962
1.64349
1.65496
1.66378
1.67018
1.67499
1.67949
1.68468
1.69042
1.69522
1.69682
1.69353
1.68499
1.67202
1.65619
1.63933
1.62304
1.60798
1.59372
1.57946
1.56568
1.5542
1.54658
1.54327
1.54495
1.55362
1.57154
1.59907
1.63349
1.66977
1.70258
1.72827
1.74596
1.75738
1.76559
1.77342
1.78265
1.79398
1.80714
1.82074
1.83227
1.83885
1.83817
1.82945
1.81374
1.79369
1.77275
1.75396
1.73877
1.72638
1.7142
1.69923
1.67957
1.65524
1.62837
1.60241
1.58099
1.56662
1.56011
1.56077
1.56699
1.57658
1.58733
1.5974
1.60546
1.6105
1.61161
1.60803
1.59964
1.58748
1.57362
1.56046
1.5497
1.54181
1.5363
1.53242
1.5297
1.52839
1.52975
1.53589
1.54887
1.56924
1.59514
1.62264
1.64724
1.66524
1.67455
1.67472
1.66662
1.65216
1.63415
1.61612
1.60186
1.59462
1.59639
1.60749
1.62664
1.65148
1.67914
1.70693
1.73255
1.75415
1.77042
1.78053
1.78423
1.78176
1.77382
1.76133
1.74522
1.72633
1.70549
1.68372
1.66263
1.64446
1.63166
1.62586
1.6267
1.63154
1.63619
1.63648
1.62937
1.61365
1.59031
1.5625
1.53502
1.5128
1.49949
1.49665
1.50395
1.51964
1.54108
1.56527
1.58941
1.61165
1.63142
1.64914
1.66521
1.67895
1.68832
1.69067
1.68369
1.6664
1.6397
1.60644
1.57119
1.53978
1.51866
1.5137
1.5284
1.56249
1.61183
1.66982
1.72929
1.78388
1.82878
1.86093
1.87911
1.88396
1.87768
1.86358
1.84523
1.82559
1.80656
1.7888
1.77216
1.756
1.73947
1.72175
1.70221
1.68071
1.65784
1.63477
1.6127
1.5923
1.574
1.55863
1.54788
1.54339
1.5456
1.55366
1.56643
1.58266
1.59993
1.61419
1.62137
1.61963
1.61049
1.59821
1.58828
1.58543
1.59191
1.60653
1.62553
1.64465
1.6612
1.67519
1.68862
1.70355
1.72023
1.73662
1.74949
1.75636
1.75677
1.75251
1.74625
1.7396
1.73198
1.72179
1.70873
1.69538
1.6864
1.68579
1.69402
1.70756
1.72078
1.72857
1.72816
1.71962
1.70516
1.68812
1.67198
1.65981
1.65409
1.65629
1.66621
1.68159
1.69876
1.71404
1.72512
1.73129
1.73305
1.73137
1.72718
1.72125
1.71444
1.70791
1.70311
1.70151
1.70404
1.71064
1.72029
1.73141
1.74262
1.75312
1.76288
1.77222
1.7813
1.78967
1.79648
1.80075
1.80181
1.79923
1.79306
1.78379
1.77224
1.75938
1.74605
1.73283
1.72003
1.70776
1.69591
1.68436
1.67331
1.66384
1.65779
1.657
1.66201
1.67137
1.68202
1.69075
1.69545
1.69566
1.69231
1.68728
1.68278
1.68077
1.68258
1.68857
1.69801
1.70932
1.72053
1.72971
1.7353
1.73618
1.73178
1.72239
1.70932
1.69478
1.68118
1.67036
1.66308
1.65912
1.65824
1.66078
1.66787
1.68068
1.69925
1.72177
1.74498
1.76534
1.78048
1.79018
1.79633
1.80174
1.80834
1.81597
1.82268
1.82597
1.82407
1.81677
1.80564
1.79326
1.78159
1.77084
1.76003
1.74876
1.73865
1.73298
1.73504
1.74588
1.76347
1.78356
1.8016
1.81416
1.81952
1.81756
1.80923
1.7962
1.78047
1.76403
1.74859
1.73537
1.72487
1.71683
1.71017
1.70361
1.69686
1.69169
1.69113
1.69659
1.70568
1.71367
1.71693
1.71458
1.70795
1.69942
1.69146
1.68621
1.6851
1.68842
1.69503
1.70256
1.70801
1.70867
1.70286
1.6904
1.67215
1.64887
1.62061
1.58733
1.55104
1.51697
1.49276
1.48564
1.49965
1.53395
1.58292
1.63818
1.69143
1.73662
1.77029
1.79079
1.79722
1.78921
1.76739
1.7348
1.69797
1.66567
1.64456
1.63558
1.63545
1.64098
1.65095
1.66513
1.6829
1.70289
1.72359
1.74383
1.76317
1.78167
1.79935
1.81565
1.82918
1.83799
1.83994
1.83303
1.81576
1.78777
1.75115
1.71194
1.68005
1.66463
1.66816
1.68555
1.70899
1.73199
1.75002
1.75973
1.75888
1.74681
1.72537
1.69951
1.67652
1.66376
1.66553
1.68128
1.70647
1.73463
1.75967
1.77716
1.78476
1.78202
1.76995
1.75043
1.72586
1.69884
1.67203
1.64778
1.6277
1.61231
1.60097
1.59262
1.58652
1.58282
1.58223
1.58531
1.59204
1.60203
1.61484
1.62998
1.64666
1.66361
1.6792
1.69168
1.69964
1.70246
1.70058
1.69532
1.68834
1.68117
1.67495
1.67058
1.669
1.67139
1.67867
1.69087
1.70667
1.72399
1.7407
1.75514
1.7661
1.77257
1.77392
1.77042
1.7634
1.75494
1.74696
1.74023
1.73423
1.72767
1.71961
1.71006
1.70007
1.69118
1.68474
1.68147
1.68145
1.68429
1.68931
1.69579
1.70302
1.71048
1.71791
1.72537
1.73301
1.74058
1.74714
1.75113
1.75108
1.74646
1.73781
1.7264
1.71357
1.70048
1.68791
1.67619
