          50           0           0           0           0
          50   0.0256496           0           0           0
          50   0.0512993           0           0           0
          50   0.0769489           0           0           0
          50    0.102599           0           0           0
          50    0.128248           0           0           0
          50    0.153898           0           0           0
          50    0.179547           0           0           0
          50    0.205197           0           0           0
          50    0.230847           0           0           0
          50    0.256496           0           0           0
          50    0.282146           0           0           0
          50    0.307796           0           0           0
          50    0.333445           0           0           0
          50    0.359095           0           0           0
          50    0.384745           0           0           0
          50    0.410394           0           0           0
          50    0.436044           0           0           0
          50    0.461694           0           0           0
          50    0.487343           0           0           0
          50    0.512993           0           0           0
          50    0.538642           0           0           0
          50    0.564292           0           0           0
          50    0.589942           0           0           0
          50    0.615591           0           0           0
          50    0.641241           0           0           0
          50    0.666891           0           0           0
          50     0.69254           0           0           0
          50     0.71819           0           0           0
          50     0.74384           0           0           0
          50    0.769489           0           0           0
          50    0.795139           0           0           0
          50    0.820788           0           0           0
          50    0.846438           0           0           0
          50    0.872088           0   0.0023232 0.000922484
          50    0.897737   0.0173224   0.0357996  0.00395596
          50    0.923387    0.163863    0.236836    0.010735
          50    0.949037    0.822773    0.758814   0.0195281
          50    0.974686     1.59063     1.62156   0.0248156
          50     1.00034     2.61648     2.48943    0.027667
          50     1.02599     3.24751     3.19551   0.0371936
          50     1.05164     3.45627     3.43193    0.035543
          50     1.07728     3.37612     3.34413   0.0352348
          50     1.10293     3.31883     3.16808   0.0328541
          50     1.12858     2.96188     2.91286   0.0331851
          50     1.15423     2.41132     2.65077   0.0322292
          50     1.17988     2.60153     2.34272   0.0311426
          50     1.20553     2.13514     2.11972   0.0286031
          50     1.23118     2.12225     1.89128   0.0240253
          50     1.25683      1.6691      1.6631   0.0241911
          50     1.28248     1.58368      1.5342    0.023494
          50     1.30813     1.37736     1.37154   0.0206194
          50     1.33378     0.97952     1.24301   0.0193188
          50     1.35943      1.0246     1.11689     0.01996
          50     1.38508      1.0633     1.04635   0.0176651
          50     1.41073    0.966267     1.03081   0.0192452
          50     1.43638    0.895892    0.950101   0.0184676
          50     1.46203    0.825384    0.912853   0.0133389
          50     1.48768    0.693213    0.913935   0.0171482
          50     1.51333    0.760552    0.909538   0.0141375
          50     1.53898    0.864848    0.923738   0.0166736
          50     1.56463    0.871585    0.887978    0.012331
          50     1.59028    0.976188    0.899509   0.0116996
          50     1.61593    0.893347    0.914029   0.0179459
          50     1.64158    0.923586    0.924075   0.0142807
          50     1.66723    0.951575    0.946826   0.0129255
          50     1.69288     1.03014    0.994953   0.0126392
          50     1.71853     1.10845     1.03986   0.0131953
          50     1.74418     1.05926     1.10204   0.0136349
          50     1.76983     1.27005     1.16923   0.0149878
          50     1.79547      1.2782      1.1963    0.014778
          50     1.82112     1.33523     1.25785   0.0143977
          50     1.84677     1.46755       1.302   0.0153444
          50     1.87242     1.48582     1.37226   0.0167529
          50     1.89807     1.43571     1.41803   0.0152273
          50     1.92372     1.46559      1.4707   0.0154474
          50     1.94937     1.64514     1.52837   0.0164923
          50     1.97502     1.68656      1.5622   0.0130307
          50     2.00067     1.51514     1.56958   0.0123015
          50     2.02632     1.46345     1.61336   0.0157632
          50     2.05197     1.66426     1.63134   0.0149071
          50     2.07762     1.60943     1.60937   0.0130141
          50     2.10327     1.54178     1.57705    0.013759
          50     2.12892     1.56039       1.593   0.0131798
          50     2.15457     1.74586     1.56367   0.0150307
          50     2.18022     1.70029     1.53392   0.0153714
          50     2.20587     1.44626     1.50397    0.014861
          50     2.23152     1.29363     1.45878   0.0121696
          50     2.25717      1.3296     1.44143   0.0151425
          50     2.28282     1.14561      1.4012   0.0145429
          50     2.30847      1.2928     1.34827   0.0134111
          50     2.33412     1.22646     1.30641   0.0138138
          50     2.35977     1.26982     1.27333   0.0104059
          50     2.38542     1.14791     1.24149   0.0115101
          50     2.41107     1.25739     1.21607   0.0116162
          50     2.43672     1.20008     1.20713  0.00899569
          50     2.46237     1.26051     1.19173   0.0100523
          50     2.48802      1.2501     1.20129  0.00966369
          50     2.51366     1.15584     1.20015  0.00948583
          50     2.53931     1.14669     1.18847   0.0113211
