-0.493143   0.477645   -0.487851
-0.318062   -0.344874   -0.489823
-0.491032   -0.343558   -0.352874
-0.332003   0.486394   -0.331366
-0.160624   0.477913   -0.483436
-0.00298149   -0.343278   -0.487234
-0.157817   -0.345688   -0.323965
0.00968687   0.484444   -0.327627
0.174553   -0.495967   -0.490224
0.329476   -0.347348   0.495673
0.176885   -0.358219   -0.316938
0.356174   0.495687   -0.337607
0.49502   -0.138472   0.490533
-0.31884   -0.029721   -0.485485
0.496889   0.0071019   -0.325037
-0.331004   -0.176878   -0.328694
-0.158375   -0.190674   -0.495754
0.0221497   -0.0071795   0.497283
-0.15197   -0.0308637   -0.331959
-0.020985   -0.193442   -0.324647
0.149936   -0.189559   -0.499663
0.330211   0.00248799   0.495741
0.179307   -0.0370808   -0.34841
0.356686   -0.19335   -0.355084
-0.476144   0.170081   0.490489
-0.31888   0.316508   0.497217
0.495537   0.30744   -0.346459
-0.321686   0.135357   -0.345923
-0.166888   0.146832   0.49581
0.00480846   0.315423   -0.493286
-0.155022   0.300709   -0.34316
-0.0010809   0.140771   -0.324239
0.16787   0.150355   -0.482575
0.330694   0.30479   -0.49571
0.174959   0.336728   -0.321329
0.310339   0.145898   -0.324738
-0.486567   0.482764   -0.177045
-0.340386   -0.350492   -0.178804
0.495326   -0.334658   -0.00037966
-0.342328   0.484584   -0.0123958
-0.171223   0.463726   -0.180691
0.0293959   -0.361789   -0.134528
-0.171261   -0.347638   0.000188929
0.00227618   0.457521   0.0150538
0.176298   0.470046   -0.155282
0.352637   -0.329422   -0.166864
0.175966   -0.374263   0.0131238
0.350645   0.491072   -0.0151159
-0.499947   -0.164215   -0.158236
-0.336205   -0.0253474   -0.152707
-0.497094   0.007853   -0.00100945
-0.325678   -0.169363   0.0169154
-0.179021   -0.185667   -0.160339
-0.000703046   -0.029082   -0.162138
-0.166112   -0.0307528   -0.0012943
0.00745627   -0.194865   -0.00390306
0.169836   -0.189407   -0.150435
0.328232   -0.00095877   -0.16121
0.144207   -0.0240739   0.0249123
0.344702   -0.167704   0.00788873
0.491854   0.155359   -0.154486
-0.321538   0.309666   -0.186111
-0.485805   0.317862   -0.0170301
-0.321152   0.157007   0.00447497
-0.162995   0.146711   -0.160002
-0.00529525   0.316136   -0.180239
-0.166672   0.315938   -0.00502074
-0.0173754   0.15023   0.0124655
0.157658   0.1407   -0.148977
0.331102   0.302561   -0.152387
0.172496   0.321417   0.00750676
0.317773   0.162192   0.0268062
-0.491674   -0.491532   0.168143
-0.332282   -0.352374   0.170585
0.497401   -0.33757   0.346069
-0.325639   0.483772   0.327724
-0.155419   0.478005   0.159542
0.00628395   -0.340757   0.174615
-0.170287   -0.35458   0.332027
0.0010694   0.493439   0.333092
0.179999   0.474922   0.182347
0.345301   -0.347669   0.171547
0.15938   -0.348677   0.338019
0.329954   0.481638   0.342036
0.495517   -0.152879   0.175862
-0.349926   0.00119162   0.173046
0.496056   0.0300526   0.333612
-0.345297   -0.170562   0.31609
-0.168293   -0.171589   0.183806
-0.0193406   -0.00260088   0.171157
-0.179814   -0.0127619   0.319391
-0.0136362   -0.177989   0.347095
0.177221   -0.191823   0.175268
0.334141   -0.0067083   0.166633
0.173914   -0.0120158   0.334248
0.330114   -0.167905   0.340204
-0.49732   0.154714   0.158403
-0.30775   0.316003   0.165015
-0.491915   0.335021   0.321649
-0.319526   0.169228   0.325068
-0.162876   0.15662   0.177355
0.00859818   0.331992   0.199992
-0.159587   0.311334   0.340866
0.00521602   0.151243   0.329343
0.157976   0.15129   0.179665
0.353934   0.336846   0.167196
0.163405   0.335212   0.352704
0.327942   0.180307   0.319011
