1.22471
1.24618
1.26073
1.26737
1.26639
1.25924
1.24825
1.2364
1.22663
1.22114
1.2203
1.2224
1.22392
1.22119
1.21225
1.19814
1.18253
1.16974
1.1623
1.15986
1.16035
1.1616
1.16215
1.16124
1.1586
1.15437
1.14919
1.14445
1.14201
1.14348
1.14963
1.16002
1.17336
1.18813
1.20327
1.21852
1.23398
1.24956
1.26435
1.27672
1.28466
1.28656
1.28164
1.27011
1.2534
1.23395
1.2148
1.19874
1.18768
1.18245
1.18314
1.18931
1.20025
1.21462
1.23047
1.24526
1.25645
1.26211
1.26141
1.25468
1.24292
1.22735
1.20912
1.18967
1.17109
1.15612
1.14723
1.1455
1.15017
1.15934
1.17101
1.18375
1.1965
1.208
1.21623
1.2186
1.2128
1.19753
1.17342
1.14337
1.11256
1.08785
1.07642
1.08313
1.10831
1.14739
1.19313
1.23834
1.27765
1.308
1.32815
1.33826
1.33923
1.33242
1.31932
1.30168
1.28147
1.26048
1.23995
1.22035
1.20154
1.18336
1.16629
1.15175
1.14136
1.136
1.13577
1.14079
1.15152
1.16795
1.18875
1.21104
1.23137
1.24664
1.25481
1.25513
1.24801
1.23507
1.21922
1.20447
1.1953
1.19518
1.20555
1.2253
1.25111
1.27827
1.30186
1.31733
1.32154
1.31305
1.29221
1.26099
1.22254
1.1807
1.13977
1.10427
1.07848
1.06547
1.0659
1.07788
1.09788
1.1219
1.14626
1.16775
1.18378
1.19251
1.19314
1.18629
1.1741
1.15995
1.14769
1.14054
1.1403
1.14681
1.15838
1.17251
1.18668
1.1991
1.20861
1.2147
1.21734
1.21698
1.21442
1.21092
1.20793
1.20668
1.20779
1.2111
1.21589
1.22146
1.22772
1.23514
1.24418
1.25457
1.2651
1.27394
1.27961
1.28147
1.2801
1.27683
1.27317
1.27022
1.26798
1.26518
1.25983
1.25028
1.23605
1.21809
1.19821
1.17829
1.1596
1.14282
1.12842
1.11702
1.10924
1.10512
1.10372
1.10372
1.10434
1.10601
1.11015
1.11834
1.13134
1.14864
1.16873
1.18974
1.20998
1.22826
1.24397
1.25687
1.26701
1.27454
1.27947
1.2816
1.2806
1.27631
1.26869
1.25786
1.2444
1.22974
1.21619
1.20634
1.20189
1.20271
1.20677
1.21102
1.21296
1.21175
1.20834
1.20501
1.20402
1.20643
1.21194
1.21936
1.22721
1.23388
1.23742
1.23549
1.22612
1.20864
1.18459
1.158
1.13483
1.12139
1.12222
1.13828
1.16664
1.20174
1.23748
1.26893
1.29323
1.30957
1.31832
1.32035
1.31645
1.30735
1.29387
1.27687
1.25721
1.2356
1.21272
1.18928
1.1663
1.14482
1.12579
1.10979
1.09694
1.08716
1.08028
1.0763
1.07537
1.07758
1.08276
1.09056
1.10084
1.11386
1.1299
1.14831
1.1668
1.1823
1.19239
1.19644
1.19573
1.19263
1.18982
1.18932
1.192
1.1975
1.20467
1.2119
1.21766
1.2208
1.22085
1.21807
1.21342
1.20848
1.20532
1.20625
1.21306
1.22646
1.24563
1.26817
1.29066
1.30937
1.32108
1.32375
1.31698
1.30197
1.28114
1.25727
1.23278
1.20957
1.18899
1.17223
1.16059
1.15502
1.15559
1.16132
1.17042
1.18074
1.19014
1.19638
1.1974
1.19171
1.17931
1.1621
1.14347
1.12741
1.11721
1.1148
1.1208
1.13479
1.15534
1.18023
1.20699
1.23342
1.25757
1.27733
1.2904
1.29464
1.28905
1.27418
1.25247
1.22779
1.2045
1.18619
1.1746
1.16938
1.16827
1.16817
1.16642
1.16179
1.15489
1.14777
1.14309
1.14314
1.14901
1.16032
1.17538
1.19174
1.20685
1.21863
1.22579
1.22761
1.22382
1.21443
1.19974
1.18123
1.16185
1.14589
1.13779
1.14031
1.15364
1.17539
1.20169
1.22865
1.25343
1.27442
1.29059
1.30076
1.3037
1.29864
1.28586
1.26697
1.24503
1.22408
1.20822
1.20047
1.2019
1.21132
1.22565
1.24087
1.25325
1.26001
1.25966
1.25191
1.23767
1.21895
1.19847
1.17925
1.1642
1.15586
1.15594
1.16484
1.18135
1.20267
1.22509
1.24491
1.25951
1.26795
1.27104
1.27057
1.2683
1.26485
1.25939
1.25006
1.23493
1.21316
1.18544
1.15425
1.12342
1.09722
1.07901
1.07045
1.07132
1.08011
1.09487
1.11351
1.13415
1.15514
1.17494
1.19206
1.20509
1.21308
1.21558
1.21286
1.20586
1.19618
1.18599
1.17779
1.17378
1.17553
1.18357
1.19732
1.2154
1.23606
1.25715
1.2764
1.2915
1.30072
1.30325
1.29925
1.28965
1.27566
1.25879
1.24058
1.22277
1.20704
1.19461
1.1857
1.17949
1.17466
1.17013
1.16573
1.16232
1.16155
1.1648
1.17212
1.18162
1.19032
1.19515
1.19408
1.18678
1.17469
1.16052
1.14762
1.13917
1.1372
1.14201
1.15197
1.16387
1.17385
1.17864
1.17698
1.1703
1.16202
1.15567
1.153
1.15398
1.15804
1.16516
1.1759
1.1908
1.20992
1.23262
1.25752
1.28275
1.30606
1.3254
1.33922
1.34695
1.34896
1.34612
1.33934
1.32928
1.31648
1.30164
1.28556
1.26873
1.25114
1.23234
1.21176
1.18929
1.16544
1.1414
1.11868
1.09878
1.0831
1.07282
1.06897
1.07227
1.08287
1.10027
1.1231
1.149
1.17494
1.19751
1.21368
1.22137
1.2198
1.20962
1.19269
1.17172
1.14957
1.12865
1.11063
1.09658
1.08734
1.08389
1.08752
1.09931
1.11933
1.14585
1.17539
1.20359
1.22656
1.24202
1.2497
1.25122
1.24952
1.24798
1.2497
1.25677
1.26952
1.28613
1.30296
1.31551
1.31966
1.31259
1.29295
1.26096
1.21842
1.16901
1.11866
1.07543
1.04818
1.04321
1.06038
1.093
1.13147
1.16764
1.19685
1.21792
1.23211
1.24195
1.25003
1.25814
1.2668
1.27554
1.28303
1.28798
1.28933
1.28642
1.27922
1.26841
1.25551
1.24272
1.23256
1.22696
1.22641
1.22964
1.23419
1.23724
1.23641
1.23039
1.21889
1.20263
1.18288
1.16139
1.14024
1.12148
1.10718
1.09906
1.09836
1.1053
1.1188
1.13672
1.15662
1.17646
1.1946
1.20929
1.21898
1.22284
1.22136
1.21653
1.21106
1.20722
1.20584
1.2061
1.20609
1.20362
1.19704
1.18556
1.16948
1.15017
1.12985
1.11128
1.09722
1.08987
1.09015
1.09738
1.10952
1.12385
1.13775
1.14953
1.15872
1.16581
1.17172
1.17741
1.18359
1.19038
1.19722
1.20309
1.20706
1.20884
1.20883
1.20792
1.20711
1.20744
1.20985
1.2149
1.22244
1.23177
1.24172
1.25093
1.25822
1.26256
1.26327
1.26034
1.25456
1.24734
1.24045
1.23533
1.23278
1.2328
1.23466
1.23709
1.23861
1.23818
1.23546
1.23094
1.2258
1.22121
1.21797
1.21606
1.21474
1.21284
1.20909
1.20259
1.19328
1.18193
1.17009
1.15967
1.15237
1.14946
1.15143
1.15783
1.16776
1.18011
1.19399
1.20888
1.22437
1.23969
1.25364
1.26447
1.27008
1.26833
1.25791
1.23923
1.21484
1.18884
1.16536
1.14773
1.13829
1.1387
1.14973
1.17044
1.19805
1.2289
1.25966
1.28798
1.31259
1.33252
1.34674
1.35409
1.35369
1.34545
1.33032
1.31041
1.28859
1.26763
1.24922
1.2335
1.21907
1.20385
1.18622
1.16599
1.1448
1.1257
1.11208
1.10642
1.10949
1.12027
1.13657
1.15573
1.17524
1.19313
1.20794
1.21856
1.22412
1.22399
1.21818
1.20755
1.19387
1.17923
1.16539
1.1531
1.14209
1.13149
1.12067
1.10985
1.10026
1.09375
1.09217
1.09669
1.10758
1.12419
1.14511
1.16839
1.19199
1.21398
1.23291
1.24766
1.25736
1.26125
1.25904
1.25071
1.23666
1.21766
1.19502
1.17085
1.14785
1.12907
1.11721
1.11405
1.11976
1.13315
1.15183
1.17294
1.19359
1.21141
1.22497
1.2337
1.23777
1.23782
1.23454
1.22855
1.22041
1.21099
1.20152
1.19351
1.1883
1.18667
1.18863
1.19385
1.20209
1.2134
1.22793
1.24521
1.2637
1.28087
1.29351
1.29856
1.29379
1.27824
1.25257
1.21903
1.18117
1.143
1.10838
1.08036
1.06115
1.05197
1.05281
1.06241
1.07836
1.0976
1.11684
1.13287
1.1433
1.14779
1.14857
1.14959
1.1547
1.16588
1.18253
1.20164
1.21915
1.23125
1.23566
1.23233
1.22331
1.21201
1.20209
1.19631
1.19588
1.20041
1.20869
1.21968
1.23292
1.24851
1.26661
1.2867
1.30747
1.32705
1.34362
1.35587
1.36302
1.36433
1.35856
1.34428
1.32028
1.28649
1.24426
1.19648
1.14728
1.10146
1.06374
1.03794
1.02611
1.02821
1.04235
1.06554
1.09435
1.12521
1.15459
1.17938
1.1974
1.20775
1.21098
1.2087
1.20326
1.19712
1.19274
1.19207
1.19623
1.2051
1.21711
1.22951
1.23881
1.2418
1.23645
1.22318
1.20505
1.18706
1.17426
1.16992
1.17427
1.18493
1.19801
1.20932
1.21525
1.21307
1.20139
1.18074
1.1541
1.1272
1.10745
1.10124
1.11114
1.13538
1.1694
1.2079
1.24599
1.28008
1.30828
1.3302
1.34613
1.35628
1.36065
1.35916
1.35202
1.33974
1.32309
1.30304
1.28079
1.25763
1.23459
1.21256
1.19234
1.17514
1.16262
1.1565
1.15759
1.16475
1.17509
1.18522
1.19268
1.19618
1.1952
1.18952
1.17982
1.16831
1.15844
1.15374
1.15634
1.1661
1.18099
1.19798
1.21376
1.22533
1.2304
1.22765
1.21697
1.19934
1.17685
1.15249
1.12973
1.11172
1.10074
1.09803
1.10365
1.11646
1.13426
1.15406
1.17278
1.18791
1.19799
1.20266
1.20225
1.19763
1.18996
1.18067
1.17114
1.16292
1.1576
1.15658
1.16064
1.16936
1.18082
1.19197
1.19959
1.20131
1.19611
1.18477
1.16993
1.15532
1.14483
1.1414
1.14633
1.15953
1.1797
1.20464
1.23148
1.25704
1.27839
1.29324
1.30064
1.30081
1.2948
1.28412
1.27022
1.25439
1.23799
1.22262
1.20984
1.20079
1.19546
1.19244
1.18946
