-6.68583
-6.70794
-6.7238
-6.73076
-6.73172
-6.72165
-6.71099
-6.69783
-6.68515
-6.67901
-6.67818
-6.67898
-6.68115
-6.68036
-6.67078
-6.65667
-6.64202
-6.62761
-6.62148
-6.6171
-6.61661
-6.61916
-6.61906
-6.61653
-6.61195
-6.60416
-6.59897
-6.59747
-6.59665
-6.59877
-6.60718
-6.61855
-6.63286
-6.64536
-6.66147
-6.67866
-6.69413
-6.70937
-6.72223
-6.73492
-6.74351
-6.7467
-6.73789
-6.72702
-6.71095
-6.69085
-6.67462
-6.6592
-6.64879
-6.64194
-6.64359
-6.64879
-6.66038
-6.67573
-6.6919
-6.70669
-6.71659
-6.72387
-6.72317
-6.71773
-6.70662
-6.69137
-6.67216
-6.65336
-6.63316
-6.61787
-6.60866
-6.60563
-6.60868
-6.61753
-6.62758
-6.64129
-6.65372
-6.66523
-6.6741
-6.67518
-6.66809
-6.65249
-6.6287
-6.59898
-6.56914
-6.54604
-6.53687
-6.54358
-6.56811
-6.60882
-6.65392
-6.69978
-6.73909
-6.76879
-6.79153
-6.80196
-6.80358
-6.79709
-6.78626
-6.76668
-6.74355
-6.72224
-6.70009
-6.67984
-6.65973
-6.6409
-6.62545
-6.61383
-6.60247
-6.59873
-6.59915
-6.60482
-6.61554
-6.63359
-6.65407
-6.67733
-6.69669
-6.71066
-6.71787
-6.71851
-6.71107
-6.7004
-6.68454
-6.66947
-6.65835
-6.65758
-6.66666
-6.68835
-6.71287
-6.73809
-6.76006
-6.77359
-6.78234
-6.77417
-6.75398
-6.72178
-6.6843
-6.64246
-6.60315
-6.56797
-6.54023
-6.52722
-6.52474
-6.53575
-6.55543
-6.5775
-6.60251
-6.62303
-6.64069
-6.65136
-6.65134
-6.64384
-6.63165
-6.6188
-6.60685
-6.60099
-6.60011
-6.60468
-6.61496
-6.62876
-6.64196
-6.65697
-6.66583
-6.6716
-6.67521
-6.67485
-6.67359
-6.66943
-6.66806
-6.66811
-6.66922
-6.67253
-6.67829
-6.6858
-6.69271
-6.69916
-6.7069
-6.71697
-6.72879
-6.73829
-6.7446
-6.74711
-6.74282
-6.73857
-6.73783
-6.73618
-6.73426
-6.73211
-6.72579
-6.71689
-6.70137
-6.6834
-6.6645
-6.64425
-6.62394
-6.60424
-6.58985
-6.57844
-6.57293
-6.56881
-6.56547
-6.56353
-6.56512
-6.56841
-6.57222
-6.57977
-6.59309
-6.60974
-6.6308
-6.64923
-6.67011
-6.68807
-6.70378
-6.71441
-6.72779
-6.73629
-6.74122
-6.744
-6.74429
-6.73871
-6.72914
-6.72026
-6.70809
-6.69343
-6.6802
-6.6697
-6.66298
-6.66123
-6.66399
-6.6676
-6.67051
-6.66929
-6.66491
-6.66191
-6.66221
-6.66689
-6.67272
-6.68143
-6.68897
-6.69531
-6.69723
-6.69497
-6.68431
-6.66521
-6.64051
-6.61684
-6.59658
-6.58281
-6.58331
-6.59873
-6.62742
-6.66446
-6.70054
-6.7349
-6.76017
-6.77651
-6.78331
-6.78664
-6.78015
-6.7704
-6.75724
-6.74122
-6.72026
-6.69671
-6.67577
-6.65071
-6.6287
-6.6082
-6.58787
-6.57025
-6.55708
-6.54536
-6.53783
-6.53385
-6.53519
-6.53577
-6.5374
-6.54455
-6.55579
-6.57011
-6.58744
-6.60553
-6.62661
-6.64471
-6.65415
-6.6595
-6.65749
-6.65438
-6.6519
-6.65043
-6.65408
-6.6612
-6.66804
-6.67398
-6.67877
-6.68224
-6.68164
-6.67917
-6.67291
-6.66991
-6.66999
-6.67026
-6.6787
-6.69501
-6.71321
-6.73511
-6.75631
-6.77276
-6.7822
-6.78455
-6.77875
-6.76536
-6.7442
-6.72097
-6.69583
-6.67068
-6.65172
-6.63367
-6.61944
-6.61386
-6.61606
-6.62114
-6.6283
-6.63894
-6.64964
-6.65621
-6.6582
-6.6538
-6.64302
-6.62645
-6.60783
-6.59209
-6.58026
-6.57753
-6.58288
-6.59688
-6.61646
-6.64167
-6.6707
-6.69519
-6.7187
-6.73814
-6.74926
-6.75221
-6.74564
-6.73045
-6.70809
-6.68406
-6.65914
-6.64051
-6.6286
-6.6237
-6.62227
-6.62379
-6.62237
-6.61806
-6.61083
-6.60404
-6.59968
-6.60296
-6.60948
-6.62112
-6.6365
-6.65124
-6.66635
-6.67749
-6.684
-6.68614
-6.68235
-6.67199
-6.65795
-6.63911
-6.61973
-6.60538
-6.5989
-6.60303
-6.6154
-6.63747
-6.66312
-6.69073
-6.71487
-6.73683
-6.75203
-6.76252
-6.76514
-6.75813
-6.74503
-6.72712
-6.70582
-6.68519
-6.67095
-6.66125
-6.66398
-6.67469
-6.68935
-6.7049
-6.71825
-6.72567
-6.72531
-6.71757
-6.703
-6.68201
-6.65635
-6.63583
-6.62078
-6.61277
-6.61317
-6.62174
-6.63761
-6.66023
-6.68459
-6.70409
-6.71869
-6.72713
-6.73054
-6.73169
-6.73007
-6.72694
-6.72051
-6.70892
-6.69541
-6.67267
-6.64592
-6.6144
-6.5826
-6.55412
-6.53527
-6.52735
-6.52693
-6.53507
-6.54919
-6.56945
-6.58944
-6.6114
-6.63088
-6.64832
-6.66395
-6.6742
-6.67702
-6.67237
-6.66601
-6.65471
-6.64452
-6.63696
-6.63165
-6.63341
-6.64339
-6.65649
-6.67425
-6.69427
-6.71472
-6.73558
-6.75004
-6.75861
-6.76308
-6.76005
-6.75207
-6.73614
-6.71959
-6.70074
-6.6839
-6.6672
-6.65444
-6.64553
-6.63673
-6.63255
-6.62996
-6.62524
-6.62182
-6.62073
-6.62398
-6.63162
-6.64209
-6.64724
-6.65175
-6.65035
-6.64241
-6.63258
-6.61905
-6.60583
-6.59802
-6.59509
-6.59925
-6.60953
-6.62306
-6.63109
-6.63362
-6.63066
-6.62495
-6.61667
-6.61162
-6.61089
-6.61252
-6.61657
-6.62434
-6.63411
-6.64868
-6.66554
-6.68954
-6.71703
-6.74129
-6.76752
-6.7875
-6.80132
-6.80905
-6.81139
-6.80692
-6.80111
-6.79267
-6.7789
-6.76374
-6.74668
-6.72985
-6.71162
-6.69184
-6.67159
-6.65009
-6.62526
-6.60025
-6.57592
-6.55569
-6.54098
-6.52876
-6.52491
-6.52885
-6.53978
-6.55653
-6.58065
-6.60688
-6.63217
-6.65572
-6.67254
-6.67796
-6.67833
-6.6675
-6.65057
-6.63058
-6.60874
-6.58588
-6.56625
-6.55187
-6.54295
-6.53853
-6.54345
-6.55621
-6.57559
-6.60114
-6.63327
-6.66309
-6.68768
-6.70217
-6.70953
-6.71137
-6.7087
-6.70942
-6.71081
-6.71756
-6.73031
-6.74692
-6.76279
-6.77501
-6.78079
-6.77469
-6.75538
-6.72241
-6.68116
-6.63143
-6.58399
-6.53913
-6.51058
-6.50496
-6.52279
-6.55542
-6.59357
-6.63006
-6.65667
-6.67645
-6.69129
-6.7021
-6.71147
-6.72023
-6.73051
-6.7373
-6.74447
-6.75201
-6.75272
-6.74722
-6.74033
-6.7305
-6.71662
-6.70286
-6.69367
-6.68905
-6.68946
-6.69172
-6.69433
-6.69836
-6.69623
-6.68989
-6.67807
-6.65986
-6.64302
-6.62088
-6.59876
-6.58065
-6.56376
-6.55532
-6.55526
-6.56188
-6.57474
-6.59265
-6.61353
-6.63273
-6.64925
-6.66491
-6.67233
-6.67489
-6.67471
-6.67052
-6.66538
-6.65992
-6.65983
-6.66138
-6.66203
-6.66086
-6.65525
-6.64409
-6.62866
-6.60999
-6.59227
-6.57304
-6.55834
-6.54936
-6.5477
-6.55558
-6.57064
-6.58562
-6.5979
-6.61098
-6.61919
-6.62467
-6.63186
-6.63658
-6.64244
-6.64761
-6.65413
-6.66226
-6.66623
-6.66898
-6.66833
-6.66709
-6.6666
-6.66661
-6.66838
-6.67278
-6.68096
-6.68867
-6.6983
-6.70654
-6.71836
-6.7214
-6.72406
-6.72242
-6.7189
-6.71331
-6.70673
-6.69935
-6.69842
-6.69714
-6.69771
-6.69949
-6.70037
-6.6967
-6.69365
-6.68978
-6.68529
-6.6807
-6.6781
-6.67781
-6.67585
-6.67363
-6.66697
-6.65917
-6.65148
-6.64207
-6.63055
-6.62143
-6.6138
-6.61025
-6.61221
-6.61991
-6.62757
-6.63993
-6.65348
-6.66999
-6.68548
-6.69983
-6.71605
-6.72526
-6.73217
-6.72717
-6.71838
-6.69872
-6.67563
-6.64994
-6.62614
-6.60592
-6.5968
-6.59786
-6.60695
-6.6296
-6.65915
-6.69162
-6.72142
-6.74974
-6.775
-6.79525
-6.80785
-6.8165
-6.81836
-6.81142
-6.79629
-6.77703
-6.75488
-6.73327
-6.71324
-6.69687
-6.68213
-6.6682
-6.64895
-6.62742
-6.60494
-6.58746
-6.57222
-6.56656
-6.56963
-6.57976
-6.598
-6.61684
-6.637
-6.65359
-6.66937
-6.6787
-6.68426
-6.68219
-6.67443
-6.66348
-6.6498
-6.63743
-6.6239
-6.61064
-6.59996
-6.58871
-6.58017
-6.57032
-6.55975
-6.55291
-6.55003
-6.55585
-6.56447
-6.58011
-6.60135
-6.62691
-6.6518
-6.67445
-6.6924
-6.70683
-6.71458
-6.71945
-6.72209
-6.71409
-6.70101
-6.68072
-6.65839
-6.63422
-6.60993
-6.59082
-6.57637
-6.57612
-6.58184
-6.59199
-6.611
-6.63081
-6.65146
-6.66863
-6.68317
-6.69158
-6.69791
-6.69861
-6.69436
-6.68771
-6.68152
-6.6721
-6.66166
-6.65365
-6.64682
-6.64421
-6.64715
-6.65237
-6.66061
-6.67257
-6.68645
-6.70632
-6.72579
-6.74361
-6.75593
-6.75968
-6.75654
-6.74034
-6.71434
-6.67918
-6.64002
-6.60185
-6.56787
-6.53856
-6.51967
-6.50919
-6.51198
-6.52158
-6.53817
-6.55807
-6.57601
-6.59269
-6.60345
-6.60729
-6.60709
-6.60843
-6.61225
-6.62311
-6.64235
-6.66276
-6.68188
-6.69463
-6.69678
-6.69442
-6.68507
-6.67443
-6.66482
-6.66002
-6.66055
-6.66378
-6.67207
-6.68532
-6.70018
-6.71319
-6.72902
-6.74813
-6.76762
-6.79141
-6.80668
-6.81958
-6.82511
-6.82513
-6.81806
-6.80281
-6.77913
-6.74664
-6.70279
-6.65371
-6.60386
-6.55804
-6.52064
-6.49451
-6.48268
-6.48511
-6.50054
-6.52406
-6.55158
-6.5805
-6.60988
-6.63662
-6.65625
-6.66596
-6.6695
-6.66852
-6.66146
-6.655
-6.65126
-6.65156
-6.65638
-6.66686
-6.67952
-6.69128
-6.70123
-6.70389
-6.69822
-6.68333
-6.66617
-6.64655
-6.63472
-6.63103
-6.63474
-6.64637
-6.66042
-6.67076
-6.67703
-6.67549
-6.66058
-6.64089
-6.61587
-6.58864
-6.56953
-6.563
-6.56934
-6.59261
-6.62696
-6.66675
-6.7042
-6.73894
-6.76876
-6.79133
-6.80693
-6.81643
-6.82243
-6.82158
-6.81378
-6.80377
-6.78486
-6.76545
-6.74159
-6.71746
-6.69215
-6.67109
-6.65184
-6.63464
-6.62115
-6.61439
-6.61579
-6.62361
-6.63395
-6.6444
-6.65251
-6.65665
-6.65503
-6.64837
-6.63867
-6.62392
-6.61469
-6.60967
-6.61325
-6.62041
-6.63627
-6.65295
-6.66646
-6.67835
-6.68407
-6.681
-6.67032
-6.65269
-6.6302
-6.60583
-6.58404
-6.56538
-6.55408
-6.55332
-6.56055
-6.57271
-6.59181
-6.61031
-6.63001
-6.64482
-6.65457
-6.66086
-6.66142
-6.6568
-6.64816
-6.63951
-6.62999
-6.62338
-6.62227
-6.62125
-6.62401
-6.63306
-6.64096
-6.65178
-6.66006
-6.66404
-6.65917
-6.64815
-6.6359
-6.62129
-6.61015
-6.6051
-6.60873
-6.61966
-6.64016
-6.66608
-6.69227
-6.71719
-6.73983
-6.75533
-6.76305
-6.76419
-6.75526
-6.74167
-6.72809
-6.71486
-6.69748
-6.68341
-6.67128
-6.66448
-6.65818
-6.65582
-6.64992
