0.816476
0.830784
0.840488
0.844914
0.844262
0.839492
0.832169
0.824266
0.817755
0.814095
0.813535
0.814931
0.815948
0.814124
0.808163
0.798759
0.788351
0.779825
0.77487
0.773241
0.773567
0.774402
0.774763
0.774159
0.772399
0.76958
0.766125
0.762968
0.76134
0.762319
0.766419
0.773348
0.782239
0.792084
0.802181
0.812345
0.822656
0.833037
0.842901
0.851147
0.856439
0.857704
0.854424
0.846742
0.835599
0.822633
0.809869
0.799161
0.791789
0.788302
0.788757
0.792871
0.800164
0.809749
0.820314
0.830174
0.837634
0.841408
0.840942
0.83645
0.828613
0.818231
0.806078
0.79311
0.780723
0.770744
0.764822
0.763668
0.766778
0.772892
0.78067
0.789167
0.797664
0.805336
0.810819
0.812403
0.808535
0.798351
0.782278
0.762248
0.741708
0.725235
0.717613
0.722088
0.73887
0.764924
0.79542
0.825559
0.851769
0.871998
0.88543
0.892174
0.892821
0.888279
0.879546
0.867789
0.854313
0.84032
0.826632
0.813567
0.801025
0.788904
0.777524
0.767833
0.760908
0.757334
0.757183
0.76053
0.767681
0.778635
0.792501
0.807357
0.820912
0.831092
0.83654
0.836751
0.832009
0.823382
0.81281
0.80298
0.796865
0.796786
0.803697
0.816867
0.834072
0.852183
0.867905
0.878218
0.881027
0.87537
0.861475
0.840658
0.815027
0.787135
0.759849
0.736179
0.718985
0.710315
0.710601
0.71859
0.73192
0.747931
0.764172
0.778499
0.78919
0.795008
0.795427
0.790857
0.782733
0.773303
0.765125
0.760359
0.760199
0.764542
0.772256
0.781675
0.791121
0.799398
0.80574
0.809802
0.81156
0.811319
0.809613
0.807278
0.805288
0.804456
0.805193
0.8074
0.810594
0.814306
0.818482
0.823429
0.829454
0.836378
0.843397
0.849296
0.853071
0.854312
0.853402
0.851217
0.848782
0.846815
0.845317
0.843451
0.839885
0.833522
0.824036
0.812061
0.798809
0.785526
0.773069
0.761879
0.752282
0.744677
0.739495
0.736747
0.735815
0.735815
0.736229
0.73734
0.7401
0.745562
0.75423
0.765758
0.779151
0.793161
0.806651
0.818839
0.829314
0.837911
0.844673
0.849696
0.852982
0.854401
0.853733
0.850873
0.84579
0.838572
0.8296
0.819827
0.810793
0.804224
0.801257
0.80181
0.804516
0.807347
0.808642
0.80783
0.805559
0.80334
0.802677
0.804287
0.807958
0.812905
0.818143
0.822584
0.824943
0.823657
0.817411
0.805759
0.789724
0.772
0.756554
0.747591
0.748144
0.758853
0.777758
0.801158
0.824988
0.845951
0.862151
0.873046
0.878878
0.880233
0.877632
0.871566
0.862577
0.851249
0.838142
0.823736
0.808481
0.792856
0.777531
0.763215
0.750529
0.73986
0.731294
0.724776
0.720187
0.717534
0.716915
0.718386
0.721843
0.727042
0.733891
0.742575
0.753266
0.765538
0.777866
0.788202
0.794928
0.797629
0.797153
0.795085
0.793216
0.79288
0.794669
0.798335
0.803111
0.807931
0.811772
0.813869
0.813901
0.812044
0.808948
0.80565
0.803546
0.804164
0.808709
0.817643
0.830419
0.845448
0.86044
0.872916
0.880719
0.8825
0.877988
0.867981
0.854096
0.838178
0.82185
0.806377
0.792657
0.781486
0.773728
0.770011
0.770395
0.774211
0.780282
0.787158
0.793427
0.79759
0.798268
0.794474
0.786204
0.774732
0.762315
0.751607
0.744807
0.743199
0.7472
0.75653
0.770228
0.78682
0.804659
0.822279
0.838382
0.851557
0.860264
0.863096
0.859366
0.849453
0.834982
0.818528
0.802999
0.79079
0.78307
0.779584
0.778846
0.77878
0.777616
0.774525
0.769926
0.76518
0.76206
0.762092
0.766005
0.773546
0.783584
0.794492
0.804564
0.812422
0.817194
0.818408
0.815883
0.80962
0.799829
0.787489
0.774567
0.763927
0.758525
0.760204
0.769093
0.783595
0.801124
0.819098
0.835619
0.849614
0.860395
0.867173
0.869132
0.865757
0.857241
0.84465
0.83002
0.816053
0.805481
0.800311
0.801265
0.807543
0.817097
0.827248
0.835498
0.840008
0.839771
0.834608
0.825115
0.812635
0.798982
0.786169
0.776133
0.770574
0.770627
0.776558
0.787567
0.801783
0.816728
0.829941
0.839672
0.845301
0.847358
0.84705
0.845536
0.843231
0.839591
0.833374
0.823289
0.808775
0.790296
0.769502
0.748949
0.731477
0.719342
0.713634
0.714212
0.720072
0.729915
0.74234
0.756099
0.770095
0.783296
0.794704
0.803394
0.808721
0.810384
0.808576
0.803904
0.797454
0.790663
0.785191
0.782518
0.783688
0.789044
0.798212
0.810268
0.824039
0.838103
0.850935
0.861002
0.867149
0.868836
0.86617
0.859766
0.850443
0.839195
0.827056
0.815182
0.804696
0.796408
0.790467
0.786324
0.783108
0.780089
0.777155
0.77488
0.774368
0.776535
0.78141
0.787745
0.793546
0.796768
0.796054
0.791188
0.783125
0.773678
0.765083
0.759447
0.758136
0.761341
0.76798
0.775915
0.782563
0.78576
0.784655
0.780198
0.774683
0.77045
0.768667
0.769322
0.772025
0.776774
0.783936
0.793864
0.806615
0.821747
0.838349
0.855165
0.87071
0.883597
0.892813
0.897968
0.899309
0.897415
0.892892
0.886184
0.877653
0.867762
0.85704
0.845817
0.834095
0.821558
0.807841
0.792863
0.776957
0.760931
0.745788
0.732521
0.722066
0.715215
0.71265
0.714844
0.721915
0.733516
0.748731
0.766001
0.783292
0.798339
0.809122
0.814247
0.813198
0.806411
0.795126
0.781146
0.766378
0.752434
0.740421
0.731054
0.724894
0.722594
0.725011
0.732873
0.746218
0.763899
0.783593
0.80239
0.817705
0.828012
0.833135
0.834144
0.833013
0.831989
0.833134
0.837847
0.846346
0.857418
0.868641
0.877006
0.879774
0.875063
0.861969
0.84064
0.812279
0.779339
0.745776
0.716952
0.698788
0.695472
0.70692
0.728669
0.754315
0.778425
0.797897
0.811945
0.821406
0.827967
0.833356
0.838761
0.844534
0.850359
0.855355
0.858653
0.859554
0.857615
0.85281
0.845606
0.837004
0.828481
0.821709
0.817977
0.817604
0.819757
0.822791
0.824825
0.824272
0.820258
0.812594
0.801752
0.788586
0.774259
0.760159
0.747652
0.738122
0.73271
0.73224
0.736867
0.745868
0.757811
0.771082
0.784309
0.796401
0.806196
0.812652
0.815224
0.814239
0.811019
0.807374
0.804813
0.803891
0.804065
0.80406
0.802417
0.798028
0.790374
0.779654
0.76678
0.753235
0.740851
0.731482
0.726578
0.726764
0.731585
0.739683
0.749234
0.7585
0.766355
0.77248
0.777209
0.781144
0.784942
0.789058
0.79359
0.798147
0.80206
0.804707
0.805894
0.805889
0.80528
0.804739
0.804963
0.80657
0.809934
0.814962
0.821181
0.827816
0.833953
0.838811
0.841706
0.842179
0.840226
0.836371
0.831563
0.826963
0.823551
0.821853
0.821864
0.82311
0.824726
0.825742
0.825456
0.823638
0.820624
0.817203
0.814142
0.811979
0.810705
0.809826
0.808561
0.806062
0.80173
0.795519
0.787951
0.780057
0.773114
0.768245
0.76631
0.767617
0.771889
0.778505
0.786739
0.795991
0.80592
0.816245
0.82646
0.835757
0.842981
0.84672
0.84555
0.838607
0.826153
0.809895
0.792558
0.776908
0.765154
0.758859
0.759136
0.766488
0.780292
0.798697
0.819263
0.839773
0.858653
0.87506
0.888349
0.897829
0.902729
0.90246
0.896967
0.88688
0.873607
0.85906
0.845085
0.832814
0.822331
0.812715
0.802569
0.790812
0.777325
0.763199
0.750465
0.74139
0.737613
0.739662
0.746848
0.757713
0.770489
0.783494
0.79542
0.805293
0.812375
0.81608
0.815993
0.812118
0.805034
0.795912
0.786156
0.776924
0.76873
0.761395
0.754326
0.747115
0.739902
0.733505
0.729167
0.728113
0.731127
0.738387
0.749459
0.763405
0.778928
0.794657
0.809323
0.821941
0.831773
0.838239
0.840836
0.839358
0.833808
0.824442
0.811776
0.79668
0.780567
0.765235
0.752715
0.744807
0.742698
0.746509
0.755433
0.76789
0.781958
0.795727
0.807608
0.816649
0.822469
0.82518
0.825213
0.823027
0.819032
0.813603
0.807327
0.801012
0.795676
0.792199
0.791111
0.792422
0.795902
0.801391
0.808936
0.818622
0.830141
0.842466
0.853912
0.862341
0.865706
0.862529
0.852161
0.835044
0.812686
0.787449
0.762001
0.73892
0.720243
0.707433
0.701312
0.701871
0.708275
0.718904
0.731736
0.744558
0.755246
0.762199
0.765196
0.765714
0.76639
0.769799
0.777256
0.788353
0.801095
0.812763
0.820831
0.823775
0.821552
0.815537
0.80801
0.80139
0.797542
0.797252
0.800271
0.805796
0.813118
0.821947
0.832341
0.844405
0.857798
0.87165
0.884703
0.895747
0.903912
0.908678
0.909551
0.905707
0.896187
0.880185
0.857661
0.829505
0.797654
0.764856
0.734306
0.709162
0.69196
0.684073
0.685472
0.694898
0.710358
0.729567
0.750138
0.769724
0.786256
0.798264
0.805167
0.807317
0.805798
0.802172
0.798079
0.795158
0.794712
0.797489
0.8034
0.811406
0.819675
0.825875
0.827864
0.824299
0.815456
0.80337
0.79137
0.782839
0.779944
0.782848
0.789955
0.798671
0.806211
0.810168
0.808712
0.800929
0.787159
0.769399
0.751469
0.738297
0.734159
0.740761
0.756918
0.779601
0.805265
0.83066
0.85339
0.872189
0.886802
0.89742
0.904185
0.907103
0.906108
0.901344
0.893159
0.88206
0.868692
0.853862
0.83842
0.823058
0.808373
0.794893
0.783429
0.775081
0.771003
0.771724
0.776503
0.783395
0.790149
0.79512
0.797455
0.796801
0.793011
0.786548
0.778871
0.77229
0.769159
0.770895
0.777397
0.787325
0.798655
0.809173
0.816887
0.820265
0.818433
0.811312
0.799562
0.784569
0.768324
0.753152
0.741143
0.73383
0.732023
0.735766
0.744305
0.756171
0.769372
0.781854
0.791941
0.798661
0.801774
0.801501
0.79842
0.793308
0.787111
0.780762
0.775277
0.771733
0.771054
0.773758
0.779573
0.787212
0.794645
0.799727
0.800873
0.797407
0.789847
0.779951
0.770211
0.763222
0.760933
0.764221
0.773017
0.786468
0.803094
0.820988
0.838029
0.852261
0.862163
0.867094
0.867204
0.863198
0.85608
0.846811
0.836263
0.825326
0.815081
0.806562
0.800524
0.796971
0.794961
0.792971
