-5.46112
-5.46177
-5.46307
-5.46339
-5.46533
-5.46241
-5.46273
-5.46144
-5.45852
-5.45787
-5.45787
-5.45658
-5.45723
-5.45918
-5.45853
-5.45853
-5.4595
-5.45788
-5.45917
-5.45723
-5.45626
-5.45756
-5.45691
-5.45529
-5.45335
-5.44979
-5.44979
-5.45302
-5.45464
-5.45529
-5.45755
-5.45853
-5.4595
-5.45723
-5.4582
-5.46014
-5.46014
-5.45982
-5.45788
-5.4582
-5.45885
-5.46015
-5.45626
-5.45691
-5.45755
-5.4569
-5.45981
-5.46046
-5.4611
-5.45949
-5.46046
-5.45948
-5.46013
-5.4611
-5.46143
-5.46143
-5.46014
-5.46176
-5.46176
-5.46305
-5.4637
-5.46402
-5.46305
-5.46369
-5.46207
-5.46175
-5.46143
-5.46013
-5.45851
-5.45819
-5.45657
-5.45754
-5.45722
-5.45722
-5.45787
-5.45658
-5.45529
-5.45496
-5.45528
-5.45561
-5.45657
-5.45819
-5.46045
-5.46045
-5.45981
-5.46143
-5.46079
-5.46144
-5.46144
-5.46079
-5.46338
-5.4637
-5.46435
-5.46468
-5.46694
-5.465
-5.46208
-5.46176
-5.46014
-5.45949
-5.4582
-5.45755
-5.45917
-5.46208
-5.46111
-5.46273
-5.46337
-5.46402
-5.46402
-5.46564
-5.46532
-5.46629
-5.46532
-5.46403
-5.46306
-5.46338
-5.46306
-5.46532
-5.46532
-5.465
-5.46305
-5.4624
-5.46111
-5.46305
-5.46176
-5.45982
-5.4582
-5.45626
-5.4608
-5.46112
-5.46176
-5.46079
-5.46176
-5.46176
-5.46338
-5.4637
-5.46175
-5.46175
-5.45884
-5.45787
-5.45755
-5.4556
-5.45625
-5.45528
-5.4569
-5.45885
-5.4582
-5.45755
-5.45755
-5.45884
-5.45916
-5.46046
-5.45981
-5.45787
-5.45657
-5.45625
-5.45528
-5.45787
-5.45722
-5.4569
-5.45787
-5.45787
-5.45917
-5.45852
-5.46013
-5.46143
-5.46143
-5.46143
-5.4624
-5.46434
-5.46499
-5.46402
-5.46272
-5.4624
-5.4637
-5.46434
-5.46499
-5.46564
-5.46272
-5.46175
-5.46466
-5.46596
-5.46628
-5.46693
-5.46596
-5.46661
-5.46531
-5.46531
-5.46628
-5.46596
-5.46434
-5.46143
-5.46142
-5.46142
-5.46369
-5.46369
-5.46175
-5.45981
-5.46078
-5.4624
-5.46207
-5.46142
-5.46175
-5.4611
-5.46207
-5.45948
-5.46013
-5.45981
-5.45981
-5.45754
-5.46078
-5.46175
-5.46175
-5.4624
-5.4637
-5.4624
-5.46045
-5.4624
-5.46369
-5.46369
-5.46402
-5.46337
-5.4611
-5.45851
-5.45722
-5.45658
-5.45755
-5.45755
-5.45658
-5.4569
-5.45819
-5.46045
-5.46078
-5.46208
-5.46175
-5.46143
-5.45981
-5.45949
-5.45819
-5.45657
-5.45592
-5.45884
-5.46174
-5.46142
-5.4611
-5.46045
-5.46078
-5.46273
-5.46305
-5.46597
-5.46694
-5.46694
-5.46499
-5.46629
-5.4637
-5.46305
-5.46337
-5.46434
-5.46305
-5.46111
-5.46305
-5.46143
-5.4624
-5.46338
-5.46208
-5.46046
-5.46014
-5.45819
-5.45755
-5.45755
-5.45981
-5.45819
-5.45463
-5.45399
-5.45496
-5.45625
-5.45755
-5.45722
-5.45981
-5.46241
-5.46176
-5.46305
-5.46176
-5.46176
-5.46208
-5.4611
-5.46208
-5.4637
-5.46338
-5.46208
-5.46111
-5.46143
-5.46078
-5.46111
-5.45949
-5.46143
-5.46467
-5.46402
-5.46564
-5.46855
-5.46759
-5.46694
-5.46565
-5.46339
-5.46112
-5.4608
-5.46177
-5.46338
-5.46306
-5.4637
-5.46306
-5.46111
-5.46273
-5.46144
-5.45885
-5.45885
-5.46047
-5.45982
-5.45788
-5.4582
-5.4595
-5.45982
-5.4608
-5.46209
-5.46371
-5.46436
-5.46435
-5.46468
-5.46305
-5.46273
-5.46208
-5.46208
-5.46111
-5.46144
-5.46371
-5.46177
-5.46112
-5.4608
-5.45886
-5.45757
-5.4566
-5.45627
-5.45562
-5.45627
-5.45464
-5.45432
-5.454
-5.45432
-5.454
-5.45562
-5.45595
-5.45627
-5.45595
-5.45627
-5.45659
-5.45983
-5.46047
-5.4608
-5.46112
-5.4595
-5.45951
-5.45886
-5.45821
-5.45853
-5.45853
-5.45756
-5.4582
-5.45788
-5.45788
-5.45949
-5.46111
-5.46273
-5.46176
-5.46208
-5.46143
-5.46208
-5.46144
-5.46241
-5.46144
-5.46176
-5.46144
-5.45949
-5.45917
-5.46014
-5.46079
-5.46111
-5.46273
-5.46078
-5.46208
-5.46338
-5.46371
-5.46403
-5.46501
-5.46565
-5.46565
-5.46565
-5.46533
-5.46306
-5.45788
-5.45658
-5.45658
-5.4569
-5.45723
-5.4569
-5.45626
-5.45756
-5.4595
-5.45918
-5.45918
-5.45918
-5.4595
-5.46112
-5.46176
-5.46209
-5.46112
-5.45886
-5.46047
-5.4595
-5.46047
-5.46015
-5.45917
-5.4569
-5.45625
-5.4569
-5.45561
-5.45496
-5.45432
-5.45594
-5.45529
-5.45626
-5.45594
-5.45626
-5.45886
-5.46112
-5.46145
-5.4595
-5.46015
-5.45853
-5.45853
-5.45917
-5.45788
-5.45788
-5.45982
-5.45918
-5.45885
-5.45821
-5.45756
-5.45918
-5.45854
-5.45789
-5.45983
-5.4608
-5.46242
-5.46048
-5.4608
-5.46015
-5.46112
-5.46015
-5.45983
-5.45983
-5.45724
-5.45789
-5.45983
-5.45951
-5.4595
-5.45918
-5.45918
-5.45951
-5.46048
-5.45692
-5.4566
-5.45627
-5.45563
-5.45789
-5.45853
-5.45821
-5.45885
-5.45788
-5.45724
-5.45756
-5.45919
-5.45724
-5.45498
-5.45368
-5.45465
-5.45465
-5.45594
-5.45789
-5.45854
-5.45854
-5.45918
-5.45821
-5.45789
-5.45562
-5.45692
-5.45951
-5.45854
-5.46145
-5.4621
-5.4621
-5.4621
-5.46242
-5.4608
-5.46177
-5.46339
-5.46242
-5.4621
-5.46112
-5.46112
-5.46048
-5.4595
-5.45983
-5.4608
-5.45983
-5.45885
-5.45723
-5.45691
-5.45788
-5.45593
-5.45593
-5.45658
-5.4569
-5.45626
-5.45755
-5.45788
-5.45724
-5.45821
-5.45886
-5.45659
-5.45853
-5.45789
-5.45789
-5.45886
-5.45918
-5.45723
-5.45561
-5.45529
-5.45561
-5.45464
-5.45593
-5.4569
-5.45626
-5.45529
-5.45788
-5.45951
-5.46113
-5.46016
-5.45983
-5.46015
-5.45918
-5.46144
-5.46111
-5.46079
-5.46079
-5.46079
-5.45983
-5.4595
-5.46112
-5.4621
-5.46242
-5.46145
-5.46274
-5.46242
-5.46533
-5.4637
-5.4624
-5.46176
-5.46241
-5.46241
-5.46209
-5.46242
-5.45983
-5.45853
-5.45918
-5.46015
-5.46144
-5.46209
-5.4637
-5.46176
-5.46144
-5.46403
-5.46338
-5.46079
-5.46112
-5.46209
-5.46112
-5.46014
-5.46111
-5.46208
-5.46306
-5.46209
-5.46015
-5.46112
-5.45982
-5.4595
-5.45918
-5.45723
-5.46014
-5.4595
-5.45852
-5.45917
-5.45658
-5.45625
-5.4569
-5.45658
-5.45593
-5.45594
-5.45691
-5.45626
-5.45464
-5.45562
-5.45335
-5.45206
-5.45335
-5.45399
-5.45432
-5.4527
-5.45399
-5.45529
-5.45594
-5.45723
-5.45821
-5.45853
-5.45918
-5.45983
-5.46241
-5.46176
-5.46112
-5.4595
-5.45755
-5.4582
-5.46112
-5.46177
-5.46015
-5.46144
-5.46047
-5.45885
-5.46015
-5.45917
-5.45885
-5.45723
-5.4569
-5.45917
-5.45917
-5.46014
-5.45949
-5.45917
-5.45949
-5.45917
-5.45852
-5.45787
-5.45852
-5.4569
-5.45658
-5.45561
-5.46014
-5.45884
-5.46079
-5.46208
-5.46435
-5.46596
-5.46629
-5.46402
-5.46564
-5.46434
-5.46305
-5.4624
-5.46176
-5.45852
-5.45819
-5.45884
-5.45949
-5.45949
-5.46014
-5.46175
-5.46111
-5.46079
-5.45787
-5.45658
-5.4582
-5.46014
-5.46046
-5.46176
-5.46143
-5.46078
-5.46078
-5.46208
-5.45982
-5.45982
-5.45949
-5.46111
-5.46111
-5.46014
-5.46241
-5.46079
-5.46209
-5.45885
-5.46047
-5.45949
-5.46079
-5.4611
-5.46078
-5.45819
-5.45851
-5.45916
-5.45722
-5.45916
-5.46111
-5.46273
-5.46176
-5.46176
-5.46241
-5.46273
-5.46111
-5.46241
-5.46467
-5.46597
-5.46597
-5.46661
-5.46629
-5.46564
-5.46402
-5.46338
-5.46306
-5.46435
-5.46273
-5.46144
-5.46014
-5.46176
-5.46014
-5.46014
-5.46014
-5.45949
-5.46143
-5.46111
-5.46176
-5.46046
-5.46144
-5.46014
-5.46014
-5.4582
-5.45625
-5.45593
-5.45593
-5.4582
-5.45852
-5.45755
-5.45787
-5.45723
-5.45949
-5.46046
-5.45949
-5.45916
-5.45786
-5.45916
-5.45689
-5.45592
-5.45625
-5.45852
-5.45981
-5.46046
-5.45949
-5.45917
-5.45723
-5.4582
-5.46305
-5.46338
-5.46435
-5.46305
-5.46337
-5.46337
-5.46208
-5.46175
-5.45916
-5.46207
-5.46207
-5.45884
-5.45916
-5.45787
-5.45787
-5.45722
-5.4582
-5.45787
-5.46014
-5.46079
-5.45981
-5.45917
-5.46111
-5.46111
-5.46014
-5.46014
-5.45852
-5.45755
-5.45852
-5.45852
-5.45852
-5.45917
-5.45852
-5.46111
-5.46209
-5.46274
-5.46242
-5.46112
-5.46274
-5.46209
-5.46177
-5.46015
-5.45885
-5.45885
-5.45949
-5.4582
-5.45852
-5.45723
-5.45917
-5.45917
-5.45982
-5.46047
-5.45918
-5.45983
-5.46015
-5.4595
-5.45852
-5.45885
-5.45755
-5.45723
-5.45982
-5.46111
-5.46274
-5.46339
-5.46112
-5.46209
-5.46176
-5.46241
-5.46273
-5.4637
-5.46467
-5.46338
-5.46338
-5.46564
-5.46726
-5.46467
-5.46241
-5.46144
-5.46014
-5.46436
-5.46306
-5.46371
-5.46209
-5.4608
-5.4595
-5.45853
-5.45886
-5.46015
-5.45853
-5.45723
-5.45658
-5.45658
-5.4569
-5.45657
-5.45657
-5.4569
-5.4582
-5.45852
-5.45723
-5.45529
-5.45529
-5.45723
-5.45885
-5.45821
-5.45853
-5.45982
-5.4582
-5.45788
-5.45852
-5.45949
-5.46014
-5.46176
-5.46241
-5.46177
-5.46242
-5.46209
-5.46177
-5.46015
-5.46112
-5.4595
-5.46047
-5.46111
-5.46047
-5.46144
-5.46242
-5.46145
-5.46177
-5.46242
-5.45918
-5.46016
-5.46177
-5.46144
-5.46208
-5.46176
-5.4582
-5.45723
-5.45756
-5.45886
-5.45821
-5.45886
-5.46048
-5.46112
-5.4608
-5.46015
-5.46177
-5.46242
-5.46177
-5.46404
-5.46177
-5.46242
-5.4608
-5.45983
-5.45756
-5.45853
-5.4595
-5.4595
-5.45853
-5.45788
-5.4582
-5.45885
-5.45885
-5.45918
-5.45983
-5.46047
-5.45983
-5.45885
-5.45885
-5.45561
-5.45626
-5.45593
-5.4569
-5.45431
-5.45529
-5.45497
-5.4527
-5.45302
-5.45367
-5.45335
-5.45335
-5.45335
-5.45335
-5.45334
-5.45431
-5.45366
-5.45334
-5.45528
-5.4569
-5.45625
-5.45755
-5.45625
-5.45723
-5.4569
-5.45658
-5.4582
-5.45917
-5.45917
-5.4582
-5.45884
-5.45884
-5.46046
-5.46467
-5.46467
-5.46338
-5.4637
-5.46014
-5.45982
-5.46047
-5.46274
-5.46306
-5.46338
-5.46597
-5.46597
-5.46532
-5.4637
-5.4624
-5.46014
-5.46046
-5.46143
-5.46079
-5.46014
-5.46144
-5.46209
-5.46241
-5.46338
-5.46047
-5.45755
-5.45787
-5.46046
-5.45949
-5.46078
-5.46143
-5.4637
-5.46273
-5.46338
-5.46047
