0.469528   -0.476316   0.498741
-0.332173   -0.324045   0.494355
0.494894   -0.323262   -0.322954
-0.337653   -0.482091   -0.362082
-0.153309   -0.499633   0.478606
0.0043823   -0.353193   -0.488838
-0.158237   -0.353813   -0.347214
-0.00513397   0.490353   -0.334333
0.169522   0.487646   0.490431
0.315268   -0.336066   0.488555
0.157517   -0.325768   -0.318002
0.32712   0.498876   -0.331192
0.482433   -0.18814   -0.489746
-0.3285   -0.00797789   0.494796
0.497518   -0.0119855   -0.32177
-0.332584   -0.186084   -0.328588
-0.156704   -0.16298   0.492134
0.000337825   0.0157833   -0.47807
-0.167655   -0.0102539   -0.33816
-0.00307795   -0.176035   -0.336648
0.165812   -0.176457   0.497859
0.341497   -0.011341   -0.485566
0.15342   -0.00156152   -0.334215
0.324324   -0.176215   -0.31692
-0.489749   0.175482   -0.491347
-0.363935   0.346149   0.499444
0.492093   0.316969   -0.329549
-0.341755   0.149706   -0.339092
-0.161582   0.154099   -0.486755
0.0145674   0.334884   -0.4937
-0.178491   0.34936   -0.337913
-0.0082581   0.188238   -0.330236
0.159626   0.15987   0.485493
0.347917   0.332012   0.496251
0.185461   0.320704   -0.334763
0.340922   0.149591   -0.342719
-0.489328   -0.481751   -0.172091
-0.311932   -0.34066   -0.166819
0.497156   -0.331972   0.0115303
-0.318687   -0.485788   -0.00668109
-0.170443   0.490375   -0.170234
0.0115338   -0.340977   -0.165615
-0.1425   -0.332563   -0.0048098
-0.0106885   0.484293   -0.00783629
0.155093   0.497015   -0.166774
0.329772   -0.30701   -0.136313
0.155869   -0.33016   0.00837159
0.32939   0.492951   -0.00253445
-0.486432   -0.17581   -0.131348
-0.341389   -0.00660724   -0.174112
0.496945   0.00480879   -0.00193824
-0.30776   -0.168019   -0.000558017
-0.14267   -0.170906   -0.157486
-0.0234094   -0.00899826   -0.175414
-0.172697   0.0285468   -0.00567924
-0.0206609   -0.152923   0.00820508
0.150879   -0.174909   -0.159396
0.33403   -0.0300171   -0.160532
0.156562   0.00946748   -0.00124776
0.325218   -0.155831   0.0207065
0.497083   0.175175   -0.157229
-0.336419   0.347321   -0.176572
-0.490218   0.360025   -0.0163106
-0.330198   0.17484   -0.0257188
-0.183886   0.174504   -0.185005
0.0139796   0.338668   -0.181353
-0.150358   0.313854   -0.00798878
0.00159778   0.163818   -0.0223577
0.171619   0.164966   -0.17216
0.336091   0.341672   -0.177826
0.151921   0.320357   -0.0020832
0.329179   0.177503   0.00428585
-0.485383   0.494548   0.158364
-0.308172   -0.324261   0.165016
-0.485614   -0.32622   0.325835
-0.311102   0.496753   0.331856
-0.155151   0.496034   0.176538
-0.00625234   -0.344735   0.156905
-0.154961   -0.336524   0.323038
0.00794281   0.487988   0.336052
0.156846   0.486517   0.162026
0.336592   -0.322463   0.18087
0.16119   -0.336758   0.33023
0.318927   -0.490036   0.321231
-0.471199   -0.173156   0.163586
-0.329538   -0.00574737   0.189366
-0.481727   -0.0144056   0.344902
-0.307505   -0.17316   0.337414
-0.148519   -0.158711   0.180044
-0.00245209   0.00659167   0.165046
-0.168313   0.0125306   0.349454
0.00356819   -0.162943   0.338308
0.181466   -0.166978   0.17439
0.364129   0.00156342   0.180877
0.167198   -0.0126602   0.331264
0.34731   -0.15499   0.343883
0.490035   0.183248   0.157266
-0.324698   0.342555   0.13177
-0.486451   0.346738   0.309597
-0.345778   0.190506   0.32746
-0.168101   0.180296   0.164753
0.00833589   0.321221   0.16486
-0.157228   0.321662   0.351919
-0.00808024   0.146688   0.332956
0.191674   0.15939   0.18243
0.344173   0.332743   0.183411
0.172197   0.335197   0.344035
0.349054   0.158933   0.343767
