-0.489762   -0.488864   0.488113
-0.33704   -0.331839   -0.486599
0.499438   -0.349684   -0.341205
-0.320105   -0.487835   -0.354601
-0.155734   -0.498443   0.489884
0.0135863   -0.317121   -0.48982
-0.161748   -0.308577   -0.339124
0.000512593   0.493095   -0.344903
0.168361   -0.488374   -0.482498
0.329233   -0.311598   0.499699
0.180381   -0.336551   -0.327174
0.329612   0.493331   -0.325316
0.491418   -0.164894   0.488293
-0.324365   -0.002773   -0.491945
0.493294   -0.0070297   -0.33377
-0.33944   -0.17995   -0.338876
-0.167022   -0.172091   0.494267
0.00214769   -0.0103214   0.491444
-0.159113   0.00359108   -0.350959
0.0165802   -0.158571   -0.327446
0.157825   -0.148456   -0.49203
0.339718   0.0138987   0.490037
0.183167   0.0127895   -0.318797
0.322671   -0.164879   -0.33642
-0.498693   0.174472   0.485249
-0.316549   0.340063   -0.498449
-0.488973   0.331611   -0.356457
-0.339481   0.164963   -0.348185
-0.149778   0.171414   0.494249
0.0111414   0.335888   0.488968
-0.166548   0.337693   -0.327539
-0.00291321   0.169812   -0.329238
0.173369   0.162987   0.499395
0.316217   0.339334   -0.48403
0.163005   0.318655   -0.322807
0.351319   0.169547   -0.335627
0.492243   0.470013   -0.191179
-0.328687   -0.348601   -0.167479
0.490071   -0.356488   -0.00956483
-0.322798   0.488046   -0.00689641
-0.159212   -0.496471   -0.171834
-0.0117096   -0.334132   -0.172297
-0.148218   -0.326553   0.0113567
0.0103142   0.484702   0.00506674
0.151446   0.492144   -0.177498
0.338811   -0.353295   -0.170639
0.187422   -0.359811   -0.0124886
0.352137   0.471762   0.000763153
0.483834   -0.168247   -0.177808
-0.335073   -0.00719392   -0.200242
-0.493697   -0.00789129   0.00609797
-0.322466   -0.174024   -0.00252181
-0.169574   -0.155116   -0.178333
-0.0235493   0.0017148   -0.189992
-0.164897   -0.00383287   0.0115588
0.00131681   -0.155096   -0.0192195
0.179751   -0.167964   -0.162062
0.345089   0.0238516   -0.139799
0.178976   -0.000654796   0.00107442
0.336482   -0.175197   -0.0113598
-0.495469   0.187444   -0.164734
-0.330378   0.328485   -0.171433
-0.498366   0.326844   0.0126056
-0.336822   0.167306   0.00327116
-0.162047   0.172642   -0.158432
-0.015226   0.337173   -0.145511
-0.169427   0.329368   0.0208864
-0.00384671   0.167986   0.0248015
0.145895   0.161583   -0.165438
0.326003   0.329626   -0.166343
0.155345   0.316084   -0.0136919
0.323856   0.191931   0.0180168
-0.479134   -0.494494   0.154451
-0.320846   -0.323956   0.154188
-0.483998   -0.331279   0.322132
-0.331997   0.483056   0.324863
-0.161752   -0.488323   0.165774
0.0175645   -0.317731   0.17
-0.156008   -0.320336   0.339357
0.0168756   -0.471493   0.316015
0.169439   0.478896   0.158346
0.321997   -0.334729   0.169329
0.161535   -0.318583   0.339606
0.296029   -0.495434   0.339538
-0.496703   -0.157207   0.165878
-0.325006   -0.0119175   0.185105
-0.495061   -0.0125688   0.339184
-0.32446   -0.164608   0.347523
-0.14614   -0.181672   0.187743
0.0056185   -0.0167339   0.171736
-0.161714   -0.0118276   0.344912
0.0101206   -0.169118   0.352495
0.172282   -0.168244   0.163303
0.319649   -0.00931151   0.160652
0.160693   -0.00928923   0.328406
0.32934   -0.153035   0.322796
0.48624   0.141342   0.174561
-0.328079   0.307309   0.172787
0.497358   0.320723   0.334896
-0.331899   0.155948   0.351006
-0.144574   0.178536   0.177765
0.00321628   0.334212   0.189726
-0.184378   0.323398   0.338594
0.0079888   0.159145   0.324959
0.160843   0.170783   0.167441
0.3286   0.339447   0.186173
0.168573   0.328969   0.342926
0.322845   0.162488   0.336738
