7.9276
7.83412
7.74716
7.66816
7.6059
7.56963
7.56687
7.60709
7.68516
7.80029
7.94751
8.1094
8.26696
8.39716
8.48855
8.53267
8.53588
8.51103
8.46203
8.39087
8.30244
8.20574
8.10573
8.01678
7.94605
7.88316
7.83875
7.80114
7.7613
7.72381
7.67981
7.63252
7.57364
7.5265
7.48249
7.45971
7.46651
7.5042
7.57305
7.6555
7.73764
7.81353
7.87682
7.92248
7.94235
7.93534
7.89681
7.83762
7.77187
7.70504
7.64109
7.5977
7.56657
7.53682
7.51731
7.50255
7.49784
7.51733
7.56071
7.63334
7.73375
7.85562
7.98265
8.10344
8.19348
8.23625
8.2219
8.14896
8.04889
7.94098
7.8514
7.78944
7.7598
7.77433
7.82348
7.91011
8.02768
8.1643
8.29855
8.42219
8.51707
8.57595
8.59555
8.56737
8.49833
8.39091
8.25888
8.10279
7.94337
7.78299
7.61939
7.46155
7.32398
7.20853
7.13565
7.11193
7.13569
7.19534
7.28208
7.3789
7.48068
7.5771
7.65369
7.7198
7.76765
7.79176
7.78664
7.75803
7.70968
7.65078
7.59407
7.54317
7.50645
7.48701
7.48501
7.50677
7.538
7.59163
7.6598
7.74455
7.83579
7.93982
8.03359
8.12556
8.21467
8.29516
8.36553
8.42424
8.46509
8.48639
8.48391
8.4552
8.39472
8.2947
8.14142
7.94193
7.71668
7.50146
7.32386
7.1933
7.12176
7.10298
7.13622
7.21605
7.33301
7.47976
7.64996
7.83391
8.01718
8.18895
8.32937
8.43357
8.48747
8.48907
8.44122
8.35161
8.23256
8.09718
7.95966
7.84024
7.7511
7.6983
7.69782
7.75125
7.84847
7.96693
8.08722
8.17787
8.22232
8.2161
8.17494
8.11141
8.02602
7.92093
7.79457
7.64586
7.4778
7.30668
7.15071
7.03458
6.97038
6.96806
7.0279
7.1392
7.29618
7.47283
7.66711
7.87104
8.06085
8.22418
8.34176
8.40025
8.37794
8.28197
8.11956
7.91224
7.68325
7.44979
7.24547
7.08628
6.99915
6.98964
7.06796
7.22252
7.43004
7.67234
7.9275
8.15799
8.35859
8.5081
8.59767
8.62583
8.60527
8.54488
8.45384
8.34854
8.23784
8.14215
8.06344
8.01833
8.00208
8.01336
8.03395
8.06306
8.09921
8.11733
8.11654
8.07717
7.99417
7.88017
7.741
7.60467
7.49081
7.42573
7.40343
7.43715
7.51741
7.62374
7.73186
7.82385
7.88129
7.8855
7.8394
7.75535
7.63987
7.51195
7.3984
7.31182
7.2719
7.28335
7.3456
7.45091
7.58933
7.7426
7.89698
8.01649
8.09223
8.1164
8.09853
8.03695
7.95895
7.88016
7.80037
7.73365
7.693
7.66859
7.67775
7.70937
7.76342
7.83218
7.90054
7.95816
8.00196
8.02168
8.02473
8.01988
8.00594
7.99623
8.00009
8.02272
8.0747
8.13458
8.19277
8.23518
8.23841
8.18748
8.0941
7.96218
7.80614
7.64497
7.50151
7.39333
7.31377
7.26169
7.2417
7.26252
7.3255
7.44992
7.62481
7.82426
8.02552
8.19898
8.33266
8.42084
8.45234
8.44098
8.39325
8.31962
8.23622
8.13728
8.02754
7.91577
7.78521
7.6454
7.50097
7.36041
7.24182
7.15974
7.11422
7.11485
7.15633
7.23754
7.35585
7.50252
7.67348
7.86926
8.07652
8.28277
8.47536
8.6446
8.77013
8.83942
8.83892
8.7631
8.62463
8.44108
8.23572
8.03019
7.84202
7.68428
7.55978
7.4682
7.41162
7.38007
7.38527
7.41544
7.47369
7.54577
7.6325
7.72729
7.83299
7.94995
8.06217
8.153
8.2085
8.21192
8.15219
8.03071
7.86772
7.6921
7.53032
7.40243
7.32921
7.32464
7.38162
7.49971
7.65058
7.81298
7.95001
8.03134
8.05679
8.03482
7.99741
7.96887
7.97051
8.00819
8.07201
8.1439
8.21168
8.2513
8.24969
8.21812
8.15239
8.06365
7.95943
7.861
7.75399
7.65574
7.56836
7.48716
7.42801
7.37703
7.3423
7.31076
7.29289
7.28371
7.29993
7.3474
7.43154
7.54308
7.67838
7.80919
7.91796
7.9902
8.0184
8.01735
8.00341
7.98436
7.98276
8.00126
8.03389
8.08427
8.1316
8.17162
8.20957
8.23595
8.25514
8.27682
8.29954
8.31277
8.32093
8.31513
8.30784
8.276
8.22798
8.16573
8.08966
8.00504
7.9352
7.88622
7.86081
7.86659
7.90051
7.96308
8.03186
8.09229
8.13891
8.16517
8.17065
8.16406
8.14273
8.10307
8.04177
7.94807
7.82945
7.69547
7.55349
7.41786
7.31189
7.25137
7.2446
7.28207
7.36088
7.46568
7.57477
7.66874
7.73442
7.77035
7.78477
7.79589
7.81872
7.85579
7.91988
8.00487
8.10265
8.19142
8.26016
8.28641
8.26879
8.20822
8.11018
7.98996
7.86885
7.74674
7.64349
7.5631
7.50775
7.48001
7.48606
7.52597
7.59456
7.68389
7.76678
7.83644
7.87361
7.87195
7.85228
7.82723
7.81238
7.82789
7.8599
7.91396
7.97319
8.02395
8.06965
8.1038
8.12458
8.13112
8.11982
8.07753
8.01233
7.91872
7.79741
7.67143
7.55171
7.45315
7.38312
7.35081
7.34634
7.37185
7.42945
7.50659
7.58792
7.67132
7.7236
7.7555
7.75398
7.7225
7.6881
7.65194
7.63286
7.63162
7.66704
7.72803
7.80496
7.89328
7.98741
8.08022
8.16208
8.22273
8.25166
8.24537
8.20205
8.12238
8.02678
7.92795
7.83622
7.75245
7.68447
7.63966
7.61851
7.62974
7.67303
7.76009
7.87265
7.9925
8.09289
8.15509
8.17206
8.13561
8.06425
7.96925
7.86535
7.76589
7.68005
7.62396
7.59433
7.59729
7.62142
7.65572
7.68621
7.70245
7.71257
7.70129
7.6932
7.68467
7.68947
7.70762
7.73516
7.76899
7.80522
7.84179
7.87495
7.9021
7.92403
7.94433
7.94934
7.94909
7.94012
7.93238
7.9438
7.97722
8.03407
8.11062
8.20853
8.29911
8.36975
8.40551
8.40888
8.37855
8.3294
8.27743
8.23672
8.20936
8.20782
8.22358
8.2441
8.25465
8.24367
8.17905
8.04815
7.85687
7.62232
7.36692
7.11454
6.89062
6.72077
6.61231
6.57624
6.60087
6.69235
6.83443
7.02147
7.22655
7.45374
7.68485
7.90364
8.10473
8.2773
8.4162
8.50864
8.5502
8.53587
8.46915
8.36718
8.23782
8.10293
7.96922
7.85005
7.7498
7.67231
7.62061
7.59854
7.60444
7.63146
7.66236
7.69974
7.74235
7.79208
7.84468
7.89637
7.94781
7.98717
7.9985
7.9844
7.94499
7.89283
7.83597
7.78798
7.75604
7.75889
7.78276
7.82998
7.87733
7.91078
7.92949
7.9279
7.91701
7.9005
7.88316
7.87273
7.85485
7.83402
7.80842
7.77381
7.74736
7.73368
7.7251
7.73694
7.76593
7.80563
7.85182
7.90251
7.95393
7.98966
7.99384
7.95087
7.86908
7.74022
7.5928
7.45365
7.34457
7.28618
7.28103
7.32819
7.42158
7.5383
7.666
7.77646
7.86125
7.91473
7.93789
7.93921
7.93098
7.93318
7.94989
7.96927
7.99893
8.03252
8.06911
8.11147
8.14439
8.17512
8.18631
8.17822
8.14156
8.08206
8.01006
7.92767
7.85376
7.78274
7.73193
7.71179
7.73531
7.79549
7.89455
8.00658
8.1117
8.20634
8.27439
8.30143
8.29986
8.27131
8.22021
8.15686
8.09117
8.02308
7.9513
7.88149
7.80615
7.73158
7.65825
7.5994
7.55754
7.52621
7.50645
7.47368
7.44032
7.39113
7.33931
7.28962
7.27481
7.28576
7.33249
7.40714
7.49701
7.59582
7.7024
7.8125
7.91866
8.01062
8.09948
8.1685
8.21293
8.23415
8.22761
8.19571
8.14241
8.07049
7.98993
7.90383
7.82555
7.7771
7.75885
7.77883
7.82876
7.90603
7.99828
8.08787
8.16269
8.21503
8.23438
8.21566
8.176
8.11373
8.04901
7.98723
7.92803
7.87296
7.81811
7.75132
7.67313
7.57995
7.48701
7.38174
7.2913
7.21383
7.16215
7.13631
7.14718
7.19045
7.27584
7.39017
7.52952
7.68155
7.82384
7.94406
8.03606
8.0849
8.09047
8.06791
8.01854
7.96666
7.91904
7.88104
7.84831
7.82313
7.79799
7.77951
7.77047
7.76931
7.78733
7.82716
7.88996
7.95603
8.01179
8.0444
8.04181
7.99763
7.91258
7.79001
7.6586
7.53965
7.45221
7.41144
7.4171
7.45414
7.50584
7.5608
7.62246
7.67429
7.71661
7.76224
7.80161
7.8366
7.86471
7.89769
7.93863
7.9866
8.04946
8.1063
8.15667
8.19684
8.23793
8.27567
8.30734
8.33803
8.35596
8.36205
8.34217
8.29161
8.21988
8.12889
8.02251
7.91206
7.80522
7.71654
7.64665
7.61542
7.62153
7.66454
7.75874
7.89253
8.04649
8.1952
8.31623
8.38469
8.38214
8.3167
8.18566
8.00003
7.78268
7.55111
7.32931
7.1554
7.03446
6.989
7.01909
7.12016
7.28053
7.4728
7.66955
7.84999
8.01051
8.14666
8.26261
8.34716
8.40533
8.44034
8.45288
8.44633
8.42898
8.40515
8.37321
8.34271
8.30761
8.26383
8.20807
8.14128
8.06423
7.99733
7.94999
7.93555
7.94775
7.98435
8.02722
8.05877
8.05724
8.0061
7.90278
7.76094
7.58759
7.41513
7.2764
7.16986
7.09583
7.06383
7.04963
7.06275
7.09841
7.14765
7.22777
7.32908
7.45411
7.60074
7.75775
7.9117
8.06506
8.21102
8.33867
8.44185
8.51456
8.54136
8.51629
8.43655
8.31235
8.15304
7.98534
7.82175
7.66204
7.53735
7.45959
7.42352
7.4464
7.52262
7.6386
7.7705
7.90606
8.02474
8.11854
8.17306
8.20152
8.20049
8.16895
8.0961
7.97979
7.83432
7.66303
7.49486
7.34895
7.24875
7.19538
7.1754
7.17657
7.20047
7.23367
7.27712
7.32917
7.39264
7.46923
7.55861
7.65232
7.75135
7.8512
7.94373
8.03233
8.0977
8.13541
8.12945
8.07992
7.97929
7.84467
7.69514
7.55477
7.43823
7.36938
7.35553
7.39666
7.49102
7.62668
7.78304
7.95388
8.10757
8.24025
8.32167
8.35034
8.31854
8.23431
8.10722
7.94654
