0.809374
0.82015
0.830621
0.83972
0.846627
0.850634
0.850895
0.846524
0.836934
0.822224
0.803518
0.782811
0.762725
0.745863
0.734158
0.728328
0.727758
0.731184
0.73758
0.746401
0.75729
0.769619
0.782317
0.79416
0.804188
0.812051
0.818061
0.822942
0.827585
0.832652
0.838471
0.84505
0.851918
0.858416
0.863611
0.866327
0.865559
0.860832
0.852512
0.841823
0.830463
0.820016
0.811518
0.805583
0.80261
0.802947
0.80669
0.813315
0.821476
0.829452
0.835916
0.840499
0.843679
0.846227
0.84876
0.851073
0.852271
0.851095
0.846478
0.837964
0.825902
0.811246
0.795454
0.780352
0.768407
0.76232
0.763892
0.772581
0.785508
0.799091
0.810576
0.818427
0.821986
0.820963
0.815291
0.805246
0.791652
0.775922
0.759887
0.745395
0.734047
0.726958
0.724722
0.727596
0.735447
0.747663
0.763205
0.780831
0.799562
0.818788
0.838146
0.857044
0.874375
0.888611
0.898138
0.901876
0.899597
0.892225
0.881507
0.869438
0.857544
0.846614
0.836939
0.828868
0.822987
0.820027
0.82033
0.823711
0.829467
0.836482
0.843453
0.849289
0.853262
0.855125
0.854989
0.853081
0.849362
0.843645
0.835776
0.825884
0.814506
0.802478
0.790596
0.779416
0.769121
0.759756
0.751482
0.744653
0.739783
0.737307
0.73754
0.740711
0.747488
0.759314
0.777569
0.801812
0.82903
0.85503
0.876403
0.891367
0.899469
0.901064
0.896791
0.887362
0.873498
0.855979
0.835648
0.813705
0.791702
0.77135
0.754393
0.742276
0.736036
0.736096
0.742212
0.753419
0.768279
0.785116
0.802146
0.817519
0.829389
0.836118
0.83654
0.830397
0.818748
0.804092
0.789906
0.779571
0.774998
0.776124
0.781442
0.789257
0.798732
0.810051
0.823871
0.840533
0.859476
0.879055
0.896793
0.910078
0.916872
0.916355
0.908825
0.895301
0.877121
0.855709
0.832543
0.809054
0.786847
0.767796
0.754184
0.748303
0.751622
0.764164
0.78452
0.810278
0.838635
0.86665
0.891332
0.909728
0.919484
0.919214
0.908809
0.889463
0.86345
0.833784
0.803706
0.776253
0.753804
0.737884
0.729082
0.727167
0.731321
0.740353
0.752814
0.767012
0.781038
0.793037
0.801614
0.806165
0.806834
0.804325
0.799546
0.793619
0.7878
0.783588
0.782616
0.786248
0.795045
0.808481
0.824883
0.841653
0.856015
0.865558
0.868815
0.86553
0.856708
0.844415
0.831263
0.819974
0.812931
0.811687
0.816578
0.826714
0.84018
0.854556
0.867599
0.877294
0.882071
0.880836
0.873199
0.859771
0.842107
0.822663
0.804319
0.789717
0.780776
0.778245
0.781648
0.789525
0.799842
0.810781
0.820976
0.829378
0.835158
0.83769
0.836634
0.832126
0.824922
0.816247
0.807609
0.80032
0.795307
0.792934
0.792992
0.794794
0.79739
0.799646
0.800342
0.798511
0.793837
0.787065
0.779962
0.774929
0.774219
0.779307
0.790416
0.806456
0.825198
0.843833
0.859921
0.872229
0.880866
0.886506
0.889026
0.887172
0.879353
0.864823
0.844367
0.820372
0.796221
0.775196
0.759439
0.749743
0.745908
0.74721
0.752679
0.761104
0.771292
0.782429
0.794397
0.807663
0.822793
0.839852
0.858025
0.875775
0.89133
0.903079
0.909935
0.911397
0.907512
0.898789
0.885852
0.86937
0.849956
0.828122
0.804515
0.780135
0.756464
0.735469
0.719361
0.710211
0.709426
0.717327
0.732909
0.753998
0.777809
0.801613
0.823195
0.841247
0.855213
0.865085
0.871139
0.873674
0.87297
0.869361
0.86347
0.855934
0.847056
0.836592
0.824124
0.809865
0.795147
0.782259
0.773954
0.772566
0.779195
0.793137
0.812085
0.832784
0.851984
0.866875
0.875343
0.876094
0.868857
0.854618
0.835856
0.816345
0.800376
0.791315
0.790115
0.794902
0.801921
0.807306
0.808455
0.804726
0.797387
0.788807
0.781578
0.777674
0.778065
0.78274
0.790982
0.801651
0.813603
0.825851
0.837654
0.848493
0.857906
0.865475
0.870966
0.874562
0.876836
0.87843
0.879562
0.879632
0.87737
0.87135
0.860855
0.846375
0.829592
0.813138
0.799871
0.791789
0.789208
0.790787
0.794342
0.797711
0.799302
0.79836
0.795104
0.790474
0.785539
0.780995
0.777162
0.773955
0.771153
0.768584
0.766243
0.764298
0.76298
0.762601
0.763551
0.766275
0.77109
0.778004
0.786502
0.795542
0.803769
0.809711
0.812244
0.810874
0.805906
0.798416
0.790085
0.782614
0.777252
0.774441
0.773889
0.775077
0.777747
0.782209
0.789271
0.799743
0.813801
0.830607
0.848392
0.864905
0.878008
0.886032
0.88806
0.884085
0.875025
0.862832
0.849982
0.838961
0.831484
0.827768
0.826718
0.826362
0.824718
0.820319
0.812594
0.801956
0.78985
0.778354
0.769847
0.766262
0.768517
0.776302
0.788249
0.802445
0.81707
0.830732
0.84248
0.85168
0.857839
0.860469
0.859097
0.853583
0.844358
0.832669
0.820662
0.811026
0.806028
0.806065
0.809415
0.813204
0.814959
0.813454
0.808904
0.802455
0.795563
0.789411
0.784557
0.781101
0.779097
0.778883
0.7811
0.786459
0.795493
0.808223
0.823761
0.840305
0.855781
0.868563
0.877638
0.882492
0.882952
0.879173
0.871737
0.861787
0.850941
0.841005
0.833763
0.830311
0.830703
0.833945
0.838468
0.842564
0.844815
0.844225
0.840316
0.83305
0.82293
0.810875
0.798015
0.785493
0.77444
0.765961
0.761262
0.761322
0.766331
0.775411
0.786814
0.798721
0.809862
0.819576
0.827484
0.833165
0.835931
0.835024
0.829758
0.820083
0.806982
0.792753
0.780567
0.773261
0.772187
0.776987
0.786263
0.798284
0.811194
0.823159
0.832637
0.838683
0.840982
0.839938
0.836451
0.83181
0.827494
0.824793
0.824289
0.825633
0.827763
0.829427
0.829697
0.828271
0.825488
0.822004
0.818494
0.815254
0.812226
0.809316
0.806658
0.804752
0.804067
0.804659
0.805953
0.806826
0.805865
0.801948
0.794657
0.784529
0.772961
0.761912
0.753366
0.748815
0.748744
0.752602
0.758883
0.765701
0.771249
0.774315
0.774365
0.771847
0.76817
0.765554
0.766596
0.773761
0.788582
0.811019
0.839338
0.870517
0.901043
0.927682
0.948029
0.960705
0.965189
0.961645
0.95077
0.933728
0.911981
0.887148
0.860817
0.834413
0.809206
0.786211
0.766323
0.750512
0.73983
0.735116
0.736724
0.744211
0.756304
0.77122
0.787115
0.802451
0.816201
0.82772
0.836573
0.842505
0.845332
0.845192
0.842739
0.838968
0.834778
0.830398
0.825438
0.819494
0.812782
0.806286
0.801412
0.799262
0.800299
0.804219
0.810002
0.81624
0.821361
0.823939
0.823257
0.819585
0.814219
0.809009
0.805558
0.804607
0.805936
0.808621
0.811598
0.814169
0.816193
0.818093
0.820432
0.823536
0.827086
0.830294
0.832269
0.832448
0.830704
0.827414
0.823014
0.817755
0.811819
0.805841
0.801219
0.800129
0.804556
0.815244
0.831033
0.849149
0.866268
0.879363
0.886267
0.886085
0.879156
0.866905
0.851542
0.835625
0.821589
0.811241
0.805296
0.80324
0.803583
0.804522
0.804651
0.803389
0.800861
0.797479
0.793591
0.789312
0.784856
0.780633
0.777358
0.775979
0.777282
0.781574
0.788492
0.79723
0.806794
0.816264
0.824686
0.830826
0.833264
0.830951
0.823692
0.812476
0.799219
0.786147
0.775174
0.767665
0.764226
0.764762
0.768591
0.774673
0.781975
0.789706
0.797483
0.805238
0.813117
0.821223
0.829422
0.837206
0.84388
0.848817
0.851931
0.853926
0.856164
0.859846
0.865232
0.871343
0.876349
0.878459
0.876665
0.870963
0.862154
0.851243
0.839085
0.826332
0.813453
0.800876
0.789149
0.77889
0.770787
0.765447
0.763233
0.764209
0.768184
0.774892
0.783951
0.79471
0.806011
0.816214
0.823632
0.82699
0.825736
0.820139
0.811227
0.80043
0.789425
0.779899
0.773371
0.770831
0.772415
0.777294
0.784066
0.79135
0.798213
0.804411
0.810273
0.81654
0.824142
0.83358
0.844682
0.856619
0.868424
0.879317
0.888657
0.895613
0.899204
0.898507
0.893008
0.882843
0.868798
0.852165
0.834587
0.817763
0.803325
0.792798
0.787224
0.786774
0.790466
0.796461
0.802818
0.808191
0.812105
0.814781
0.81686
0.818962
0.821157
0.822865
0.823004
0.820572
0.815136
0.807227
0.798282
0.790251
0.785091
0.784402
0.789169
0.799464
0.814094
0.830586
0.845728
0.856669
0.861915
0.86163
0.857286
0.850804
0.843818
0.837258
0.831404
0.826326
0.822026
0.818527
0.815689
0.812994
0.809734
0.80532
0.799622
0.793009
0.786215
0.779951
0.774617
0.770129
0.766102
0.762207
0.75858
0.755926
0.755236
0.757308
0.76255
0.770961
0.782057
0.79505
0.80895
0.822579
0.834712
0.844064
0.849353
0.84951
0.843961
0.832832
0.817098
0.798618
0.780175
0.765038
0.756171
0.755477
0.763359
0.77892
0.800471
0.825876
0.852672
0.87807
0.899288
0.913808
0.919803
0.916416
0.904204
0.885158
0.862375
0.839098
0.817649
0.798991
0.78322
0.770157
0.759822
0.752278
0.747492
0.745265
0.745149
0.746548
0.748853
0.751532
0.754441
0.75788
0.762559
0.76915
0.777717
0.787376
0.796406
0.802838
0.805295
0.803613
0.798865
0.792972
0.78836
0.787605
0.792844
0.80484
0.822398
0.842683
0.862437
0.879135
0.891411
0.899175
0.903173
0.904348
0.903351
0.900231
0.894627
0.886142
0.874649
0.860482
0.844276
0.826842
0.808995
0.791369
0.774544
0.759189
0.746285
0.737217
0.733441
0.735972
0.744872
0.759163
0.777205
0.797037
0.816718
0.834544
0.848908
0.858355
0.861786
0.858684
0.849483
0.83561
0.819384
0.803453
0.790037
0.780285
0.774293
0.771707
0.772343
0.776626
0.785346
0.798944
0.81686
0.837214
0.857154
0.873855
0.885406
0.89135
0.892567
0.890648
0.887199
0.883102
0.878424
0.872759
0.865692
0.857187
0.84756
0.837211
0.826447
0.81553
0.804776
0.794865
0.786895
0.782332
0.782525
0.788411
0.799903
0.81575
0.833729
0.85099
0.864805
0.873058
0.87458
0.869218
0.85761
0.841045
0.821285
0.800415
0.780678
0.76432
0.753292
0.748936
0.751914
0.762037
0.778193
0.798324
