-5.41107
-5.41236
-5.41139
-5.41172
-5.41269
-5.41301
-5.41236
-5.40945
-5.40848
-5.40913
-5.40945
-5.41009
-5.41042
-5.41171
-5.41236
-5.41365
-5.41463
-5.41366
-5.41269
-5.41301
-5.41398
-5.41398
-5.41463
-5.41366
-5.41107
-5.41269
-5.41236
-5.41268
-5.41462
-5.41365
-5.41268
-5.41041
-5.41235
-5.41041
-5.41203
-5.413
-5.413
-5.413
-5.41138
-5.41171
-5.4143
-5.41624
-5.41656
-5.41527
-5.41462
-5.41397
-5.41527
-5.41559
-5.41333
-5.41204
-5.41463
-5.41463
-5.41462
-5.41722
-5.41657
-5.41592
-5.41592
-5.4143
-5.41462
-5.41559
-5.41624
-5.41559
-5.41559
-5.41462
-5.41526
-5.41591
-5.41526
-5.41623
-5.41462
-5.4143
-5.41333
-5.41333
-5.41495
-5.41397
-5.41495
-5.41527
-5.41462
-5.413
-5.41332
-5.41235
-5.41235
-5.41235
-5.41138
-5.41235
-5.41267
-5.41364
-5.413
-5.41527
-5.41494
-5.41365
-5.4143
-5.41527
-5.41398
-5.41495
-5.4143
-5.41268
-5.41139
-5.41236
-5.41332
-5.41494
-5.41397
-5.41203
-5.41429
-5.41494
-5.41526
-5.41527
-5.41624
-5.41624
-5.41624
-5.41624
-5.41527
-5.41592
-5.41722
-5.41884
-5.42046
-5.41851
-5.41949
-5.41787
-5.41755
-5.4169
-5.41852
-5.41657
-5.41884
-5.41949
-5.41819
-5.41722
-5.41657
-5.4156
-5.41528
-5.41463
-5.41431
-5.41431
-5.41463
-5.41398
-5.41431
-5.41431
-5.41529
-5.41561
-5.41497
-5.41594
-5.41529
-5.41529
-5.41432
-5.41238
-5.41108
-5.41075
-5.41075
-5.41075
-5.4114
-5.41107
-5.41237
-5.41204
-5.41269
-5.41366
-5.41464
-5.41561
-5.41626
-5.41691
-5.41788
-5.41691
-5.41529
-5.41627
-5.41659
-5.41627
-5.41594
-5.41691
-5.41561
-5.41431
-5.41334
-5.41432
-5.41464
-5.41399
-5.41496
-5.41626
-5.41691
-5.41691
-5.41755
-5.41788
-5.41885
-5.41885
-5.41983
-5.42047
-5.41983
-5.41918
-5.41626
-5.41756
-5.4182
-5.41594
-5.41529
-5.41464
-5.41431
-5.41204
-5.41237
-5.41172
-5.41172
-5.41108
-5.40946
-5.41011
-5.40914
-5.41044
-5.41076
-5.41303
-5.41335
-5.41303
-5.41464
-5.41561
-5.41399
-5.4156
-5.41366
-5.41172
-5.41107
-5.41269
-5.41334
-5.41302
-5.4127
-5.41108
-5.41108
-5.41011
-5.41238
-5.4127
-5.41302
-5.41173
-5.414
-5.41626
-5.41464
-5.41529
-5.41302
-5.41237
-5.41399
-5.41431
-5.4169
-5.4182
-5.41918
-5.41626
-5.41723
-5.41658
-5.41464
-5.41302
-5.41302
-5.41269
-5.41172
-5.41301
-5.41398
-5.41237
-5.41237
-5.41431
-5.41464
-5.41529
-5.41335
-5.41075
-5.40914
-5.40978
-5.4114
-5.41334
-5.41139
-5.41236
-5.41333
-5.41495
-5.41431
-5.41723
-5.4182
-5.41658
-5.41755
-5.41852
-5.41658
-5.41853
-5.41756
-5.4182
-5.41788
-5.41593
-5.41431
-5.41334
-5.4114
-5.41205
-5.4127
-5.41173
-5.41302
-5.41432
-5.41529
-5.41659
-5.414
-5.41432
-5.41529
-5.41464
-5.41496
-5.41787
-5.41723
-5.41529
-5.41367
-5.414
-5.41497
-5.41367
-5.41367
-5.414
-5.41335
-5.41206
-5.41465
-5.41433
-5.41271
-5.4127
-5.41237
-5.41334
-5.41302
-5.41075
-5.41205
-5.41302
-5.41432
-5.41561
-5.414
-5.41529
-5.41821
-5.41756
-5.4195
-5.41982
-5.4195
-5.42015
-5.41983
-5.41757
-5.41724
-5.41627
-5.41692
-5.41789
-5.41789
-5.41821
-5.41821
-5.4153
-5.41271
-5.41206
-5.41335
-5.41367
-5.41432
-5.41367
-5.41302
-5.41399
-5.41464
-5.41497
-5.41465
-5.414
-5.41336
-5.41206
-5.41141
-5.41206
-5.41238
-5.41594
-5.41627
-5.41724
-5.41497
-5.41335
-5.41044
-5.40947
-5.40979
-5.40979
-5.41173
-5.41497
-5.41626
-5.41528
-5.41367
-5.41367
-5.41464
-5.41529
-5.41562
-5.41692
-5.41756
-5.41594
-5.41627
-5.41497
-5.41594
-5.41528
-5.41463
-5.41592
-5.4156
-5.41593
-5.41496
-5.41496
-5.41529
-5.41561
-5.41625
-5.41722
-5.41495
-5.41333
-5.41463
-5.41333
-5.41366
-5.41431
-5.41593
-5.41236
-5.41301
-5.41204
-5.41042
-5.41204
-5.41075
-5.41269
-5.41269
-5.41496
-5.41431
-5.41529
-5.41464
-5.41432
-5.41399
-5.41593
-5.41561
-5.41658
-5.4169
-5.41625
-5.4169
-5.41658
-5.41529
-5.41691
-5.41658
-5.41561
-5.41593
-5.4127
-5.41172
-5.41237
-5.41108
-5.41237
-5.41496
-5.41496
-5.41302
-5.41334
-5.41302
-5.41496
-5.41205
-5.41334
-5.41399
-5.41334
-5.41334
-5.41561
-5.41464
-5.41302
-5.41367
-5.41497
-5.41723
-5.41626
-5.41626
-5.41755
-5.41787
-5.4182
-5.41917
-5.4182
-5.41723
-5.4169
-5.41625
-5.41787
-5.4182
-5.41626
-5.41529
-5.41691
-5.4182
-5.41788
-5.41529
-5.41464
-5.41367
-5.41237
-5.41172
-5.41172
-5.41237
-5.41334
-5.41464
-5.41464
-5.41335
-5.41464
-5.41464
-5.41464
-5.41334
-5.41334
-5.4114
-5.41107
-5.40978
-5.40816
-5.40849
-5.41043
-5.41075
-5.41464
-5.41658
-5.41723
-5.41756
-5.41821
-5.41788
-5.41691
-5.41594
-5.41399
-5.41594
-5.41561
-5.41432
-5.41367
-5.41011
-5.40785
-5.4085
-5.4072
-5.40979
-5.40979
-5.40979
-5.41173
-5.41173
-5.41205
-5.41303
-5.41367
-5.41335
-5.41561
-5.41496
-5.41399
-5.41561
-5.41561
-5.41626
-5.41659
-5.41691
-5.41496
-5.41594
-5.4182
-5.41852
-5.41852
-5.41949
-5.41593
-5.4169
-5.41366
-5.41204
-5.41399
-5.41269
-5.41367
-5.41334
-5.41496
-5.41172
-5.40881
-5.40881
-5.41043
-5.41204
-5.41269
-5.41269
-5.41269
-5.41334
-5.41301
-5.41204
-5.41334
-5.41366
-5.41366
-5.41334
-5.41496
-5.41658
-5.41658
-5.41723
-5.41723
-5.41885
-5.41658
-5.41496
-5.41399
-5.41463
-5.41527
-5.41398
-5.41528
-5.41528
-5.41495
-5.41431
-5.41399
-5.41561
-5.41561
-5.4169
-5.4156
-5.41398
-5.41269
-5.41301
-5.41527
-5.41366
-5.41625
-5.41528
-5.41657
-5.41689
-5.41722
-5.41819
-5.41883
-5.41851
-5.41689
-5.41559
-5.41592
-5.41689
-5.41527
-5.41592
-5.4143
-5.4143
-5.4156
-5.41495
-5.41495
-5.41625
-5.41851
-5.41592
-5.41462
-5.41333
-5.41365
-5.41268
-5.413
-5.413
-5.41203
-5.41009
-5.41074
-5.4101
-5.41042
-5.41236
-5.41462
-5.413
-5.41332
-5.41591
-5.41818
-5.41851
-5.41754
-5.41722
-5.41787
-5.4169
-5.41658
-5.41431
-5.41528
-5.41431
-5.41463
-5.41333
-5.41657
-5.41625
-5.41495
-5.41495
-5.4143
-5.41397
-5.41235
-5.41138
-5.41008
-5.40976
-5.41073
-5.41009
-5.41106
-5.41074
-5.41203
-5.413
-5.4143
-5.41592
-5.41754
-5.41786
-5.41689
-5.41527
-5.41721
-5.41818
-5.41754
-5.41527
-5.4143
-5.41527
-5.4143
-5.41203
-5.41203
-5.41171
-5.41236
-5.41204
-5.41236
-5.41301
-5.41593
-5.41528
-5.41657
-5.4143
-5.41268
-5.41235
-5.41074
-5.41074
-5.41009
-5.41042
-5.41171
-5.41074
-5.41268
-5.41365
-5.41365
-5.41592
-5.41559
-5.41397
-5.41689
-5.41786
-5.41721
-5.41624
-5.41559
-5.41494
-5.41332
-5.413
-5.41364
-5.41558
-5.41267
-5.413
-5.41332
-5.41333
-5.41398
-5.41365
-5.41462
-5.41624
-5.41624
-5.41721
-5.41559
-5.41559
-5.41461
-5.41267
-5.41105
-5.41106
-5.41332
-5.41365
-5.41235
-5.41462
-5.41559
-5.41689
-5.41818
-5.41721
-5.41915
-5.41785
-5.41785
-5.41624
-5.41624
-5.41656
-5.41559
-5.41624
-5.41365
-5.4143
-5.41495
-5.41592
-5.41495
-5.4156
-5.41301
-5.41203
-5.41365
-5.41235
-5.41041
-5.41203
-5.41171
-5.41106
-5.41171
-5.41268
-5.41236
-5.41236
-5.41365
-5.41333
-5.41462
-5.41527
-5.41689
-5.41592
-5.41333
-5.41236
-5.41009
-5.41333
-5.41236
-5.41333
-5.41365
-5.41754
-5.41625
-5.41754
-5.41689
-5.41527
-5.41495
-5.41559
-5.41527
-5.41397
-5.41333
-5.41592
-5.4143
-5.41365
-5.41397
-5.41333
-5.41365
-5.41462
-5.41559
-5.41689
-5.41657
-5.41754
-5.41948
-5.41819
-5.41786
-5.41656
-5.41689
-5.41624
-5.41494
-5.41494
-5.41558
-5.41493
-5.41429
-5.41558
-5.41396
-5.41526
-5.41526
-5.41494
-5.41559
-5.41558
-5.41429
-5.41429
-5.41364
-5.41461
-5.41299
-5.41785
-5.41947
-5.42109
-5.41979
-5.41915
-5.41753
-5.41882
-5.41818
-5.41882
-5.41785
-5.41493
-5.41396
-5.41428
-5.41299
-5.41299
-5.41364
-5.41137
-5.41202
-5.41138
-5.41138
-5.4117
-5.41397
-5.41526
-5.4172
-5.41655
-5.41396
-5.41364
-5.41364
-5.41396
-5.41202
-5.41169
-5.41234
-5.41299
-5.41363
-5.41396
-5.41363
-5.41558
-5.41558
-5.41526
-5.41591
-5.41591
-5.41494
-5.41494
-5.41688
-5.42011
-5.41947
-5.42108
-5.42432
-5.42302
-5.42141
-5.41914
-5.41914
-5.4185
-5.41785
-5.41817
-5.41461
-5.41428
-5.41493
-5.41687
-5.41525
-5.41331
-5.41331
-5.41234
-5.41331
-5.41234
-5.41299
-5.4159
-5.41688
-5.41688
-5.4172
-5.41655
-5.41591
-5.41332
-5.41332
-5.41138
-5.4117
-5.41623
-5.41752
-5.41688
-5.4159
-5.4159
-5.41525
-5.4146
-5.41557
-5.41299
-5.41137
-5.41202
-5.41267
-5.41494
-5.4185
-5.41656
-5.41624
-5.41397
-5.41268
-5.41235
-5.41105
-5.41008
-5.41008
-5.4117
-5.41234
-5.41299
-5.4117
-5.41332
-5.41526
-5.41623
-5.41688
-5.41753
-5.41688
-5.41559
-5.41656
-5.41624
-5.41656
-5.41721
-5.41753
-5.41688
-5.41785
-5.41688
-5.41624
-5.41429
-5.41429
-5.41332
-5.41267
-5.4117
-5.41137
-5.41202
-5.41234
-5.4104
-5.41299
-5.41688
-5.41623
-5.41688
-5.41947
-5.41753
-5.41915
-5.41785
-5.41558
-5.41753
-5.41688
-5.41818
-5.41883
-5.41721
-5.41526
-5.41591
-5.41526
-5.41397
-5.41429
-5.41526
-5.41461
-5.41429
-5.41364
-5.41396
-5.41429
-5.41656
-5.41591
-5.41397
-5.41753
-5.4185
-5.41688
-5.41915
-5.41915
-5.41786
-5.41624
-5.41688
-5.41591
-5.41462
-5.41203
-5.41365
-5.41397
-5.41462
-5.41429
-5.41526
-5.41721
-5.41591
-5.41689
-5.41722
-5.41851
-5.41722
-5.41495
-5.41527
-5.41851
-5.4185
-5.41818
-5.41656
-5.41559
-5.41526
-5.41494
-5.41364
-5.41364
-5.413
-5.41235
-5.41364
-5.41235
-5.41299
-5.41235
-5.413
-5.41202
-5.41364
-5.41494
-5.41559
-5.41495
-5.41625
-5.41625
-5.41592
-5.41592
-5.41462
-5.41268
-5.413
-5.41073
-5.41203
-5.41041
-5.41267
-5.41461
-5.41753
-5.4185
-5.41721
-5.41689
