1.21406
1.23022
1.24593
1.25958
1.26994
1.27595
1.27634
1.26979
1.2554
1.23334
1.20528
1.17422
1.14409
1.11879
1.10124
1.09249
1.09164
1.09678
1.10637
1.1196
1.13593
1.15443
1.17348
1.19124
1.20628
1.21808
1.22709
1.23441
1.24138
1.24898
1.25771
1.26757
1.27788
1.28762
1.29542
1.29949
1.29834
1.29125
1.27877
1.26273
1.2457
1.23002
1.21728
1.20838
1.20391
1.20442
1.21004
1.21997
1.23221
1.24418
1.25387
1.26075
1.26552
1.26934
1.27314
1.27661
1.27841
1.27664
1.26972
1.25695
1.23885
1.21687
1.19318
1.17053
1.15261
1.14348
1.14584
1.15887
1.17826
1.19864
1.21586
1.22764
1.23298
1.23144
1.22294
1.20787
1.18748
1.16388
1.13983
1.11809
1.10107
1.09044
1.08708
1.09139
1.10317
1.12149
1.14481
1.17125
1.19934
1.22818
1.25722
1.28557
1.31156
1.33292
1.34721
1.35281
1.3494
1.33834
1.32226
1.30416
1.28632
1.26992
1.25541
1.2433
1.23448
1.23004
1.2305
1.23557
1.2442
1.25472
1.26518
1.27393
1.27989
1.28269
1.28248
1.27962
1.27404
1.26547
1.25366
1.23883
1.22176
1.20372
1.18589
1.16912
1.15368
1.13963
1.12722
1.11698
1.10967
1.10596
1.10631
1.11107
1.12123
1.13897
1.16635
1.20272
1.24355
1.28255
1.3146
1.33705
1.3492
1.3516
1.34519
1.33104
1.31025
1.28397
1.25347
1.22056
1.18755
1.15702
1.13159
1.11341
1.10405
1.10414
1.11332
1.13013
1.15242
1.17767
1.20322
1.22628
1.24408
1.25418
1.25481
1.2456
1.22812
1.20614
1.18486
1.16936
1.1625
1.16419
1.17216
1.18389
1.1981
1.21508
1.23581
1.2608
1.28921
1.31858
1.34519
1.36512
1.37531
1.37453
1.36324
1.34295
1.31568
1.28356
1.24881
1.21358
1.18027
1.15169
1.13128
1.12246
1.12743
1.14625
1.17678
1.21542
1.25795
1.29997
1.337
1.36459
1.37923
1.37882
1.36321
1.33419
1.29518
1.25068
1.20556
1.16438
1.13071
1.10683
1.09362
1.09075
1.09698
1.11053
1.12922
1.15052
1.17156
1.18955
1.20242
1.20925
1.21025
1.20649
1.19932
1.19043
1.1817
1.17538
1.17392
1.17937
1.19257
1.21272
1.23732
1.26248
1.28402
1.29834
1.30322
1.2983
1.28506
1.26662
1.2469
1.22996
1.2194
1.21753
1.22487
1.24007
1.26027
1.28183
1.3014
1.31594
1.32311
1.32125
1.3098
1.28966
1.26316
1.23399
1.20648
1.18458
1.17116
1.16737
1.17247
1.18429
1.19976
1.21617
1.23146
1.24407
1.25274
1.25653
1.25495
1.24819
1.23738
1.22437
1.21141
1.20048
1.19296
1.1894
1.18949
1.19219
1.19608
1.19947
1.20051
1.19777
1.19076
1.1806
1.16994
1.16239
1.16133
1.16896
1.18562
1.20968
1.2378
1.26575
1.28988
1.30834
1.3213
1.32976
1.33354
1.33076
1.31903
1.29724
1.26655
1.23056
1.19433
1.16279
1.13916
1.12461
1.11886
1.12081
1.12902
1.14166
1.15694
1.17364
1.1916
1.21149
1.23419
1.25978
1.28704
1.31366
1.337
1.35462
1.3649
1.3671
1.36127
1.34818
1.32878
1.30405
1.27493
1.24218
1.20677
1.1702
1.1347
1.1032
1.07904
1.06532
1.06414
1.07599
1.09936
1.131
1.16671
1.20242
1.23479
1.26187
1.28282
1.29763
1.30671
1.31051
1.30945
1.30404
1.29521
1.2839
1.27058
1.25489
1.23619
1.2148
1.19272
1.17339
1.16093
1.15885
1.16879
1.18971
1.21813
1.24918
1.27798
1.30031
1.31301
1.31414
1.30329
1.28193
1.25378
1.22452
1.20056
1.18697
1.18517
1.19235
1.20288
1.21096
1.21268
1.20709
1.19608
1.18321
1.17237
1.16651
1.1671
1.17411
1.18647
1.20248
1.2204
1.23878
1.25648
1.27274
1.28686
1.29821
1.30645
1.31184
1.31525
1.31765
1.31934
1.31945
1.31605
1.30702
1.29128
1.26956
1.24439
1.21971
1.19981
1.18768
1.18381
1.18618
1.19151
1.19657
1.19895
1.19754
1.19266
1.18571
1.17831
1.17149
1.16574
1.16093
1.15673
1.15288
1.14936
1.14645
1.14447
1.1439
1.14533
1.14941
1.15664
1.16701
1.17975
1.19331
1.20565
1.21457
1.21837
1.21631
1.20886
1.19762
1.18513
1.17392
1.16588
1.16166
1.16083
1.16262
1.16662
1.17331
1.18391
1.19961
1.2207
1.24591
1.27259
1.29736
1.31701
1.32905
1.33209
1.32613
1.31254
1.29425
1.27497
1.25844
1.24723
1.24165
1.24008
1.23954
1.23708
1.23048
1.21889
1.20293
1.18478
1.16753
1.15477
1.14939
1.15278
1.16445
1.18237
1.20367
1.2256
1.2461
1.26372
1.27752
1.28676
1.2907
1.28865
1.28037
1.26654
1.249
1.23099
1.21654
1.20904
1.2091
1.21412
1.21981
1.22244
1.22018
1.21336
1.20368
1.19334
1.18412
1.17684
1.17165
1.16865
1.16832
1.17165
1.17969
1.19324
1.21233
1.23564
1.26046
1.28367
1.30285
1.31646
1.32374
1.32443
1.31876
1.30761
1.29268
1.27641
1.26151
1.25064
1.24547
1.24605
1.25092
1.2577
1.26385
1.26722
1.26634
1.26047
1.24958
1.2344
1.21631
1.19702
1.17824
1.16166
1.14894
1.14189
1.14198
1.1495
1.16312
1.18022
1.19808
1.21479
1.22936
1.24123
1.24975
1.2539
1.25254
1.24464
1.23012
1.21047
1.18913
1.17085
1.15989
1.15828
1.16548
1.17939
1.19743
1.21679
1.23474
1.24896
1.25802
1.26147
1.25991
1.25468
1.24771
1.24124
1.23719
1.23643
1.23845
1.24164
1.24414
1.24455
1.24241
1.23823
1.23301
1.22774
1.22288
1.21834
1.21397
1.20999
1.20713
1.2061
1.20699
1.20893
1.21024
1.2088
1.20292
1.19199
1.17679
1.15944
1.14287
1.13005
1.12322
1.12312
1.1289
1.13832
1.14855
1.15687
1.16147
1.16155
1.15777
1.15226
1.14833
1.14989
1.16064
1.18287
1.21653
1.25901
1.30577
1.35156
1.39152
1.42204
1.44106
1.44778
1.44247
1.42616
1.40059
1.36797
1.33072
1.29123
1.25162
1.21381
1.17932
1.14949
1.12577
1.10975
1.10267
1.10509
1.11632
1.13446
1.15683
1.18067
1.20368
1.2243
1.24158
1.25486
1.26376
1.268
1.26779
1.26411
1.25845
1.25217
1.2456
1.23816
1.22924
1.21917
1.20943
1.20212
1.19889
1.20045
1.20633
1.215
1.22436
1.23204
1.23591
1.23489
1.22938
1.22133
1.21351
1.20834
1.20691
1.2089
1.21293
1.2174
1.22125
1.22429
1.22714
1.23065
1.2353
1.24063
1.24544
1.2484
1.24867
1.24606
1.24112
1.23452
1.22663
1.21773
1.20876
1.20183
1.20019
1.20683
1.22287
1.24655
1.27372
1.2994
1.31904
1.3294
1.32913
1.31873
1.30036
1.27731
1.25344
1.23238
1.21686
1.20794
1.20486
1.20537
1.20678
1.20698
1.20508
1.20129
1.19622
1.19039
1.18397
1.17728
1.17095
1.16604
1.16397
1.16592
1.17236
1.18274
1.19584
1.21019
1.2244
1.23703
1.24624
1.2499
1.24643
1.23554
1.21871
1.19883
1.17922
1.16276
1.1515
1.14634
1.14714
1.15289
1.16201
1.17296
1.18456
1.19622
1.20786
1.21968
1.23183
1.24413
1.25581
1.26582
1.27323
1.2779
1.28089
1.28425
1.28977
1.29785
1.30702
1.31452
1.31769
1.315
1.30644
1.29323
1.27686
1.25863
1.2395
1.22018
1.20131
1.18372
1.16833
1.15618
1.14817
1.14485
1.14631
1.15228
1.16234
1.17593
1.19206
1.20902
1.22432
1.23545
1.24048
1.2386
1.23021
1.21684
1.20065
1.18414
1.16985
1.16006
1.15625
1.15862
1.16594
1.1761
1.18702
1.19732
1.20662
1.21541
1.22481
1.23621
1.25037
1.26702
1.28493
1.30264
1.31898
1.33299
1.34342
1.34881
1.34776
1.33951
1.32427
1.3032
1.27825
1.25188
1.22664
1.20499
1.1892
1.18084
1.18016
1.1857
1.19469
1.20423
1.21229
1.21816
1.22217
1.22529
1.22844
1.23173
1.2343
1.23451
1.23086
1.2227
1.21084
1.19742
1.18538
1.17764
1.1766
1.18375
1.1992
1.22114
1.24588
1.26859
1.285
1.29287
1.29244
1.28593
1.27621
1.26573
1.25589
1.24711
1.23949
1.23304
1.22779
1.22353
1.21949
1.2146
1.20798
1.19943
1.18951
1.17932
1.16993
1.16192
1.15519
1.14915
1.14331
1.13787
1.13389
1.13285
1.13596
1.14382
1.15644
1.17309
1.19257
1.21342
1.23387
1.25207
1.2661
1.27403
1.27427
1.26594
1.24925
1.22565
1.19793
1.17026
1.14756
1.13426
1.13322
1.14504
1.16838
1.20071
1.23881
1.27901
1.31711
1.34893
1.37071
1.37971
1.37462
1.35631
1.32774
1.29356
1.25865
1.22647
1.19849
1.17483
1.15524
1.13973
1.12842
1.12124
1.1179
1.11772
1.11982
1.12328
1.1273
1.13166
1.13682
1.14384
1.15373
1.16658
1.18106
1.19461
1.20426
1.20794
1.20542
1.1983
1.18946
1.18254
1.18141
1.18927
1.20726
1.2336
1.26403
1.29365
1.3187
1.33712
1.34876
1.35476
1.35652
1.35503
1.35035
1.34194
1.32921
1.31197
1.29072
1.26641
1.24026
1.21349
1.18705
1.16182
1.13878
1.11943
1.10583
1.10016
1.10396
1.11731
1.13874
1.16581
1.19555
1.22508
1.25182
1.27336
1.28753
1.29268
1.28803
1.27422
1.25341
1.22908
1.20518
1.18505
1.17043
1.16144
1.15756
1.15851
1.16494
1.17802
1.19842
1.22529
1.25582
1.28573
1.31078
1.32811
1.33702
1.33885
1.33597
1.3308
1.32465
1.31764
1.30914
1.29854
1.28578
1.27134
1.25582
1.23967
1.22329
1.20716
1.1923
1.18034
1.1735
1.17379
1.18262
1.19985
1.22363
1.25059
1.27649
1.29721
1.30959
1.31187
1.30383
1.28641
1.26157
1.23193
1.20062
1.17102
1.14648
1.12994
1.1234
1.12787
1.14305
1.16729
1.19749
