          49           0           0           0           0
          49   0.0230664           0           0           0
          49   0.0461329           0           0           0
          49   0.0691993           0           0           0
          49   0.0922657           0           0           0
          49    0.115332           0           0           0
          49    0.138399           0           0           0
          49    0.161465           0           0           0
          49    0.184531           0           0           0
          49    0.207598           0           0           0
          49    0.230664           0           0           0
          49    0.253731           0           0           0
          49    0.276797           0           0           0
          49    0.299864           0           0           0
          49     0.32293           0           0           0
          49    0.345996           0           0           0
          49    0.369063           0           0           0
          49    0.392129           0           0           0
          49    0.415196           0           0           0
          49    0.438262           0           0           0
          49    0.461329           0           0           0
          49    0.484395           0           0           0
          49    0.507461           0           0           0
          49    0.530528           0           0           0
          49    0.553594           0           0           0
          49    0.576661           0           0           0
          49    0.599727           0           0           0
          49    0.622794           0           0           0
          49     0.64586           0           0           0
          49    0.668926           0           0           0
          49    0.691993           0           0           0
          49    0.715059           0           0           0
          49    0.738126           0           0           0
          49    0.761192           0           0           0
          49    0.784259           0           0           0
          49    0.807325           0           0           0
          49    0.830391           0           0           0
          49    0.853458           0           0           0
          49    0.876524           0           0           0
          49    0.899591   0.0104939  0.00292687  0.00069442
          49    0.922657   0.0432558   0.0428483  0.00294881
          49    0.945724    0.237671    0.282942  0.00695707
          49     0.96879     1.03338     1.01118   0.0146947
          49    0.991856     2.04206     2.24561   0.0194032
          49     1.01492      3.6408     3.66848   0.0271859
          49     1.03799     4.43687     4.59171   0.0317413
          49     1.06106      5.2956     4.86887   0.0244124
          49     1.08412     4.62264     4.50549   0.0295731
          49     1.10719     3.73327     3.65221   0.0249437
          49     1.13026     2.61725     2.67944   0.0246273
          49     1.15332     1.90684     1.84189   0.0220035
          49     1.17639     1.03919     1.14397   0.0131606
          49     1.19945    0.629692    0.654141   0.0113635
          49     1.22252    0.308907    0.348483  0.00916773
          49     1.24559    0.121275      0.1707  0.00595882
          49     1.26865    0.108085   0.0914508  0.00447761
          49     1.29172   0.0222263   0.0491282  0.00407994
          49     1.31479   0.0198092   0.0370581  0.00338644
          49     1.33785    0.100473   0.0634671  0.00430398
          49     1.36092   0.0971245    0.114712  0.00508912
          49     1.38399    0.201301    0.192354  0.00636367
          49     1.40705    0.321794    0.314638  0.00699125
          49     1.43012    0.475053    0.461252  0.00915206
          49     1.45319    0.565786    0.620205  0.00921896
          49     1.47625    0.739918      0.7804   0.0104523
          49     1.49932     1.00882    0.908607   0.0122688
          49     1.52238     1.01203    0.964203    0.011088
          49     1.54545    0.963104    0.923182   0.0104925
          49     1.56852    0.710698    0.812582  0.00907071
          49     1.59158    0.642936    0.649577  0.00712938
          49     1.61465    0.453521    0.450607  0.00663069
          49     1.63772    0.336298    0.315882  0.00627355
          49     1.66078    0.199366     0.21581  0.00617263
          49     1.68385    0.204081    0.199462  0.00619564
          49     1.70692    0.220273    0.264966  0.00846134
          49     1.72998    0.314055    0.445602   0.0085367
          49     1.75305     0.71252    0.754126     0.01044
          49     1.77612     1.21948     1.21284   0.0105002
          49     1.79918     1.64209      1.7329   0.0115009
          49     1.82225     2.15372     2.22074   0.0121702
          49     1.84531     2.65979     2.58218   0.0182023
          49     1.86838     2.98194     2.70582   0.0185623
          49     1.89145     2.79141     2.55316   0.0183781
          49     1.91451     2.26231     2.18234   0.0124131
          49     1.93758     1.58993     1.68782   0.0131881
          49     1.96065      1.1341     1.18612  0.00899211
          49     1.98371    0.744039    0.801561  0.00901728
          49     2.00678    0.542496    0.552549  0.00826131
          49     2.02985    0.362364    0.452699   0.0077038
          49     2.05291    0.424493    0.471271  0.00857477
          49     2.07598    0.613749     0.58353  0.00697981
          49     2.09905    0.702756    0.747805  0.00545568
          49     2.12211    0.879011     0.90933  0.00557202
          49     2.14518     1.06696     1.01525   0.0063817
          49     2.16824    0.989491     1.00316  0.00789527
          49     2.19131    0.992815    0.921784  0.00786907
          49     2.21438    0.829336    0.793871  0.00571623
          49     2.23744    0.641891    0.667997  0.00693422
          49     2.26051     0.57267    0.578685  0.00727437
          49     2.28358     0.55846    0.573356  0.00845743
