-6.62513
-6.64258
-6.65732
-6.6713
-6.68263
-6.68896
-6.68871
-6.67924
-6.66388
-6.64246
-6.61473
-6.58431
-6.5545
-6.5305
-6.51359
-6.50615
-6.50626
-6.51043
-6.51905
-6.53261
-6.54991
-6.56841
-6.5881
-6.6049
-6.61735
-6.63076
-6.63945
-6.6471
-6.656
-6.66263
-6.67039
-6.67799
-6.69023
-6.69804
-6.70745
-6.71249
-6.71134
-6.70425
-6.69015
-6.67444
-6.65999
-6.64626
-6.63384
-6.62364
-6.61854
-6.61839
-6.6253
-6.63557
-6.64554
-6.65621
-6.6685
-6.67537
-6.68014
-6.68656
-6.68971
-6.69253
-6.69433
-6.69094
-6.68434
-6.67254
-6.65509
-6.63246
-6.60877
-6.58514
-6.56787
-6.55939
-6.5611
-6.5751
-6.59288
-6.61293
-6.62919
-6.64097
-6.64793
-6.64542
-6.63788
-6.62314
-6.6021
-6.57688
-6.55315
-6.53044
-6.51342
-6.50279
-6.49846
-6.50374
-6.51584
-6.53514
-6.55781
-6.58651
-6.61429
-6.64183
-6.67152
-6.70083
-6.72554
-6.74786
-6.76151
-6.7655
-6.76078
-6.75069
-6.73558
-6.7191
-6.70029
-6.68195
-6.6697
-6.65824
-6.64974
-6.64531
-6.64673
-6.6518
-6.66044
-6.67096
-6.68045
-6.68985
-6.69711
-6.70152
-6.70294
-6.69814
-6.69353
-6.68334
-6.67121
-6.65572
-6.64028
-6.62029
-6.60473
-6.58861
-6.57187
-6.55686
-6.5438
-6.53258
-6.52495
-6.52059
-6.52062
-6.52538
-6.53586
-6.55296
-6.58066
-6.61703
-6.65883
-6.69816
-6.72957
-6.75299
-6.7645
-6.76689
-6.75951
-6.74342
-6.72132
-6.69472
-6.66422
-6.63131
-6.59895
-6.5681
-6.54396
-6.52546
-6.51675
-6.51781
-6.52795
-6.54574
-6.56868
-6.59458
-6.6211
-6.64319
-6.65938
-6.67044
-6.6714
-6.66186
-6.64406
-6.62305
-6.60047
-6.58367
-6.57584
-6.5785
-6.5868
-6.59788
-6.61306
-6.63133
-6.65271
-6.6777
-6.70677
-6.73646
-6.76404
-6.78397
-6.79514
-6.79501
-6.78306
-6.76213
-6.73194
-6.70112
-6.66702
-6.62952
-6.59556
-6.56633
-6.54559
-6.5345
-6.5398
-6.55797
-6.5885
-6.62649
-6.66741
-6.71009
-6.74614
-6.77503
-6.78999
-6.79185
-6.77657
-6.74722
-6.70982
-6.66629
-6.61955
-6.57998
-6.54437
-6.51854
-6.50469
-6.50344
-6.51032
-6.52355
-6.54192
-6.5616
-6.58264
-6.59967
-6.6148
-6.62195
-6.62328
-6.61822
-6.61331
-6.60669
-6.59634
-6.59067
-6.58694
-6.59174
-6.60656
-6.62703
-6.65423
-6.68068
-6.7032
-6.7146
-6.72046
-6.71488
-6.6997
-6.67964
-6.65991
-6.64265
-6.63111
-6.63054
-6.63885
-6.65244
-6.67264
-6.69615
-6.71604
-6.73123
-6.73645
-6.73201
-6.71893
-6.69944
-6.67456
-6.64733
-6.61787
-6.59694
-6.5845
-6.58232
-6.58678
-6.60152
-6.61796
-6.63275
-6.64902
-6.66259
-6.66932
-6.67506
-6.67251
-6.66639
-6.65526
-6.64031
-6.62573
-6.61383
-6.60436
-6.60145
-6.60219
-6.60392
-6.60911
-6.61379
-6.6158
-6.61435
-6.60475
-6.59492
-6.58523
-6.57703
-6.57629
-6.58683
-6.60285
-6.62497
-6.65147
-6.67975
-6.70485
-6.72202
-6.73497
-6.74376
-6.74689
-6.74282
-6.73368
-6.71156
-6.67926
-6.64326
-6.60671
-6.57614
-6.55218
-6.53537
-6.53091
-6.53384
-6.54334
-6.55727
-6.57094
-6.58894
-6.6098
-6.62905
-6.65369
-6.6796
-6.70654
-6.73381
-6.75683
-6.77219
-6.78215
-6.78337
-6.77819
-6.76607
-6.74667
-6.72227
-6.69314
-6.65748
-6.61948
-6.58226
-6.54805
-6.51688
-6.49336
-6.47898
-6.47716
-6.48998
-6.514
-6.54596
-6.58136
-6.61642
-6.64815
-6.67393
-6.69423
-6.70969
-6.71909
-6.72646
-6.72572
-6.72128
-6.71018
-6.69725
-6.68102
-6.66436
-6.64598
-6.62459
-6.60445
-6.58835
-6.57719
-6.57413
-6.58246
-6.60337
-6.63277
-6.66447
-6.6936
-6.71723
-6.73058
-6.73008
-6.71955
-6.6969
-6.66972
-6.6398
-6.61519
-6.6029
-6.60078
-6.60828
-6.61785
-6.62592
-6.62797
-6.6227
-6.61233
-6.60043
-6.58732
-6.57985
-6.58173
-6.58744
-6.60013
-6.61678
-6.63633
-6.65114
-6.66949
-6.68478
-6.69728
-6.71026
-6.7172
-6.72454
-6.72794
-6.7326
-6.73365
-6.73473
-6.73069
-6.72134
-6.70528
-6.6855
-6.65999
-6.63628
-6.6167
-6.60394
-6.60071
-6.60276
-6.6068
-6.61347
-6.61554
-6.61315
-6.60859
-6.59841
-6.59003
-6.58386
-6.57682
-6.5733
-6.57169
-6.56784
-6.56238
-6.55979
-6.55749
-6.55886
-6.55737
-6.56275
-6.57062
-6.58035
-6.5931
-6.60892
-6.62029
-6.62759
-6.63204
-6.63128
-6.62609
-6.61388
-6.60138
-6.59147
-6.58375
-6.57986
-6.58
-6.58081
-6.58385
-6.59021
-6.60016
-6.61749
-6.6389
-6.66217
-6.68787
-6.71426
-6.73521
-6.74693
-6.74738
-6.74077
-6.72621
-6.70662
-6.6867
-6.67016
-6.65959
-6.65499
-6.65472
-6.65418
-6.65042
-6.64512
-6.63353
-6.61757
-6.59812
-6.58087
-6.56617
-6.56047
-6.56255
-6.57261
-6.59086
-6.6141
-6.63636
-6.66074
-6.6803
-6.69475
-6.70432
-6.70891
-6.70653
-6.69729
-6.68248
-6.663
-6.64693
-6.63215
-6.62336
-6.62277
-6.62424
-6.62765
-6.63093
-6.62738
-6.62315
-6.61347
-6.60313
-6.59585
-6.58857
-6.58371
-6.58167
-6.582
-6.585
-6.5953
-6.6082
-6.62633
-6.65125
-6.67607
-6.69993
-6.71943
-6.73337
-6.7387
-6.74036
-6.73696
-6.72613
-6.7112
-6.6959
-6.67744
-6.66754
-6.65913
-6.6581
-6.6649
-6.6704
-6.67751
-6.68056
-6.6813
-6.6722
-6.65838
-6.6432
-6.62674
-6.60907
-6.59093
-6.57435
-6.56163
-6.55523
-6.555
-6.56154
-6.57645
-6.59388
-6.61175
-6.62813
-6.64432
-6.6578
-6.66633
-6.67112
-6.66976
-6.66348
-6.6467
-6.62543
-6.60312
-6.58548
-6.57517
-6.57226
-6.58076
-6.59467
-6.61238
-6.6311
-6.64872
-6.66456
-6.67363
-6.67837
-6.67551
-6.66866
-6.6604
-6.65425
-6.65246
-6.65009
-6.6547
-6.65692
-6.66071
-6.66144
-6.65962
-6.65642
-6.65184
-6.64625
-6.63977
-6.63393
-6.62989
-6.62688
-6.6224
-6.62202
-6.62129
-6.62323
-6.62584
-6.62375
-6.61787
-6.60823
-6.59531
-6.57536
-6.55749
-6.54337
-6.53687
-6.53579
-6.5419
-6.55133
-6.56058
-6.56697
-6.57222
-6.57164
-6.56819
-6.56461
-6.56295
-6.56289
-6.57396
-6.59879
-6.63471
-6.67752
-6.72332
-6.76878
-6.80939
-6.83894
-6.85763
-6.86209
-6.85775
-6.84046
-6.81522
-6.78131
-6.74729
-6.70747
-6.66657
-6.62876
-6.59361
-6.56346
-6.53812
-6.52113
-6.51276
-6.51485
-6.52705
-6.54454
-6.56789
-6.59141
-6.61571
-6.63731
-6.65588
-6.67078
-6.6813
-6.68586
-6.68468
-6.67938
-6.67566
-6.67035
-6.66313
-6.65343
-6.64354
-6.63444
-6.62373
-6.61415
-6.61093
-6.61216
-6.61869
-6.62704
-6.63672
-6.64505
-6.65183
-6.65016
-6.64595
-6.63563
-6.62619
-6.62069
-6.61765
-6.61964
-6.62302
-6.62781
-6.63297
-6.63503
-6.63982
-6.6443
-6.64895
-6.65655
-6.66103
-6.66238
-6.66556
-6.66392
-6.65833
-6.65076
-6.64222
-6.63267
-6.62208
-6.61483
-6.61384
-6.62242
-6.63554
-6.65955
-6.68705
-6.71273
-6.73302
-6.74305
-6.74375
-6.73498
-6.7166
-6.69452
-6.66903
-6.64797
-6.63148
-6.62061
-6.61591
-6.61643
-6.62011
-6.62062
-6.61744
-6.61591
-6.61181
-6.60727
-6.60215
-6.59449
-6.5901
-6.58389
-6.58182
-6.58216
-6.5886
-6.5993
-6.61143
-6.62643
-6.63804
-6.65133
-6.66119
-6.66582
-6.66138
-6.65113
-6.63172
-6.61086
-6.59287
-6.57512
-6.56191
-6.55837
-6.55885
-6.56395
-6.57372
-6.58564
-6.59692
-6.60858
-6.62151
-6.633
-6.64646
-6.6594
-6.6727
-6.68174
-6.68656
-6.69026
-6.69098
-6.69757
-6.70212
-6.71117
-6.72067
-6.73206
-6.73393
-6.73254
-6.72334
-6.7085
-6.69181
-6.67422
-6.65477
-6.63415
-6.61464
-6.59964
-6.58263
-6.56983
-6.56214
-6.55818
-6.55996
-6.5669
-6.57793
-6.59281
-6.60863
-6.62655
-6.6438
-6.65364
-6.65835
-6.65517
-6.64709
-6.63308
-6.61559
-6.59908
-6.58543
-6.57499
-6.57053
-6.57421
-6.5799
-6.59136
-6.60229
-6.61226
-6.6222
-6.63099
-6.6391
-6.6505
-6.66401
-6.68163
-6.69792
-6.72049
-6.73845
-6.75407
-6.76321
-6.76795
-6.76529
-6.75833
-6.74244
-6.72202
-6.6961
-6.66681
-6.6406
-6.61927
-6.60219
-6.59382
-6.5938
-6.59707
-6.60671
-6.6156
-6.62366
-6.62986
-6.63614
-6.64055
-6.64564
-6.64829
-6.64826
-6.64815
-6.6445
-6.63667
-6.62286
-6.60912
-6.59772
-6.59062
-6.59023
-6.59771
-6.61283
-6.63672
-6.66146
-6.68385
-6.70091
-6.70878
-6.70738
-6.70086
-6.69308
-6.68584
-6.67535
-6.66819
-6.66381
-6.65606
-6.6492
-6.64267
-6.63863
-6.6331
-6.62583
-6.6176
-6.60412
-6.59361
-6.58486
-6.5788
-6.57045
-6.56246
-6.55662
-6.55021
-6.5472
-6.5452
-6.54895
-6.55973
-6.57332
-6.58996
-6.60977
-6.62998
-6.64978
-6.66538
-6.67941
-6.68541
-6.68597
-6.68217
-6.66677
-6.64253
-6.61383
-6.58616
-6.56281
-6.54886
-6.54879
-6.55802
-6.57975
-6.61272
-6.65148
-6.69394
-6.73561
-6.76549
-6.78695
-6.79368
-6.7873
-6.76866
-6.73879
-6.70364
-6.66873
-6.63817
-6.61083
-6.58782
-6.56693
-6.55305
-6.54367
-6.53747
-6.53478
-6.53525
-6.5367
-6.53887
-6.54386
-6.5479
-6.55338
-6.56104
-6.57125
-6.58346
-6.59892
-6.61149
-6.62049
-6.62224
-6.61971
-6.61162
-6.60213
-6.59424
-6.59278
-6.60128
-6.6196
-6.644
-6.67702
-6.71054
-6.73494
-6.754
-6.76824
-6.77229
-6.77567
-6.77288
-6.76593
-6.75947
-6.74609
-6.73015
-6.70955
-6.68362
-6.65553
-6.6294
-6.60232
-6.57578
-6.55307
-6.53469
-6.52044
-6.51445
-6.5176
-6.53127
-6.55303
-6.58236
-6.61146
-6.63904
-6.66935
-6.69187
-6.70442
-6.71183
-6.70718
-6.69208
-6.66965
-6.64596
-6.62109
-6.59967
-6.58245
-6.57508
-6.57153
-6.57313
-6.57923
-6.59328
-6.61562
-6.6412
-6.67271
-6.70295
-6.72929
-6.74533
-6.75197
-6.75412
-6.75448
-6.7493
-6.74283
-6.73419
-6.72472
-6.7138
-6.70072
-6.68498
-6.66946
-6.65267
-6.63564
-6.62081
-6.60464
-6.59334
-6.58584
-6.58678
-6.59464
-6.6135
-6.63857
-6.66619
-6.69143
-6.71345
-6.72583
-6.72779
-6.71975
-6.70104
-6.67425
-6.64493
-6.61136
-6.58304
-6.55689
-6.54261
-6.53802
-6.5454
-6.56156
-6.5845
-6.61437
