-8.71336
-8.43329
-8.24149
-8.1915
-8.10591
-8.07354
-7.97762
-7.98518
-7.9138
-7.87205
-7.83368
-7.82857
-7.8677
-7.87358
-7.88791
-7.86259
-7.75572
-7.72466
-7.62703
-7.65443
-7.47339
-7.53205
-7.506
-7.58152
-7.67642
-7.72772
-7.63544
-7.63136
-7.6342
-7.63677
-7.64918
-7.61708
-7.64169
-7.68654
-7.67813
-7.64139
-7.59948
-7.61842
-7.65796
-7.67656
-7.73837
-7.70002
-7.5903
-7.50883
-7.54947
-7.63685
-7.6698
-7.60479
-7.64701
-7.66377
-7.603
-7.58016
-7.61591
-7.6097
-7.58096
-7.65079
-7.68516
-7.7777
-7.77325
-7.79858
-7.69047
-7.7318
-7.72345
-7.68945
-7.70205
-7.65502
-7.62131
-7.60428
-7.60589
-7.69576
-7.65808
-7.67194
-7.61871
-7.56882
-7.62205
-7.65691
-7.57064
-7.54588
-7.68166
-7.78937
-7.80273
-7.76307
-7.71299
-7.74751
-7.70425
-7.65296
-7.59429
-7.63209
-7.66365
-7.61402
-7.61002
-7.60418
-7.60056
-7.61738
-7.62989
-7.60817
-7.59572
-7.53486
-7.56497
-7.5703
-7.55248
-7.54707
-7.5115
-7.48237
-7.49845
-7.50579
-7.4988
-7.47699
-7.48899
-7.51143
-7.51173
-7.52751
-7.54707
-7.56543
-7.53525
-7.56842
-7.58752
-7.57019
-7.50884
-7.51548
-7.55143
-7.45995
-7.4689
-7.45695
-7.45913
-7.50758
-7.5694
-7.6335
-7.59422
-7.56511
-7.66434
-7.5968
-7.61528
-7.61687
-7.61516
-7.50938
-7.56354
-7.6038
-7.59437
-7.58058
-7.54709
-7.58387
-7.5811
-7.53336
-7.59564
-7.53458
-7.46357
-7.46075
-7.46086
-7.53513
-7.52515
-7.47488
-7.46229
-7.50521
-7.51831
-7.54686
-7.57346
-7.48348
-7.53949
-7.41306
-7.40697
-7.47626
-7.49154
-7.48027
-7.55121
-7.51204
-7.505
-7.46487
-7.45535
-7.5216
-7.51088
-7.52046
-7.45904
-7.52712
-7.52547
-7.61657
-7.56127
-7.51419
-7.52767
-7.53353
-7.5665
-7.59441
-7.66794
-7.66107
-7.46037
-7.53106
-7.49189
-7.4376
-7.43966
-7.44442
-7.42904
-7.40918
-7.42657
-7.44674
-7.57462
-7.52886
-7.65105
-7.56233
-7.65024
-7.65204
-7.58397
-7.63151
-7.61891
-7.62414
-7.66105
-7.68685
-7.59982
-7.58828
-7.53636
-7.58883
-7.61952
-7.67922
-7.58722
-7.59181
-7.49895
-7.38757
-7.43817
-7.51782
-7.53407
-7.59314
-7.61635
-7.59325
-7.64302
-7.59743
-7.6138
-7.67211
-7.67369
-7.66566
-7.61238
-7.65657
-7.63626
-7.67114
-7.65733
-7.64783
-7.69856
-7.68861
-7.73984
-7.71088
-7.66148
-7.53991
-7.50133
-7.63746
-7.61705
-7.63432
-7.61754
-7.53325
-7.50575
-7.43917
-7.50159
-7.43365
-7.48381
-7.3885
-7.4688
-7.55596
-7.63241
-7.67465
-7.6648
-7.67836
-7.64892
-7.65701
-7.70916
-7.77473
-7.7902
-7.77641
-7.72463
-7.67489
-7.608
-7.5733
-7.56252
-7.62956
-7.59904
-7.45095
-7.48756
-7.50138
-7.52695
-7.50092
-7.47727
-7.49565
-7.5265
-7.40633
-7.40121
-7.45065
-7.49022
-7.48921
-7.52506
-7.67035
-7.6155
-7.56708
-7.50796
-7.50379
-7.49846
-7.56014
-7.64171
-7.62193
-7.57686
-7.55722
-7.54494
-7.59832
-7.59114
-7.57794
-7.54488
-7.53683
-7.56913
-7.58334
-7.45262
-7.4676
-7.53
-7.504
-7.39391
-7.34213
-7.39638
-7.34838
-7.36937
-7.44432
-7.43934
-7.41671
-7.49415
-7.47736
-7.52974
-7.55464
-7.60174
-7.54118
-7.55309
-7.48412
-7.49601
-7.48271
-7.45653
-7.45576
-7.48335
-7.52842
-7.47448
-7.54014
-7.50945
-7.52192
-7.51042
-7.47662
-7.43243
-7.43446
-7.49513
-7.48842
-7.52717
-7.61171
-7.57679
-7.68051
-7.62809
-7.62548
-7.64191
-7.55864
-7.50137
-7.61305
-7.65692
-7.63815
-7.62689
-7.601
-7.56089
-7.51991
-7.54228
-7.5594
-7.6256
-7.6169
-7.67221
-7.69433
-7.58524
-7.68299
-7.71614
-7.72386
-7.66031
-7.589
-7.64485
-7.59129
-7.51045
-7.54154
-7.55243
-7.56987
-7.61072
-7.56763
-7.61732
-7.70573
-7.72534
-7.72723
-7.67423
-7.66057
-7.70995
-7.69678
-7.64513
-7.7005
-7.69731
-7.63642
-7.60081
-7.62709
-7.55512
-7.55009
-7.49838
-7.44709
-7.4576
-7.41058
-7.44808
-7.51778
-7.59978
-7.59566
-7.55213
-7.5567
-7.51669
-7.50209
-7.51257
-7.55788
-7.60109
-7.59587
-7.54143
-7.54636
-7.60528
-7.62148
-7.60005
-7.61873
-7.59815
-7.60406
-7.60875
-7.55486
-7.59001
-7.54916
-7.57674
-7.63269
-7.74435
-7.62659
-7.57415
-7.64684
-7.5786
-7.47659
-7.50628
-7.494
-7.52056
-7.52184
-7.48902
-7.48274
-7.41164
-7.52811
-7.53348
-7.45361
-7.43842
-7.43376
-7.42991
-7.47665
-7.51575
-7.60404
-7.59768
-7.5597
-7.57066
-7.50926
-7.55296
-7.52169
-7.52222
-7.50263
-7.50718
-7.46163
-7.44379
-7.44393
-7.46522
-7.47441
-7.3629
-7.43728
-7.45935
-7.43874
-7.47597
-7.49819
-7.54428
-7.57428
-7.61119
-7.63033
-7.67726
-7.70712
-7.7663
-7.69165
-7.66367
-7.57971
-7.56322
-7.62056
-7.60327
-7.55342
-7.59371
-7.60147
-7.50877
-7.4911
-7.54559
-7.56923
-7.54431
-7.58038
-7.64018
-7.52292
-7.53962
-7.52248
-7.52982
-7.5657
-7.50723
-7.48604
-7.48404
-7.54305
-7.54668
-7.62222
-7.64863
-7.6659
-7.61013
-7.59146
-7.62797
-7.74842
-7.67157
-7.72041
-7.73335
-7.68786
-7.7177
-7.68752
-7.74659
-7.73461
-7.65068
-7.64265
-7.66016
-7.60427
-7.67185
-7.57324
-7.66508
-7.62675
-7.67686
-7.64472
-7.57518
-7.56356
-7.60247
-7.57678
-7.58753
-7.61998
-7.68559
-7.70738
-7.72718
-7.68519
-7.66561
-7.55583
-7.5931
-7.60329
-7.57472
-7.67653
-7.65537
-7.66115
-7.67847
-7.65048
-7.61325
-7.63649
-7.61725
-7.70366
-7.67661
-7.6894
-7.63796
-7.5983
-7.57714
-7.60487
-7.5034
-7.43673
-7.41757
-7.4595
-7.44972
-7.52047
-7.63016
-7.55045
-7.55055
-7.51307
-7.57641
-7.56621
-7.50368
-7.51188
-7.51203
-7.45043
-7.4854
-7.4845
-7.49022
-7.52542
-7.5345
-7.50844
-7.48225
-7.48837
-7.41924
-7.45587
-7.48929
-7.48763
-7.45169
-7.43091
-7.38316
-7.50271
-7.55998
-7.54186
-7.48946
-7.45639
-7.39198
-7.44803
-7.50365
-7.51416
-7.52114
-7.60171
-7.58655
-7.60062
-7.65253
-7.61243
-7.678
-7.66433
-7.688
-7.66483
-7.6241
-7.5936
-7.58985
-7.59806
-7.58704
-7.61097
-7.61962
-7.58831
-7.61581
-7.61247
-7.66084
-7.71029
-7.67041
-7.63595
-7.65759
-7.62749
-7.62034
-7.72659
-7.71906
-7.69483
-7.64664
-7.66401
-7.61595
-7.66985
-7.66894
-7.62304
-7.57221
-7.53513
-7.57432
-7.62534
-7.49606
-7.57975
-7.66089
-7.63338
-7.6731
-7.69931
-7.72928
-7.68029
-7.65467
-7.56704
-7.49558
-7.50685
-7.53249
-7.57327
-7.58373
-7.55116
-7.5734
-7.54711
-7.54404
-7.58796
-7.55654
-7.53243
-7.50757
-7.58385
-7.58981
-7.53387
-7.60799
-7.62142
-7.58918
-7.61099
-7.66355
-7.70918
-7.7111
-7.63519
-7.54875
-7.52526
-7.57868
-7.52773
-7.55506
-7.55704
-7.60101
-7.58448
-7.67252
-7.65119
-7.67309
-7.66526
-7.75485
-7.75851
-7.68199
-7.67706
-7.72559
-7.76234
-7.78004
-7.71475
-7.7706
-7.72115
-7.64603
-7.61273
-7.58859
-7.591
-7.59436
-7.5534
-7.44117
-7.51245
-7.55799
-7.48099
-7.50793
-7.54204
-7.58482
-7.53522
-7.50608
-7.50619
-7.52777
-7.53352
-7.51681
-7.50308
-7.46332
-7.46855
-7.53479
-7.53084
-7.51018
-7.44975
-7.43973
-7.47094
-7.50339
-7.48183
-7.47862
-7.55496
-7.49198
-7.50533
-7.50351
-7.52358
-7.49552
-7.48878
-7.49291
-7.48808
-7.5599
-7.60588
-7.48231
-7.56103
-7.54585
-7.55632
-7.5446
-7.48265
-7.47139
-7.50274
-7.51123
-7.46208
-7.4377
-7.48394
-7.57874
-7.5003
-7.52756
-7.51971
-7.55898
-7.59317
-7.57444
-7.49425
-7.52493
-7.44288
-7.40954
-7.38564
-7.50479
-7.51213
-7.49726
-7.43254
-7.49674
-7.50472
-7.52531
-7.55432
-7.58624
-7.62249
-7.6531
-7.59657
-7.59388
-7.54993
-7.48753
-7.52149
-7.62209
-7.64715
-7.66897
-7.71133
-7.7816
-7.71358
-7.73725
-7.72686
-7.65129
-7.60738
-7.58442
-7.56391
-7.57937
-7.61592
-7.65657
-7.62289
-7.60573
-7.59268
-7.60424
-7.62333
-7.59727
-7.63374
-7.69218
-7.69918
-7.70376
-7.74229
-7.69952
-7.63938
-7.56562
-7.53771
-7.54953
-7.4891
-7.52966
-7.57761
-7.6331
-7.55064
-7.55312
-7.58521
-7.54092
-7.5236
-7.52667
-7.49328
-7.52948
-7.45666
-7.52242
-7.62148
-7.65172
-7.64513
-7.66225
-7.65558
-7.57509
-7.58347
-7.58353
-7.55507
-7.52496
-7.47869
-7.44386
-7.51655
-7.41016
-7.42128
-7.4601
-7.46392
-7.42538
-7.37285
-7.40496
-7.40041
-7.36779
-7.37136
-7.39333
-7.40378
-7.3789
-7.42075
-7.48188
-7.45453
-7.41443
-7.43609
-7.44882
-7.55043
-7.51532
-7.52418
-7.49546
-7.49443
-7.51163
-7.40564
-7.45057
-7.42085
-7.53366
-7.60476
-7.56228
-7.59776
-7.60617
-7.60117
-7.6439
-7.64709
-7.66187
-7.68402
-7.65516
-7.64815
-7.6146
-7.597
-7.6196
-7.61237
-7.61953
-7.61919
-7.6347
-7.66559
-7.65302
-7.62837
-7.54355
-7.5616
-7.55505
-7.53908
-7.53154
-7.51587
-7.46046
-7.44879
-7.48109
-7.4796
-7.52544
-7.55003
-7.54591
-7.51146
-7.44254
-7.45595
-7.4702
-7.5029
-7.46081
-7.48781
-7.55803
-7.53334
-7.53854
-7.49966
-7.56983
-7.64146
-7.62824
-7.68862
-7.66609
-7.6386
-7.73457
-7.63594
-7.60187
-7.59649
-7.52434
-7.58913
-7.67106
-7.62933
-7.57001
-7.44054
-7.33181
-7.36836
-7.34056
-7.36432
-7.38784
-7.47215
-7.46274
-7.52004
-7.57114
-7.61463
-7.60989
-7.62049
-7.58889
-7.55568
-7.51975
-7.51721
-7.53877
-7.59911
-7.53518
-7.56767
-7.53739
-7.55577
-7.60463
-7.52232
-7.47202
-7.58294
-7.66149
-7.61092
-7.61954
-7.5449
-7.58875
-7.62049
-7.54895
-7.53528
-7.57831
-7.4864
-7.4994
-7.43928
-7.45887
-7.52528
-7.50465
-7.44263
-7.49062
-7.42159
-7.45158
-7.45298
-7.43556
-7.42428
-7.49986
-7.49007
-7.45222
-7.47632
-7.50849
-7.58821
-7.58614
-7.55234
-7.57927
-7.57486
-7.63817
-7.66423
-7.68169
-7.56561
-7.56093
-7.58532
-7.57394
-7.51815
-7.53657
-7.55349
-7.5341
-7.44063
-7.43965
-7.45658
-7.52624
-7.51342
-7.51043
-7.51514
-7.54609
-7.59594
-7.61453
-7.5583
-7.54355
-7.58026
-7.55165
-7.59877
-7.61962
-7.6062
-7.62583
-7.61832
-7.64338
-7.76151
-7.77807
-7.74692
-7.6646
-7.68023
-7.65948
-7.60824
-7.54638
-7.57634
-7.52729
-7.52998
-7.60335
-7.57323
-7.49798
-7.5497
-7.50004
-7.49464
-7.55054
-7.57698
-7.52176
-7.46224
-7.47594
-7.47902
-7.4864
-7.45024
-7.46291
-7.45454
-7.47425
-7.55189
-7.54085
-7.5124
-7.4893
-7.52601
-7.49546
-7.49743
-7.46433
-7.47968
-7.52982
-7.56753
-7.54627
-7.53263
-7.57822
-7.5987
-7.5674
-7.59308
-7.59389
-7.62077
-7.59464
-7.67657
-7.58113
-7.52669
-7.47073
-7.4543
-7.51147
-7.53991
-7.54864
-7.56266
-7.61703
-7.58014
-7.51133
-7.53511
-7.46206
-7.45204
-7.39269
-7.40975
-7.38989
-7.36342
-7.40446
-7.34805
-7.44265
-7.46608
-7.43843
-7.30311
-7.34744
-7.33593
-7.36643
-7.43485
-7.43886
-7.50707
-7.49344
-7.44108
-7.4479
-7.43005
-7.43156
-7.36723
-7.4569
-7.49506
-7.46872
-7.49301
-7.54451
-7.56141
-7.43316
-7.36389
-7.35163
-7.37159
-7.45123
-7.39557
-7.44813
-7.39741
-7.47786
-7.45894
-7.40461
-7.4138
-7.45865
-7.447
-7.4339
-7.46491
-7.52039
-7.49317
-7.45444
-7.46794
-7.5336
-7.48407
-7.5106
-7.54757
-7.55825
-7.5021
-7.53888
-7.52412
-7.47856
-7.4815
-7.51181
-7.55331
-7.6048
-7.55757
-7.48846
-7.40125
-7.49923
-7.51692
-7.48925
-7.54556
-7.56314
-7.59549
-7.63768
-7.71588
-7.6611
-7.6898
-7.66495
-7.7058
-7.65067
-7.64762
-7.63449
-7.60165
-7.58833
-7.57719
-7.55775
-7.55226
-7.5428
-7.58691
-7.62635
-7.54734
-7.51995
-7.50283
-7.52917
-7.54802
-7.51757
-7.56046
-7.57372
-7.54929
-7.54965
-7.56579
-7.59649
-7.61296
-7.6182
-7.62556
-7.66676
-7.66189
-7.55464
-7.54936
-7.6439
-7.6355
-7.65405
-7.58503
-7.47962
-7.44142
-7.5679
-7.49703
-7.40267
-7.47247
-7.51747
-7.53348
-7.5454
-7.58801
-7.53145
-7.52651
-7.5833
-7.50347
-7.52567
-7.61958
-7.69921
-7.60485
-7.56813
-7.54078
-7.47869
-7.48032
-7.46042
-7.38645
-7.37889
-7.43053
-7.4597
-7.45177
-7.45242
-7.41901
-7.49217
-7.53195
-7.61677
-7.58693
-7.59591
-7.61615
-7.59884
-7.51892
-7.52586
-7.59372
-7.61714
-7.60997
-7.62992
-7.62894
-7.61702
-7.61586
-7.58414
-7.54092
-7.49549
-7.45589
-7.51022
-7.52993
-7.5549
-7.49606
-7.4802
-7.45079
-7.43099
-7.38268
-7.48712
-7.48522
-7.47873
-7.45718
-7.5429
-7.54211
-7.56019
-7.53148
-7.47384
-7.50963
-7.51872
-7.58195
-7.56876
-7.58959
-7.66467
-7.56578
-7.59268
-7.61955
-7.53379
-7.50593
-7.5112
-7.52208
-7.4762
-7.50729
-7.50562
-7.50968
-7.43596
-7.45738
-7.48114
-7.54463
-7.57723
-7.57096
-7.57112
-7.58278
-7.54094
-7.57
-7.61025
-7.53792
-7.51517
-7.49452
-7.55712
-7.50622
-7.44369
-7.45713
-7.49192
-7.50425
-7.44263
-7.51303
-7.45884
-7.39473
-7.55164
-7.56086
-7.50634
-7.46767
-7.47678
-7.36346
-7.39421
-7.45058
-7.47893
-7.49803
-7.45751
-7.47962
-7.53167
-7.50828
-7.5336
-7.48385
-7.45283
-7.44539
-7.48572
-7.51937
-7.48647
-7.42424
-7.4301
-7.38288
-7.45204
-7.4012
-7.37463
-7.4177
-7.43092
-7.48302
-7.49176
-7.57233
-7.55421
-7.54256
-7.56675
-7.58814
-7.63139
-7.63927
-7.55346
-7.51744
-7.56677
-7.58786
-7.69214
-7.62819
-7.58325
-7.58343
-7.54728
-7.52405
-7.49752
-7.54219
-7.54803
-7.6427
-7.67413
-7.68203
-7.72906
-7.68085
-7.66762
-7.66123
-7.69343
-7.63159
-7.56271
-7.65293
-7.6519
-7.5681
-7.5609
-7.60064
-7.64996
-7.65477
-7.56274
-7.61195
-7.55875
-7.52047
-7.49883
-7.47597
-7.58374
-7.53888
-7.52649
-7.52543
-7.56582
-7.5461
-7.52745
-7.53329
-7.5222
-7.50457
-7.54894
-7.51168
-7.5077
-7.46723
-7.50777
-7.52303
-7.49625
-7.53956
-7.54137
-7.55304
-7.53826
-7.53004
-7.43337
-7.47784
-7.46595
-7.48885
-7.41871
-7.42371
-7.39994
-7.39226
-7.47754
-7.54251
-7.52159
-7.4577
-7.41598
-7.44086
-7.46812
-7.5161
-7.61184
-7.58316
-7.55369
-7.59447
-7.55866
-7.60167
-7.50327
-7.46334
-7.53545
-7.54459
-7.4574
-7.49116
-7.50904
-7.47566
-7.52165
-7.4609
-7.55552
-7.61353
-7.60081
-7.65517
-7.62101
-7.52836
-7.5488
-7.52741
-7.46585
-7.54354
-7.47542
-7.44915
-7.41105
-7.45041
-7.46319
-7.45998
-7.54258
-7.56295
-7.63023
-7.61588
-7.5682
-7.50759
-7.48383
-7.52861
-7.49614
-7.48687
-7.49155
-7.48579
-7.44731
-7.41627
-7.46592
-7.53581
-7.53872
-7.56328
-7.5427
-7.52736
-7.53717
-7.57832
-7.52308
-7.40711
-7.46624
-7.52976
-7.52713
-7.53849
-7.55329
-7.56338
-7.61886
-7.60993
-7.61689
-7.60854
-7.64775
-7.51683
-7.51069
-7.45631
-7.5416
-7.53908
-7.50134
-7.51965
-7.5191
-7.57229
-7.57102
-7.58715
-7.56319
-7.56919
-7.58192
-7.50324
-7.57426
-7.59169
-7.60394
-7.61002
-7.63942
-7.62851
-7.6238
-7.61438
-7.63932
-7.62455
-7.57683
-7.61083
-7.59975
-7.56334
-7.52234
-7.5733
-7.56875
-7.55895
-7.5387
-7.48343
-7.47093
-7.48491
-7.53099
-7.47016
-7.54715
-7.55353
-7.54389
-7.50525
-7.52678
-7.52123
-7.51897
-7.55583
-7.62696
-7.56082
-7.53853
-7.59759
-7.6246
-7.6378
-7.64588
-7.6011
-7.61894
-7.61252
-7.55969
-7.59023
-7.52048
-7.45968
-7.50143
-7.46899
-7.5227
-7.5407
-7.55201
-7.41458
-7.44238
-7.53438
-7.54208
-7.59134
-7.52889
-7.55395
-7.44584
-7.43383
-7.44225
-7.44378
-7.47285
-7.42256
-7.45216
-7.45106
-7.51292
-7.55573
-7.51312
-7.56738
-7.53904
-7.5417
-7.54108
-7.48304
-7.5053
-7.50453
-7.51218
-7.45582
-7.47741
-7.44602
-7.51936
-7.50264
-7.56954
-7.50024
-7.44995
-7.38372
-7.35569
-7.45202
-7.5804
-7.59795
-7.62334
-7.62258
-7.57472
-7.66341
-7.62099
-7.54594
-7.55768
-7.51978
-7.53964
-7.51939
-7.55354
-7.51387
-7.50155
-7.49401
-7.43759
-7.50559
-7.58071
-7.59128
-7.55246
-7.65749
-7.62474
-7.61418
-7.64914
-7.58128
-7.5873
-7.56514
-7.5458
-7.55306
-7.52218
-7.49901
-7.54378
-7.58366
-7.58795
-7.61296
-7.59993
-7.53773
-7.61821
-7.55752
-7.53783
-7.51263
-7.46735
-7.44716
-7.40097
-7.4516
-7.51608
-7.60709
-7.63295
-7.56085
-7.66237
-7.63495
-7.55121
-7.54865
-7.5625
-7.56931
-7.54031
-7.51029
-7.47013
-7.56386
-7.54248
-7.50216
-7.49354
-7.49906
-7.55574
-7.56075
-7.55673
-7.49171
-7.45998
-7.5091
-7.51999
-7.53954
-7.55532
-7.53965
-7.57296
-7.59596
-7.49365
-7.46508
-7.47153
-7.37779
-7.48219
-7.5551
-7.49807
-7.5953
-7.56013
-7.61561
-7.54465
-7.52288
-7.53515
-7.45246
-7.51945
-7.55929
-7.51472
-7.53588
-7.49367
-7.53272
-7.49858
-7.49729
-7.46473
-7.46909
-7.52489
-7.57678
-7.60136
-7.6096
-7.59072
-7.59537
-7.56916
-7.59667
-7.59891
-7.63001
-7.60462
-7.59408
-7.63113
-7.55646
-7.57272
-7.65169
-7.58442
-7.60427
-7.59363
-7.61037
-7.58935
-7.61098
-7.57697
-7.67926
-7.5948
-7.47813
-7.52046
-7.52498
-7.50235
-7.49748
-7.4411
-7.46303
-7.45485
-7.48769
-7.47368
-7.46542
-7.51476
-7.56429
-7.54837
-7.56812
-7.45561
-7.43511
-7.45622
-7.4994
-7.49282
-7.55657
-7.51289
-7.53212
-7.53547
-7.53334
-7.56995
-7.59447
-7.55996
-7.52102
-7.53584
-7.52412
-7.48713
-7.59081
-7.58478
-7.60162
-7.68143
-7.67447
-7.57833
-7.58482
-7.60622
-7.56054
-7.53018
-7.4565
-7.39848
-7.41602
-7.45006
-7.42032
-7.46318
-7.43688
-7.4254
-7.34347
-7.39659
-7.42334
-7.36685
-7.36778
-7.46236
-7.53359
-7.49536
-7.46081
-7.42519
-7.42182
-7.45528
-7.52016
-7.44119
-7.47519
-7.44788
-7.52628
-7.51445
-7.48691
-7.52779
-7.51774
-7.61406
-7.57461
-7.60119
-7.49145
-7.59971
-7.61607
-7.65231
-7.56399
-7.46396
-7.56394
-7.48298
-7.50799
-7.59475
-7.57493
-7.57249
-7.59754
-7.58987
-7.53804
-7.61072
-7.60756
-7.56091
-7.56861
-7.56539
-7.5506
-7.47469
-7.47006
-7.58275
-7.42653
-7.36009
-7.4091
-7.39511
-7.48759
-7.54972
-7.53007
-7.59298
-7.54757
-7.49791
-7.55889
-7.52672
-7.57947
-7.53334
-7.51399
-7.51086
-7.51473
-7.49514
-7.42806
-7.31049
-7.40675
-7.48135
-7.46626
-7.51329
-7.50128
-7.55991
-7.53797
-7.54036
-7.53093
-7.50195
-7.47812
-7.45664
-7.37755
-7.34179
-7.31678
-7.2502
-7.34127
-7.28855
-7.27313
-7.33718
-7.40018
-7.43258
-7.43207
-7.49983
-7.51247
-7.51229
-7.53767
-7.51075
-7.53535
-7.50681
-7.58411
-7.61011
-7.58675
-7.59433
-7.67224
-7.65109
-7.61078
-7.65744
-7.63043
-7.58509
-7.57758
-7.51875
-7.53624
-7.65889
-7.55772
-7.52609
-7.58678
-7.60273
-7.58805
-7.59646
-7.64155
-7.58697
-7.63249
-7.6343
-7.65986
-7.65937
-7.6263
-7.63937
-7.61216
-7.56907
-7.55926
-7.57237
-7.63735
-7.65009
-7.65499
-7.67717
-7.62512
-7.6818
-7.69075
-7.65717
-7.6407
-7.55079
-7.53326
-7.50464
-7.54926
-7.60093
-7.68314
-7.66038
-7.69927
-7.66432
-7.67561
-7.68094
-7.63373
-7.62527
-7.5981
-7.58804
-7.61539
-7.58466
-7.57254
-7.5268
-7.50425
-7.49726
-7.5729
-7.56235
-7.56941
-7.6128
-7.59878
-7.67065
-7.71037
-7.68387
-7.71697
-7.63776
-7.58407
-7.56426
-7.52807
-7.5412
-7.5111
-7.5612
-7.53532
-7.60333
-7.64219
-7.63749
-7.60844
-7.59305
-7.54577
-7.55693
-7.50542
-7.49153
-7.54207
-7.63734
-7.62396
-7.65433
-7.62698
-7.61659
-7.62552
-7.62823
-7.66299
-7.60984
-7.58615
-7.58219
-7.50457
-7.46224
-7.45361
-7.46042
-7.47833
-7.52189
-7.49113
-7.3938
-7.43673
-7.44593
-7.49521
-7.56942
-7.5742
-7.53241
-7.50827
-7.55045
-7.60939
-7.63491
-7.68689
-7.62575
-7.61238
-7.70502
-7.63917
-7.72092
-7.79165
-7.75391
-7.67457
-7.66319
-7.529
-7.57448
-7.63303
-7.63868
-7.64674
-7.64533
-7.63777
-7.65488
-7.63872
-7.68822
-7.66337
-7.67373
-7.61818
-7.60736
-7.5901
-7.61205
-7.60676
-7.54822
-7.54081
-7.5556
-7.54141
-7.53105
-7.60756
-7.64341
-7.57519
-7.50952
-7.57293
-7.6199
-7.62692
-7.61956
-7.5829
-7.55112
-7.50404
-7.54098
-7.47869
-7.50128
-7.45194
-7.52604
-7.51914
-7.56114
-7.51657
-7.50553
-7.46956
-7.43446
-7.48569
-7.46357
-7.55833
-7.39635
-7.48529
-7.42841
-7.41264
-7.47542
-7.49557
-7.43464
-7.43033
-7.48267
-7.45334
-7.49938
-7.56526
-7.49387
-7.45736
-7.48835
-7.51249
-7.49164
-7.52662
-7.5828
-7.51251
-7.53599
-7.49042
-7.36935
-7.534
-7.51628
-7.45793
-7.52576
-7.51966
-7.55685
-7.52568
-7.51361
-7.45749
-7.47448
-7.48009
-7.44614
-7.44949
-7.48854
-7.55896
-7.57921
-7.57669
-7.55077
-7.51651
-7.46434
-7.53677
-7.44002
-7.48365
-7.52605
-7.46312
-7.54832
-7.67903
-7.61593
-7.63538
-7.63384
-7.64369
-7.54935
-7.57538
-7.60887
-7.63611
-7.62765
-7.66173
-7.67172
-7.60506
-7.54201
-7.55533
-7.53788
-7.56262
-7.60832
-7.63775
-7.62145
-7.65491
-7.59024
-7.68196
-7.77245
-7.70294
-7.73383
-7.68463
-7.68852
-7.57392
-7.57463
-7.60777
-7.60266
-7.62897
-7.57587
-7.55536
-7.50342
-7.53822
-7.56739
-7.62977
-7.54641
-7.53234
-7.53633
-7.58871
-7.50583
-7.46723
-7.52476
-7.50159
-7.53839
-7.51296
-7.4722
-7.48539
-7.48899
-7.43763
-7.42739
-7.41363
-7.41363
-7.39476
-7.46592
-7.50861
-7.50178
-7.51291
-7.45521
-7.51931
-7.41259
-7.51757
-7.532
-7.46755
-7.47772
-7.54101
-7.47199
-7.45404
-7.40042
-7.51533
-7.51998
-7.55034
-7.50666
-7.49419
-7.52508
-7.48576
-7.61438
-7.67785
-7.7433
-7.69946
-7.60616
-7.58012
-7.62537
-7.61312
-7.65655
-7.66968
-7.59185
-7.5785
-7.57718
-7.5177
-7.53135
-7.52975
-7.52805
-7.58996
-7.54368
-7.54409
-7.59991
-7.62985
-7.52448
-7.62332
-7.55371
-7.65344
-7.65188
-7.66326
-7.56014
-7.61221
-7.66047
-7.65541
-7.57427
-7.50561
-7.49284
-7.49803
-7.54733
-7.54836
-7.48921
-7.55015
-7.53868
-7.52618
-7.44413
-7.36749
-7.36244
-7.40262
-7.49975
-7.47855
-7.56357
-7.63794
-7.69801
-7.63567
-7.55237
-7.55068
-7.51694
-7.64532
-7.61516
-7.58194
-7.55347
-7.56401
-7.56265
-7.52909
-7.52408
-7.52663
-7.4598
-7.55174
-7.51947
-7.49729
-7.55966
-7.56514
-7.55893
-7.60623
-7.57783
-7.5495
-7.52117
-7.61806
-7.53974
-7.57419
-7.56476
-7.53515
-7.56625
-7.55604
-7.57968
-7.71348
-7.71079
-7.76388
-7.75313
-7.76262
-7.74909
-7.67206
-7.67258
-7.6077
-7.65589
-7.62064
-7.53487
-7.52132
-7.54293
-7.55195
-7.5689
-7.5853
-7.61543
-7.62083
-7.66255
-7.69147
-7.64504
-7.70534
-7.65633
-7.6986
-7.67709
-7.70143
-7.69926
-7.6444
-7.62675
-7.61242
-7.59484
-7.5707
-7.59947
-7.53941
-7.51045
-7.5685
-7.62407
-7.60657
-7.52674
-7.44927
-7.50531
-7.49439
-7.40613
-7.47053
-7.46526
-7.48501
-7.49596
-7.44462
-7.55167
-7.529
-7.49823
-7.49692
-7.44813
-7.48209
-7.54925
-7.64144
-7.63416
-7.59129
-7.56341
-7.49565
-7.47528
-7.48921
-7.51877
-7.52892
-7.51305
-7.51422
-7.53003
-7.5566
-7.59625
-7.56676
-7.58983
-7.54448
-7.56215
-7.54256
-7.54754
-7.48362
-7.56144
-7.54308
-7.55585
-7.5554
-7.53356
-7.48002
-7.48505
-7.50131
-7.47127
-7.47737
-7.38371
-7.45443
-7.40893
-7.4543
-7.44586
-7.46092
-7.49536
-7.41628
-7.43666
-7.49091
-7.51155
-7.49084
-7.51882
-7.47835
-7.55253
-7.54582
-7.47873
-7.55524
-7.61393
-7.61308
-7.55967
-7.54243
-7.49335
-7.50275
-7.5032
-7.44391
-7.4243
-7.45291
-7.43375
-7.49389
-7.3968
-7.51139
-7.46262
-7.45288
-7.42193
-7.48796
-7.52818
-7.5898
-7.58866
-7.63301
-7.64916
-7.60497
-7.70764
-7.69875
-7.68307
-7.6382
-7.59376
-7.53464
-7.52594
-7.53695
-7.48149
-7.49504
-7.41968
-7.48095
-7.46104
-7.53795
-7.5148
-7.47581
-7.44068
-7.42489
-7.45218
-7.43513
-7.45339
-7.49512
-7.48758
-7.55413
-7.61514
-7.5322
-7.50679
-7.50387
-7.50493
-7.5613
-7.57974
-7.6064
-7.49437
-7.49312
-7.44884
-7.33145
-7.33782
-7.31639
-7.34503
-7.41365
-7.45281
-7.42232
-7.38359
-7.41761
-7.49516
-7.52419
-7.48335
-7.44256
-7.43299
-7.52162
-7.4666
-7.47635
-7.58221
-7.59666
-7.62207
-7.584
-7.62712
-7.60516
-7.54703
-7.55324
-7.59549
-7.60749
-7.53391
-7.51047
-7.61565
-7.55302
-7.57025
-7.54189
-7.48277
-7.51
-7.55409
-7.64953
-7.57005
-7.62163
-7.64254
-7.64801
-7.71539
-7.67415
-7.63265
-7.70851
-7.70754
-7.70594
-7.74687
-7.73467
-7.70161
-7.68051
-7.73408
-7.64355
-7.59488
-7.54287
-7.52909
-7.54187
-7.53862
-7.60157
-7.60664
-7.64653
-7.63743
-7.66914
-7.65008
-7.61804
-7.62539
-7.67141
-7.65742
-7.61403
-7.62375
-7.6208
-7.5857
-7.56162
-7.46173
-7.46894
-7.50264
-7.4751
-7.46455
-7.50435
-7.4752
-7.40763
-7.47314
-7.52043
-7.5066
-7.53604
-7.56311
-7.54833
-7.57943
-7.54788
-7.56417
-7.60621
-7.5588
-7.57139
-7.61061
-7.66994
-7.60628
-7.60517
-7.57675
-7.63992
-7.63144
-7.54711
-7.59816
-7.53288
-7.57132
-7.60181
-7.58891
-7.54018
-7.49867
-7.32691
-7.31682
-7.33371
-7.34857
-7.30066
-7.32157
-7.30475
-7.33531
-7.38206
-7.33656
-7.37121
-7.37637
-7.3735
-7.41098
-7.46154
-7.38729
-7.35428
-7.40179
-7.44408
-7.45076
-7.45819
-7.37954
-7.40508
-7.40814
-7.36258
-7.3056
-7.2564
-7.3338
-7.42912
-7.47498
-7.45462
-7.43227
-7.38846
-7.37921
-7.26459
-7.36109
-7.39889
-7.45473
-7.4847
-7.48984
-7.50561
-7.49877
-7.55093
-7.56919
-7.55008
-7.58985
-7.5369
-7.53866
-7.54398
-7.51314
-7.42645
-7.40953
-7.43962
-7.46549
-7.44645
-7.57212
-7.60822
-7.58378
-7.54536
-7.57815
-7.52157
-7.5322
-7.54782
-7.52471
-7.53199
-7.50087
-7.56946
-7.54569
-7.5665
-7.55158
-7.54606
-7.53558
-7.53226
-7.4578
-7.49432
-7.49436
-7.48116
-7.47645
-7.4832
-7.49426
-7.41583
-7.42422
-7.4386
-7.45316
-7.47374
-7.50117
-7.469
-7.55945
-7.51167
-7.44404
-7.50851
-7.45036
-7.47142
-7.50564
-7.55066
-7.50712
-7.49532
-7.48557
-7.49016
-7.46165
-7.53224
-7.4851
-7.45625
-7.47302
-7.46613
-7.47488
-7.57661
-7.49099
-7.51339
-7.4709
-7.42766
-7.43403
-7.38114
-7.4264
-7.49164
-7.52822
-7.55156
-7.64211
-7.59844
-7.52571
-7.58005
-7.56253
-7.57271
-7.5798
-7.5657
-7.55245
-7.6045
-7.64138
-7.53222
-7.56151
-7.57486
-7.52128
-7.58597
-7.53617
-7.51286
-7.47512
-7.43898
-7.43006
-7.45138
-7.31119
-7.30175
-7.46297
-7.41265
-7.44966
-7.45282
-7.47276
-7.52154
-7.48488
-7.46073
-7.43728
-7.45803
-7.45697
-7.46684
-7.45594
-7.48352
-7.46618
-7.44225
-7.44416
-7.5231
-7.54973
-7.49384
-7.44546
-7.44244
-7.49699
-7.55969
-7.55628
-7.54901
-7.51689
-7.54878
-7.52885
-7.53279
-7.59586
-7.62093
-7.64557
-7.66167
-7.60854
-7.56539
-7.56858
-7.59088
-7.55486
-7.62312
-7.60158
-7.64008
-7.62742
-7.55694
-7.597
-7.54068
-7.61704
-7.68927
-7.5668
-7.61933
-7.6545
-7.70552
-7.70003
-7.65344
-7.66753
-7.64925
-7.72745
-7.66353
-7.64764
-7.60506
-7.56087
-7.60902
-7.60809
-7.64547
-7.64208
-7.70098
-7.66359
-7.58323
-7.57736
-7.55014
-7.44407
-7.4745
-7.53039
-7.61896
-7.58868
-7.53894
-7.56501
-7.56468
-7.5475
-7.57369
-7.55679
-7.50009
-7.44882
-7.54592
-7.50891
-7.56618
-7.56467
-7.46671
-7.48594
-7.46973
-7.40975
-7.42282
-7.52316
-7.50275
-7.55199
-7.57225
-7.6061
-7.69321
-7.63234
-7.49739
-7.59663
-7.60491
-7.68284
-7.62163
-7.66045
-7.61113
-7.61475
-7.62894
-7.63258
-7.69726
-7.67481
-7.68573
-7.80315
-7.6947
-7.7601
-7.76237
-7.70553
-7.69142
-7.69782
-7.70601
-7.73482
-7.63682
-7.54271
-7.51435
-7.60134
-7.63879
-7.53498
-7.59061
-7.62484
-7.64961
-7.55002
-7.52843
-7.53123
-7.53422
-7.52299
-7.47107
-7.49835
-7.55457
-7.54896
-7.43208
-7.40063
-7.45592
-7.48415
-7.5114
-7.51818
-7.50643
-7.52378
-7.54843
-7.54154
-7.4913
-7.55913
-7.54764
-7.62974
-7.58575
-7.65336
-7.62244
-7.5756
-7.59114
-7.59577
-7.55807
-7.62047
-7.65966
-7.58465
-7.5352
-7.56545
-7.60336
-7.60833
-7.55553
-7.58456
-7.58355
-7.5153
-7.51277
-7.55724
-7.5456
-7.51905
-7.48879
-7.39311
-7.37882
-7.45931
-7.47285
-7.4385
-7.4457
-7.47157
-7.53027
-7.44193
-7.39829
-7.3885
-7.43462
-7.42342
-7.39154
-7.35393
-7.33785
-7.38826
-7.48743
-7.53602
-7.55072
-7.53501
-7.56886
-7.55612
-7.58774
-7.65478
-7.65095
-7.63771
-7.55718
-7.5704
-7.56123
-7.4193
-7.46338
-7.52177
-7.50583
-7.47967
-7.4494
-7.47033
-7.56118
-7.5721
-7.58252
-7.52392
-7.59479
-7.70199
-7.64715
-7.644
-7.63199
-7.51723
-7.49686
-7.54842
-7.57801
-7.57103
-7.49235
-7.50434
-7.48372
-7.42363
-7.36853
-7.46228
-7.41919
-7.44204
-7.42478
-7.40158
-7.4312
-7.4907
-7.43154
-7.54171
-7.57598
-7.55875
-7.42239
-7.43122
-7.39231
-7.3668
-7.41628
-7.5401
-7.57272
-7.57176
-7.64588
-7.54222
-7.53344
-7.53838
-7.5446
-7.53015
-7.57575
-7.52617
-7.56698
-7.57316
-7.47178
-7.38567
-7.38189
-7.32196
-7.38689
-7.40101
-7.36642
-7.33443
-7.39731
-7.35765
-7.37726
-7.33054
-7.39075
-7.38057
-7.3525
-7.2697
-7.27118
-7.26671
-7.28836
-7.32982
-7.3479
-7.35435
-7.39299
-7.35677
-7.42998
-7.37827
-7.36907
-7.37273
-7.35068
-7.39438
-7.31961
-7.23346
-7.28822
-7.23672
-7.28132
-7.32874
-7.36411
-7.36756
-7.42391
-7.43575
-7.4151
-7.49686
-7.53051
-7.49342
-7.46565
-7.42828
-7.33399
-7.40214
-7.38105
-7.33062
-7.412
-7.39002
-7.4435
-7.51674
-7.59382
-7.65426
-7.56595
-7.51625
-7.54721
-7.52481
-7.60682
-7.67604
-7.51363
-7.54503
-7.53013
-7.56272
-7.5537
-7.53711
-7.52376
-7.50335
-7.5411
-7.58686
-7.51096
-7.53204
-7.59441
-7.53563
-7.56746
-7.51603
-7.52862
-7.52825
-7.51439
-7.56528
-7.60612
-7.62914
-7.5835
-7.56424
-7.57373
-7.60573
-7.60965
-7.5715
-7.50956
-7.53519
-7.53861
-7.53066
-7.4958
-7.55229
-7.53463
-7.49057
-7.5086
-7.53374
-7.53296
-7.54527
-7.45484
-7.46177
-7.52472
-7.51942
-7.55028
-7.62799
-7.64165
-7.63771
-7.67335
-7.66801
-7.68719
-7.72577
-7.69736
-7.7348
-7.71722
-7.70545
-7.69102
-7.67332
-7.68717
-7.68093
-7.65997
-7.66339
-7.67385
-7.67699
-7.63463
-7.592
-7.60251
-7.58522
-7.56864
-7.58411
-7.55895
-7.54519
-7.49849
-7.53276
-7.57051
-7.59119
-7.57171
-7.59026
-7.67805
-7.62535
-7.65984
-7.55984
-7.55091
-7.49673
-7.48059
-7.47317
-7.52746
-7.53126
-7.55087
-7.5878
-7.56222
-7.4966
-7.51643
-7.52727
-7.48052
-7.48521
-7.51685
-7.56225
-7.67049
-7.64536
-7.59719
-7.59348
-7.65749
-7.62243
-7.58301
-7.62302
-7.50827
-7.50595
-7.48518
-7.49664
-7.40634
-7.4016
-7.43168
-7.44527
-7.36798
-7.34612
-7.36899
-7.37952
-7.33707
-7.2568
-7.20997
-7.24463
-7.35686
-7.39126
-7.48072
-7.56603
-7.46182
-7.46035
-7.49801
-7.51189
-7.57728
-7.5933
-7.56985
-7.65179
-7.59787
-7.61023
-7.64285
-7.61134
-7.66361
-7.62406
-7.62332
-7.61827
-7.52922
-7.51982
-7.47805
-7.48138
-7.53911
-7.48418
-7.52665
-7.47475
-7.42625
-7.53994
-7.55485
-7.5904
-7.60253
-7.58443
-7.63895
-7.5566
-7.58753
-7.66558
-7.62877
-7.67318
-7.62025
-7.63172
-7.65031
-7.5727
-7.55542
-7.56902
-7.49828
-7.57686
-7.6017
-7.62909
-7.61965
-7.63943
-7.62437
-7.56354
-7.51688
-7.53657
-7.39261
-7.35657
-7.41821
-7.45345
-7.46871
-7.56758
-7.60753
-7.53815
-7.56048
-7.57145
-7.55859
-7.5701
-7.56185
-7.61544
-7.5506
-7.55263
-7.55788
-7.54015
-7.54811
-7.52862
-7.55855
-7.54839
-7.63869
-7.66598
-7.63595
-7.54473
-7.59392
-7.5255
-7.52082
-7.5947
-7.57319
-7.62445
-7.58597
-7.67353
-7.60753
-7.65143
-7.62026
-7.57869
-7.61249
-7.64285
-7.7102
-7.69559
-7.71554
-7.67027
-7.58772
-7.50756
-7.55957
-7.53661
-7.59212
-7.5644
-7.56962
-7.58243
-7.6421
-7.57987
-7.57617
-7.58554
-7.50932
-7.57076
-7.50957
-7.5511
-7.50817
-7.5184
-7.52838
-7.5276
-7.48067
-7.46585
-7.44996
-7.47913
-7.42591
-7.43846
-7.43598
-7.44991
-7.46869
-7.46935
-7.48335
-7.54645
-7.53519
-7.4807
-7.47754
-7.50672
-7.56711
-7.52964
-7.58762
-7.62551
-7.63339
-7.58438
-7.59009
-7.62242
-7.53155
-7.48931
-7.53323
-7.49151
-7.55934
-7.58372
-7.51664
-7.58424
-7.5365
-7.54049
-7.64512
-7.6143
-7.6448
-7.61869
-7.62687
-7.67674
-7.59624
-7.59225
-7.49057
-7.48909
-7.43569
-7.50318
-7.52322
-7.44674
-7.42866
-7.44533
-7.53534
-7.46482
-7.49029
-7.44621
-7.48727
-7.42834
-7.40309
-7.38423
-7.29616
-7.37881
-7.46504
-7.47651
-7.59757
-7.63221
-7.70172
-7.65854
-7.61974
-7.65495
-7.59867
-7.5427
-7.58198
-7.59265
-7.59564
-7.57046
-7.6137
-7.51185
-7.49584
-7.46707
-7.48711
-7.49006
-7.50926
-7.50691
-7.50401
-7.48871
-7.57676
-7.5643
-7.50296
-7.49072
-7.48059
-7.49884
-7.52834
-7.49597
-7.49184
-7.54847
-7.56081
-7.59781
-7.56713
-7.65784
-7.64558
-7.68817
-7.65388
-7.59545
-7.62935
-7.63142
-7.59274
-7.64659
-7.64924
-7.69448
-7.67388
-7.68455
-7.65596
-7.62793
-7.55333
-7.55986
-7.55237
-7.57312
-7.54183
-7.4793
-7.48121
-7.55422
-7.54289
-7.47261
-7.46948
-7.42735
-7.60255
-7.65325
-7.65611
-7.6032
-7.61181
-7.62325
-7.68729
-7.67596
-7.7158
-7.67665
-7.56944
-7.57638
-7.60571
-7.56547
-7.55669
-7.501
-7.44785
-7.4371
-7.60726
-7.60906
-7.64108
-7.63787
-7.6582
-7.68442
-7.7224
-7.76196
-7.67016
-7.65953
-7.64489
-7.59732
-7.59671
-7.60281
-7.53201
-7.54435
-7.51449
-7.5077
-7.39162
-7.49799
-7.62428
-7.65941
-7.62803
-7.61438
-7.56053
-7.56323
-7.55572
-7.49978
-7.47747
-7.47114
-7.4437
-7.46286
-7.52952
-7.52129
-7.49928
-7.50268
-7.49427
-7.50257
-7.60585
-7.56576
-7.48508
-7.43062
-7.42341
-7.47559
-7.44048
-7.39109
-7.42676
-7.41303
-7.46727
-7.52847
-7.50263
-7.56252
-7.61754
-7.63495
-7.58271
-7.58167
-7.54203
-7.54994
-7.61053
-7.64406
-7.56198
-7.55321
-7.58271
-7.53283
-7.51568
-7.58145
-7.53657
-7.52123
-7.57252
-7.60147
-7.63261
-7.53578
-7.53891
-7.56153
-7.54034
-7.49113
-7.52936
-7.55516
-7.5468
-7.55701
-7.55924
-7.57307
-7.5114
-7.54042
-7.55105
-7.56815
-7.58556
-7.54963
-7.56108
-7.57841
-7.65288
-7.65534
-7.63742
-7.68258
-7.70529
-7.67331
-7.64384
-7.64096
-7.6304
-7.51639
-7.55092
-7.60887
-7.64828
-7.64516
-7.63981
-7.61512
-7.66603
-7.61531
-7.67928
-7.54429
-7.54938
-7.62005
-7.55545
-7.49459
-7.50499
-7.52352
-7.53595
-7.58605
-7.57055
-7.58469
-7.58179
-7.56306
-7.57822
-7.62158
-7.65972
-7.69501
-7.64879
-7.60371
-7.6133
-7.62588
-7.62246
-7.59841
-7.61399
-7.53468
-7.5447
-7.5979
-7.5848
-7.65037
-7.5058
-7.57059
-7.55544
-7.64474
-7.70071
-7.67202
-7.69889
-7.63221
-7.59985
-7.59393
-7.58703
-7.61581
-7.54718
-7.55443
-7.51629
-7.55564
-7.47809
-7.50214
-7.57927
-7.64012
-7.65389
-7.62013
-7.63476
-7.6415
-7.66243
-7.6741
-7.62714
-7.63972
-7.62264
-7.61141
-7.59898
-7.59088
-7.6251
-7.57796
-7.57676
-7.55089
-7.476
-7.53345
-7.53208
-7.47304
-7.38835
-7.42604
-7.50605
-7.41595
-7.43866
-7.4874
-7.49605
-7.4483
-7.56618
-7.55539
-7.54828
-7.50988
-7.51753
-7.54758
-7.48582
-7.46559
-7.37786
-7.38707
-7.46671
-7.49791
-7.53245
-7.49359
-7.5213
-7.53988
-7.51472
-7.518
-7.49757
-7.49721
-7.52046
-7.55536
-7.59083
-7.5897
-7.61127
-7.60436
-7.59245
-7.65138
-7.58738
-7.59546
-7.55994
-7.52364
-7.54667
-7.61992
-7.53333
-7.49831
-7.56773
-7.5643
-7.62913
-7.54566
-7.48263
-7.52523
-7.48524
-7.48858
-7.46558
-7.36515
-7.37152
-7.29029
-7.37348
-7.33724
-7.4183
-7.41485
-7.47418
-7.46336
-7.45463
-7.47961
-7.49588
-7.50351
-7.50405
-7.51397
-7.46542
-7.43657
-7.52936
-7.56606
-7.53732
-7.53926
-7.58055
-7.59123
-7.65626
-7.68721
-7.66749
-7.68364
-7.72596
-7.74877
-7.73313
-7.76307
-7.75218
-7.69984
-7.67093
-7.63782
-7.60062
-7.59687
-7.55323
-7.56318
-7.46654
-7.39139
-7.5087
-7.54511
-7.55467
-7.56617
-7.64867
-7.68412
-7.70117
-7.7415
-7.72334
-7.78784
-7.79043
-7.77262
-7.76148
-7.73459
-7.70298
-7.69051
-7.69763
-7.62498
-7.75893
-7.79552
-7.71195
-7.71853
-7.64065
-7.63802
-7.63635
-7.6929
-7.66579
-7.62726
-7.59054
-7.63542
-7.6541
-7.58057
-7.54485
-7.49029
-7.48269
-7.49724
-7.52682
-7.47966
-7.47436
-7.59741
-7.57385
-7.58314
-7.58772
-7.54311
-7.54741
-7.57523
-7.61186
-7.58688
-7.63552
-7.62252
-7.55369
-7.58384
-7.58386
-7.54478
-7.55643
-7.6487
-7.63329
-7.58006
-7.623
-7.59729
-7.57043
-7.58618
-7.59917
-7.51574
-7.46423
-7.43103
-7.4596
-7.45098
-7.49862
-7.50689
-7.50062
-7.49966
-7.50189
-7.46856
-7.46245
-7.43809
-7.43208
-7.424
-7.46532
-7.43923
-7.42959
-7.46423
-7.39683
-7.36854
-7.39504
-7.49749
-7.51014
-7.56561
-7.49334
-7.49321
-7.49384
-7.49581
-7.48307
-7.47773
-7.45605
-7.50849
-7.54097
-7.53802
-7.57996
-7.6481
-7.66032
-7.60667
-7.62686
-7.55928
-7.49274
-7.4772
-7.50233
-7.65232
-7.64651
-7.62797
-7.64805
-7.67831
-7.70363
-7.68289
-7.6294
-7.65458
-7.6296
-7.69671
-7.67883
-7.61163
-7.59232
-7.53986
-7.61879
-7.63154
-7.64062
-7.59841
-7.62822
-7.62491
-7.63104
-7.59012
-7.54945
-7.56689
-7.61983
-7.66769
-7.72135
-7.69762
-7.62963
-7.58787
-7.71779
-7.74784
-7.75518
-7.69914
-7.58244
-7.57912
-7.57544
-7.5521
-7.6039
-7.60052
-7.64134
-7.51347
-7.55598
-7.53552
-7.51529
-7.51255
-7.45406
-7.45805
-7.44208
-7.52006
-7.57385
-7.61267
-7.56996
-7.6424
-7.65063
-7.54223
-7.56875
-7.55014
-7.56818
-7.46246
-7.41728
-7.41653
-7.49067
-7.41807
-7.41568
-7.51577
-7.53403
-7.46959
-7.46647
-7.45182
-7.45646
-7.47879
-7.48901
-7.51914
-7.50534
-7.46374
-7.5289
-7.48441
-7.4587
-7.49455
-7.49245
-7.50064
-7.52047
-7.4678
-7.49889
-7.45026
-7.44457
-7.48206
-7.55402
-7.57203
-7.54173
-7.50896
-7.56051
-7.5777
-7.65025
-7.55243
-7.63673
-7.63279
-7.68756
-7.62761
-7.57641
-7.62699
-7.54022
-7.5261
-7.53221
-7.62057
-7.6721
-7.6666
-7.71334
-7.66685
-7.75835
-7.74088
-7.71509
-7.71363
-7.70476
-7.64202
-7.60799
-7.61842
-7.59391
-7.58266
-7.62494
-7.62411
-7.62128
-7.61025
-7.65973
-7.7129
-7.63986
-7.61993
-7.57418
-7.56721
-7.54968
-7.51573
-7.53034
-7.52067
-7.53347
-7.53174
-7.47844
-7.50033
-7.53636
-7.5179
-7.49719
-7.5019
-7.53174
-7.53539
-7.60989
-7.53005
-7.41411
-7.52263
-7.54916
-7.46108
-7.50725
-7.50192
-7.52873
-7.60362
-7.5743
-7.59737
-7.52489
-7.54962
-7.543
-7.53927
-7.59138
-7.57294
-7.54094
-7.59979
-7.65897
-7.70484
-7.67686
-7.68885
-7.64856
-7.60402
-7.69113
-7.71077
-7.66659
-7.62862
-7.60776
-7.61483
-7.56854
-7.6083
-7.63462
-7.69833
-7.78543
-7.65473
-7.62115
-7.67134
-7.70105
-7.70865
-7.72894
-7.76195
-7.63087
-7.6054
-7.63055
-7.67626
-7.67902
-7.64452
-7.62
-7.56876
-7.6361
-7.6838
-7.68301
-7.72551
-7.68164
-7.72691
-7.72302
-7.61489
-7.66233
-7.64886
-7.5977
-7.61718
-7.6214
-7.68639
-7.73797
-7.76269
-7.76026
-7.69699
-7.66872
-7.68089
-7.64128
-7.59697
-7.62231
-7.63308
-7.69669
-7.65244
-7.5659
-7.51032
-7.57528
-7.47066
-7.44988
-7.57292
-7.55606
-7.55381
-7.58243
-7.50678
-7.56038
-7.52381
-7.57717
-7.56185
-7.52386
-7.45518
-7.49685
-7.58466
-7.45099
-7.57991
-7.56461
-7.66247
-7.5651
-7.57488
-7.54517
-7.6209
-7.6417
-7.63522
-7.65648
-7.51986
-7.5285
-7.51468
-7.51625
-7.49154
-7.51858
-7.52135
-7.51293
-7.58755
-7.57381
-7.58208
-7.62918
-7.66517
-7.60985
-7.63397
-7.6714
-7.69371
-7.66481
-7.66144
-7.71476
-7.64459
-7.63298
-7.56795
-7.53089
-7.46961
-7.49455
-7.50911
-7.5815
-7.55837
-7.60838
-7.57246
-7.61525
-7.62557
-7.60492
-7.62334
-7.56171
-7.54546
-7.47236
-7.53598
-7.62027
-7.59617
-7.60202
-7.5961
-7.54283
-7.56172
-7.55094
-7.4544
-7.36792
-7.49863
-7.5435
-7.50531
-7.45378
-7.41605
-7.43949
-7.40063
-7.42892
-7.39288
-7.42074
-7.3809
-7.35845
-7.35014
-7.28067
-7.32432
-7.32927
-7.28821
-7.32491
-7.33536
-7.38854
-7.40874
-7.45774
-7.45351
-7.49796
-7.51832
-7.53077
-7.45747
-7.41454
-7.44745
-7.51095
-7.56066
-7.55155
-7.56341
-7.49074
-7.55309
-7.53772
-7.58801
-7.5701
-7.53298
-7.49756
-7.49986
-7.51017
-7.58487
-7.68042
-7.68
-7.53613
-7.53743
-7.50731
-7.53094
-7.51892
-7.49255
-7.52208
-7.54392
-7.5095
-7.40748
-7.47519
-7.44567
-7.46262
-7.53052
-7.50737
-7.49049
-7.43239
-7.45643
-7.45808
-7.42344
-7.50567
-7.48725
-7.52699
-7.41527
-7.52427
-7.60346
-7.59878
-7.52262
-7.49328
-7.48906
-7.62524
-7.66779
-7.57718
-7.53916
-7.54708
-7.60012
-7.58204
-7.55495
-7.6137
-7.60943
-7.60998
-7.64038
-7.56747
-7.48406
-7.47347
-7.40739
-7.44136
-7.48419
-7.52811
-7.50169
-7.46624
-7.44086
-7.40608
-7.41261
-7.43466
-7.51774
-7.55219
-7.52378
-7.49832
-7.52954
-7.59187
-7.57604
-7.56898
-7.55053
-7.70528
-7.72157
-7.6868
-7.70682
-7.60525
-7.67472
-7.59754
-7.50332
-7.51694
-7.51522
-7.4432
-7.50395
-7.48844
-7.56432
-7.58211
-7.50301
-7.47186
-7.50287
-7.52261
-7.56126
-7.53931
-7.50672
-7.50001
-7.45115
-7.34148
-7.41785
-7.50536
-7.49805
-7.54532
-7.57744
-7.53974
-7.51998
-7.49858
-7.52568
-7.54875
-7.50494
-7.58676
-7.51026
-7.54138
-7.59219
-7.70441
-7.69811
-7.73925
-7.69221
-7.61314
-7.57691
-7.59686
-7.65181
-7.64153
-7.67751
-7.6434
-7.68534
-7.64743
-7.57871
-7.55812
-7.51514
-7.54207
-7.5439
-7.53926
-7.57672
-7.55899
-7.66507
-7.69154
-7.6905
-7.62146
-7.66873
-7.65209
-7.61189
-7.54029
-7.5738
-7.52394
-7.51217
-7.49996
-7.45578
-7.44413
-7.45395
-7.42884
-7.4395
-7.43405
-7.3818
-7.34682
-7.33786
-7.33022
-7.42538
-7.40458
-7.34737
-7.35354
-7.43551
-7.46594
-7.38896
-7.42971
-7.47981
-7.46757
-7.45536
-7.42641
-7.43653
-7.42883
-7.45814
-7.55089
-7.53351
-7.61021
-7.59081
-7.56601
-7.52698
-7.47884
-7.41845
-7.39303
-7.39641
-7.47691
-7.4491
-7.52829
-7.5284
-7.65159
-7.56706
-7.48595
-7.4942
-7.46274
-7.4394
-7.52244
-7.58511
-7.62594
-7.56653
-7.50638
-7.46159
-7.46444
-7.36244
-7.35947
-7.49558
-7.54324
-7.55122
-7.56489
-7.60394
-7.6073
-7.55315
-7.48184
-7.53192
-7.50909
-7.57195
-7.55343
-7.4764
-7.46435
-7.50832
-7.65427
-7.62153
-7.5402
-7.49844
-7.46117
-7.48169
-7.49259
-7.59453
-7.6812
-7.69069
-7.72413
-7.70072
-7.70025
-7.73856
-7.69639
-7.67133
-7.66065
-7.73862
-7.72921
-7.69705
-7.67882
-7.59283
-7.69012
-7.65648
-7.53855
-7.59653
-7.62329
-7.6517
-7.6566
-7.67529
-7.58794
-7.63974
-7.54679
-7.56928
-7.62459
-7.66221
-7.64417
-7.66447
-7.62657
-7.61177
-7.55284
-7.47862
-7.33637
-7.4253
-7.51555
-7.57576
-7.56404
-7.59741
-7.63148
-7.62148
-7.584
-7.59142
-7.60239
-7.5536
-7.55828
-7.60332
-7.66504
-7.71911
-7.64395
-7.72068
-7.63188
-7.46712
-7.41194
-7.45984
-7.49455
-7.49902
-7.40879
-7.36494
-7.34679
-7.40588
-7.39595
-7.44899
-7.49099
-7.52123
-7.54063
-7.54154
-7.60309
-7.55636
-7.55095
-7.51145
-7.44191
-7.44073
-7.48468
-7.49105
-7.55215
-7.54639
-7.46433
-7.46305
-7.46134
-7.53148
-7.65654
-7.73067
-7.63872
-7.6057
-7.62139
-7.57352
-7.65649
-7.67551
-7.56295
-7.54015
-7.56828
-7.54403
-7.53907
-7.52816
-7.47703
-7.53125
-7.47063
-7.44502
-7.52517
-7.44967
-7.44935
-7.51955
-7.52174
-7.52116
-7.59106
-7.59224
-7.58885
-7.58543
-7.63995
-7.5953
-7.51866
-7.47078
-7.41638
-7.48154
-7.53771
-7.54771
-7.50403
-7.57019
-7.56805
-7.64503
-7.61936
-7.56219
-7.63324
-7.56543
-7.55425
-7.59722
-7.57237
-7.58843
-7.53479
-7.53932
-7.53424
-7.54504
-7.58766
-7.58572
-7.58119
-7.52415
-7.52302
-7.54044
-7.60173
-7.55928
-7.5511
-7.55517
-7.52339
-7.4991
-7.55065
-7.54294
-7.47515
-7.4983
-7.59355
-7.53896
-7.52702
-7.46843
-7.54195
-7.54851
-7.51818
-7.54081
-7.52123
-7.58419
-7.49686
-7.4979
-7.51325
-7.58187
-7.66161
-7.68442
-7.65627
-7.63376
-7.65027
-7.6182
-7.56842
-7.56972
-7.4746
-7.41678
-7.41618
-7.48091
-7.55975
-7.59243
-7.63892
-7.66865
-7.7161
-7.64369
-7.69962
-7.69012
-7.65567
-7.65248
-7.63835
-7.66548
-7.66517
-7.58377
-7.59116
-7.52302
-7.56171
-7.57063
-7.57158
-7.59316
-7.59223
-7.55747
-7.58822
-7.59368
-7.56755
-7.57595
-7.61587
-7.52398
-7.5556
-7.64481
-7.64296
-7.64014
-7.61859
-7.7004
-7.665
-7.67531
-7.67698
-7.67914
-7.69771
-7.66358
-7.66344
-7.74055
-7.72357
-7.76939
-7.78548
-7.71317
-7.74429
-7.70093
-7.66621
-7.62431
-7.63243
-7.58757
-7.4954
-7.45896
-7.4776
-7.4644
-7.49132
-7.48704
-7.44168
-7.47011
-7.40169
-7.37876
-7.49506
-7.54189
-7.5143
-7.51172
-7.46934
-7.535
-7.5166
-7.58179
-7.5247
-7.48574
-7.43519
-7.42655
-7.42133
-7.43347
-7.43996
-7.50553
-7.43486
-7.4249
-7.45806
-7.41712
-7.42277
-7.47976
-7.51542
-7.40933
-7.4207
-7.50359
-7.56435
-7.57752
-7.54951
-7.44887
-7.46334
-7.47912
-7.40507
-7.42242
-7.40541
-7.52747
-7.45461
-7.50661
-7.5269
-7.46587
-7.41454
-7.47454
-7.53111
-7.5032
-7.38681
-7.42486
-7.39936
-7.48198
-7.5408
-7.5664
-7.60042
-7.53385
-7.53993
-7.53132
-7.51125
-7.55077
-7.50965
-7.45456
-7.46835
-7.47071
-7.4964
-7.54589
-7.55389
-7.57406
-7.50727
-7.52531
-7.56961
-7.59445
-7.54894
-7.50222
-7.44633
-7.36811
-7.32812
-7.32309
-7.43728
-7.41894
-7.48196
-7.50164
-7.49384
-7.44631
-7.4603
-7.5514
-7.51504
-7.49277
-7.51788
-7.52944
-7.54101
-7.53132
-7.5286
-7.54105
-7.62272
-7.6391
-7.63489
-7.61824
-7.58952
-7.53119
-7.50291
-7.48092
-7.47134
-7.47089
-7.48519
-7.49742
-7.55167
-7.59853
-7.574
-7.61435
-7.57196
-7.6199
-7.6086
-7.5979
-7.60115
-7.49832
-7.43568
-7.44981
-7.37149
-7.39738
-7.37587
-7.35446
-7.43555
-7.37405
-7.42576
-7.46166
-7.47233
-7.53759
-7.48959
-7.5604
-7.62271
-7.66608
-7.62118
-7.61462
-7.56007
-7.61163
-7.60018
-7.59724
-7.6195
-7.60655
-7.56908
-7.47121
-7.50152
-7.55124
-7.5184
-7.56962
-7.53449
-7.56396
-7.54259
-7.47868
-7.53472
-7.5096
-7.49087
-7.53383
-7.54673
-7.56961
-7.56377
-7.57788
-7.56085
-7.51383
-7.54881
-7.52445
-7.57349
-7.57384
-7.43074
-7.41911
-7.50988
-7.48964
-7.47869
-7.51188
-7.48722
-7.47661
-7.54704
-7.54808
-7.41364
-7.46382
-7.47803
-7.46624
-7.42886
-7.40726
-7.41221
-7.46137
-7.43202
-7.45725
-7.41629
-7.41833
-7.41796
-7.38002
-7.41926
-7.46251
-7.54042
-7.46454
-7.52813
-7.48331
-7.50233
-7.51515
-7.53245
-7.54103
-7.499
-7.48791
-7.55127
-7.52448
-7.49706
-7.51293
-7.53597
-7.61151
-7.5715
-7.70768
-7.62195
-7.63574
-7.6278
-7.5765
-7.55036
-7.5653
-7.53866
-7.52572
-7.54659
-7.53244
-7.53866
-7.48528
-7.42304
-7.52197
-7.63549
-7.64831
-7.64803
-7.59594
-7.5472
-7.51866
-7.48542
-7.54554
-7.56484
-7.59783
-7.50606
-7.53364
-7.4877
-7.43397
-7.48144
-7.49395
-7.50943
-7.51222
-7.52857
-7.52055
-7.51493
-7.45844
-7.39807
-7.3304
-7.38254
-7.39294
-7.30921
-7.44287
-7.44652
-7.42302
-7.4255
-7.48887
-7.51012
-7.49278
-7.54091
-7.52276
-7.50461
-7.52868
-7.43398
-7.35962
-7.41712
-7.52895
-7.52142
-7.54119
-7.63721
-7.67559
-7.67327
-7.66364
-7.67795
-7.71462
-7.64584
-7.59663
-7.63198
-7.63454
-7.58019
-7.59541
-7.61409
-7.50418
-7.51427
-7.5075
-7.47112
-7.56526
-7.63478
-7.59386
-7.56668
-7.64075
-7.64744
-7.60591
-7.64634
-7.60677
-7.64849
-7.61706
-7.57698
-7.58345
-7.58323
-7.6523
-7.60724
-7.55676
-7.53284
-7.5426
-7.57572
-7.62465
-7.68425
-7.62572
-7.55626
-7.61465
-7.56536
-7.58617
-7.5979
-7.66904
-7.61737
-7.64336
-7.63063
-7.63358
-7.65469
-7.67189
-7.65932
-7.62386
-7.58989
-7.5521
-7.59526
-7.62781
-7.61149
-7.60316
-7.46644
-7.5276
-7.5666
-7.60114
-7.64204
-7.60142
-7.64809
-7.63799
-7.65597
-7.65226
-7.64324
-7.68717
-7.65147
-7.57947
-7.68937
-7.70182
-7.67885
-7.70687
-7.71976
-7.70453
-7.62715
-7.6348
-7.73528
-7.72396
-7.75706
-7.69365
-7.63759
-7.65992
-7.65523
-7.69787
-7.74189
-7.69984
-7.66244
-7.59611
-7.57151
-7.62643
-7.53986
-7.52826
-7.57071
-7.56623
-7.59714
-7.60849
-7.53961
-7.53508
-7.50053
-7.53249
-7.56628
-7.52865
-7.47128
-7.48427
-7.49293
-7.4904
-7.63792
-7.65596
-7.68405
-7.56105
-7.56879
-7.59898
-7.6203
-7.51836
-7.48377
-7.47818
-7.5584
-7.62351
-7.64764
-7.57437
-7.5093
-7.5574
-7.5066
-7.61463
-7.58877
-7.63117
-7.64873
-7.63321
-7.62308
-7.67557
-7.64512
-7.6386
-7.66282
-7.66957
-7.72252
-7.66367
-7.70186
-7.66247
-7.64321
-7.66972
-7.67003
-7.66186
-7.72089
-7.69359
-7.61869
-7.56735
-7.60487
-7.65219
-7.63844
-7.70317
-7.69704
-7.72207
-7.70438
-7.65234
-7.63118
-7.53209
-7.60079
-7.55554
-7.55562
-7.56282
-7.48842
-7.5227
-7.54465
-7.61189
-7.62208
-7.60303
-7.57718
-7.5339
-7.56365
-7.54201
-7.5742
-7.60068
-7.54956
-7.41507
-7.42377
-7.43684
-7.44763
-7.40238
-7.34027
-7.341
-7.40777
-7.41671
-7.50059
-7.48078
-7.41432
-7.4619
-7.38639
-7.39933
-7.55247
-7.57347
-7.62293
-7.6034
-7.63795
-7.68236
-7.63527
-7.56727
-7.53576
-7.51796
-7.51487
-7.4974
-7.54209
-7.52591
-7.54958
-7.60029
-7.54511
-7.56116
-7.45582
-7.44628
