1.25104
2.76992
3.80882
4.06786
4.54335
4.71121
5.23717
5.20701
5.60383
5.80573
6.00822
6.06051
5.83361
5.8025
5.72655
5.85531
6.4482
6.64324
7.17195
7.02543
8.0429
7.67548
7.81215
7.42662
6.89336
6.59193
7.09209
7.11294
7.13679
7.09276
7.03805
7.2283
7.06793
6.80766
6.86976
7.0803
7.29868
7.19475
6.98058
6.85146
6.51449
6.73392
7.3542
7.85701
7.61012
7.10783
6.92116
7.26357
7.03302
6.93987
7.26256
7.39186
7.21145
7.25696
7.43026
7.04233
6.85144
6.35035
6.37146
6.2209
6.82061
6.58505
6.62393
6.81846
6.73196
7.00581
7.19531
7.28954
7.28208
6.80041
6.99025
6.92227
7.20291
7.50618
7.20618
6.99068
7.47235
7.57003
6.82816
6.23752
6.15967
6.39893
6.67142
6.477
6.72452
6.99359
7.30435
7.0757
6.93987
7.21732
7.259
7.27204
7.28589
7.19643
7.10737
7.22376
7.31538
7.63556
7.5051
7.47676
7.56826
7.59567
7.80022
7.96362
7.89923
7.844
7.86173
7.98202
7.90925
7.82515
7.81615
7.70469
7.57868
7.47688
7.66004
7.46094
7.35149
7.42814
7.77126
7.73504
7.5582
8.04074
8.00328
8.082
8.04345
7.78439
7.43456
7.07873
7.29299
7.48072
6.89742
7.2983
7.20935
7.19722
7.21724
7.79524
7.47367
7.26227
7.30089
7.37706
7.53365
7.33804
7.35319
7.65089
7.28985
7.62433
8.00653
8.05921
8.06094
7.68094
7.72627
7.99466
8.06996
7.81972
7.74457
7.57919
7.46736
7.93029
7.6082
8.35559
8.35693
7.98823
7.88517
8.00255
7.58181
7.7708
7.81222
8.0534
8.10697
7.70831
7.77689
7.74191
8.0903
7.72448
7.7356
7.23291
7.51716
7.8096
7.68844
7.65451
7.50853
7.32544
6.93276
6.97312
8.05624
7.70239
7.91448
8.23966
8.19897
8.16923
8.2266
8.3661
8.27111
8.17068
7.47099
7.73982
7.03299
7.55141
7.0574
7.05133
7.39648
7.11941
7.22392
7.205
6.98922
6.84146
7.30694
7.38147
7.67627
7.38564
7.21499
6.87597
7.37165
7.37687
7.89166
8.47579
8.22406
7.75298
7.64394
7.3297
7.24952
7.34137
7.05972
7.30765
7.25075
6.97573
6.95303
6.98634
7.21635
6.94967
7.07487
6.88916
6.96238
7.0308
6.73116
6.8043
6.54226
6.72447
6.98844
7.69238
7.87714
7.11711
7.23187
7.11022
7.20475
7.66305
7.78747
8.14076
7.84322
8.19294
7.94313
8.47882
8.05344
7.5913
7.16261
6.89149
6.9586
6.89113
7.05262
7.00533
6.72475
6.36389
6.25269
6.33315
6.62334
6.91963
7.29369
7.46505
7.52366
7.157
7.32475
8.17368
7.96716
7.87028
7.6979
7.84056
7.96566
7.86078
7.72179
8.3837
8.40022
8.09121
7.88274
7.90457
7.69413
6.89651
7.21201
7.48564
7.80137
7.884
7.87824
7.50905
7.05685
7.17269
7.44862
7.54579
7.62187
7.34694
7.42425
7.45809
7.6501
7.68656
7.50841
7.42346
8.13432
8.0426
7.69254
7.83935
8.48348
8.73368
8.45127
8.701
8.5706
8.13733
8.17741
8.33505
7.89032
8.00102
7.7152
7.56706
7.3341
7.65461
7.58219
7.97591
7.87298
7.95633
8.11079
8.10137
7.93997
7.67834
7.95619
7.60507
7.77348
7.71766
7.77648
7.96693
8.24963
8.2021
7.87749
7.88818
7.67693
7.2098
7.42391
6.87048
7.16285
7.14755
7.10561
7.54054
7.83982
7.20711
6.96934
7.04803
7.09042
7.2347
7.48938
7.71648
7.59784
7.47642
7.11223
7.17432
6.86815
6.77466
7.3915
6.83214
6.64181
6.58477
6.961
7.36278
7.0831
7.36537
7.83727
7.66024
7.60265
7.50954
7.29593
7.56103
7.26678
6.77088
6.66157
6.61304
6.9054
6.99631
6.72821
6.80883
7.06535
6.77509
6.77739
7.11165
7.30565
7.1196
7.53232
7.56356
7.85227
8.1435
8.10226
8.34569
8.13464
7.7494
7.28064
7.26882
7.54099
7.4812
7.71152
7.79267
7.74073
7.51276
7.27813
7.31038
7.58302
7.57814
7.28166
7.16401
7.3126
7.18006
7.29076
7.25986
7.24618
7.55829
7.37236
7.60321
7.47591
7.13905
6.52333
7.14858
7.43812
7.02817
7.394
7.94195
7.77532
7.8535
7.70899
7.72989
7.91033
7.93342
8.35303
7.69534
7.6465
8.07424
8.17659
8.18146
8.19536
7.95084
7.74556
7.25066
7.27415
7.49348
7.42853
7.76652
7.51059
7.72521
7.69081
7.82203
7.80542
8.0579
8.17842
8.16914
8.05138
7.97628
8.59985
8.19106
8.07505
8.19832
7.99016
7.84273
7.57143
7.40237
7.24293
7.11712
6.8437
6.67813
6.35519
6.7397
6.90069
7.39051
7.49609
7.17551
7.2423
7.52394
7.29276
7.26382
7.77401
7.88238
7.63904
7.52597
7.66018
7.44657
7.10263
7.7304
7.61178
7.715
7.64485
7.47294
7.80383
7.93028
7.93494
7.65844
7.65478
7.20148
7.01805
6.92715
7.24729
7.37089
7.13037
6.47788
6.92409
6.64589
6.57436
6.83789
6.65135
6.79865
6.48773
6.56895
7.04332
7.08749
6.95336
7.26249
6.8996
7.41489
6.92235
7.14465
6.82942
7.02094
7.41208
7.49802
7.29353
7.4519
7.38
7.18117
6.82817
6.69665
6.60447
6.83259
6.92596
7.53072
7.33026
7.29016
7.45672
6.86252
7.00153
6.97697
6.88628
7.05695
7.21379
7.0856
7.2056
6.7122
6.82406
6.80928
7.0834
7.27589
7.40157
7.26418
7.81945
8.18252
8.30299
8.07258
8.13985
7.72753
7.1345
7.60096
7.59282
7.79053
7.42856
7.44462
7.78373
7.76526
7.7896
8.0964
7.93514
7.98419
7.94977
7.71961
7.6721
7.84064
7.92711
7.89541
8.28268
8.0914
7.9114
7.90627
8.10638
8.22807
8.52272
7.86332
7.52782
7.60331
7.9257
8.07763
8.43516
8.13403
7.83642
7.76751
7.7121
7.27071
7.38077
7.35132
7.03441
7.24726
6.86594
6.93324
6.81691
6.92251
7.16494
7.32168
7.34381
7.30214
7.37228
7.2401
7.18751
7.36986
7.20789
7.2351
6.99183
6.67921
6.94237
7.13976
7.0083
7.19768
7.24097
6.62388
6.6521
6.78126
7.04051
6.95272
7.19744
6.86667
6.88856
7.14647
7.43672
7.64467
7.43147
7.16764
7.88936
7.43487
6.96143
7.0868
6.88755
6.78959
6.62932
6.87361
7.02617
7.50052
7.9064
7.8395
7.70018
7.4806
7.4346
7.58412
7.4852
7.64342
7.64113
7.38162
7.56345
7.70691
7.84012
7.39609
7.35124
7.68174
7.22272
7.16139
7.3495
7.23162
6.93217
6.69036
6.65068
7.07865
7.53797
7.66439
7.40718
7.69195
7.52338
7.53257
7.28132
7.35821
6.87233
6.98231
6.90024
6.90987
6.42137
6.38359
6.80662
6.87836
6.59974
6.37577
6.27182
6.65163
6.35413
6.60879
7.0295
7.2136
7.38426
7.35848
7.34302
7.54211
8.16437
7.76032
7.49042
7.92203
7.78001
7.58805
7.39443
7.65583
7.8071
7.79713
7.67331
7.64702
7.76361
7.82823
8.04063
8.00403
7.65681
7.68477
7.82112
8.15083
8.19645
8.04532
7.84145
7.95006
7.97073
7.5461
7.86163
7.78712
7.84103
7.72627
7.8929
7.95638
7.93789
7.95479
7.50162
7.24785
7.95833
7.51413
7.59779
7.58202
7.60155
7.93498
7.97483
7.80044
7.77353
8.06183
8.21073
7.97727
7.4333
7.88475
7.70691
7.70958
7.51877
7.30814
7.41726
7.82198
7.68964
8.1389
8.34593
8.46865
7.83532
7.76162
7.8476
8.22708
7.89536
7.78937
7.64566
7.47752
7.3316
7.13434
6.97612
7.28414
7.28995
7.53767
7.87115
7.70011
7.1356
7.00997
6.90005
6.67791
6.27977
6.68253
6.54357
6.61884
7.00911
7.25287
7.39845
7.48681
7.42239
7.23029
6.95882
7.15081
7.2661
7.32241
7.24745
7.13575
7.29751
7.09485
6.77896
6.75565
6.7008
6.48739
6.73703
7.08951
7.50054
7.66262
7.59224
7.93736
7.69817
7.40414
7.10129
7.57781
7.56362
7.37586
7.61832
7.71632
7.68431
7.85295
7.68394
8.08677
7.71471
7.16948
7.00253
7.02896
6.92098
6.99102
7.44768
7.40664
7.43499
7.59895
7.77418
8.02661
8.19872
7.79924
8.35467
8.29279
8.05457
8.03949
8.25813
8.54519
8.41927
8.45947
8.60081
8.54217
8.43717
8.37337
8.53726
8.28958
7.93299
8.057
8.28829
8.15297
8.09425
7.55155
7.75479
7.73119
7.89979
7.8463
7.7659
8.31401
8.07497
8.27323
7.62132
7.25055
7.48845
7.33237
7.29669
7.30267
7.05695
7.03158
6.98537
6.86829
7.0115
7.04103
7.2452
7.29857
7.18643
7.21022
7.17435
7.18826
7.10118
6.9374
7.04135
7.17156
7.65015
7.5411
7.56944
7.66196
7.72328
7.79221
8.09511
8.11512
7.99357
8.0277
7.73952
7.57553
7.61727
7.81997
8.18937
8.09832
8.03435
7.8433
8.09598
7.9538
7.56067
7.73948
7.67894
7.86999
7.48297
7.06536
7.13686
6.8149
6.96378
7.12916
6.57634
7.14713
7.31781
7.36274
7.7907
7.39175
6.90646
7.12813
7.47481
8.18274
8.78957
8.60324
8.7433
8.62022
8.50489
8.04483
8.07263
7.75027
7.48895
7.22931
7.26357
7.17
7.33992
7.52187
7.74638
7.76463
7.64073
7.29711
7.65564
7.43208
7.58147
7.51392
7.23787
7.71402
7.97734
7.33017
6.91865
7.18816
7.16013
7.59562
7.36028
7.19957
7.57722
7.71106
7.45009
7.95203
7.87818
8.19825
8.11119
7.75787
7.87803
8.21554
7.97009
8.36944
8.16711
8.10357
8.21454
8.28987
7.89201
7.94815
8.14301
7.99367
7.80106
7.37034
7.39034
7.59393
7.42627
7.41817
7.10232
6.94707
6.83954
7.49659
7.53629
7.36483
7.4358
7.74587
7.65863
7.59104
7.68728
8.19076
8.19127
8.07223
7.73467
7.78577
7.80496
7.71799
7.54261
7.29588
7.19271
7.5099
7.60023
7.41084
7.56295
7.29162
7.19971
7.25615
7.14056
7.16444
7.06254
6.36546
6.2954
6.4664
6.93919
6.85524
6.93385
7.2353
7.61846
7.44133
7.71645
7.7211
7.30448
7.44205
7.89423
7.6079
7.89629
7.91279
7.57236
7.4094
7.71702
8.07256
7.94577
7.89754
7.89275
8.09573
8.03415
8.07906
7.99528
7.59527
7.61811
7.78455
7.91799
7.72355
7.85531
7.88202
8.06994
7.99248
7.6928
7.47615
7.60526
7.69133
7.45241
7.34781
7.49285
7.33474
7.28725
7.15835
7.31892
6.88416
7.4154
7.67519
8.01335
8.10243
7.80354
7.6589
7.58263
7.5207
7.22593
7.42996
7.83319
7.68809
8.10299
8.16884
8.4564
8.40474
8.51815
8.6616
8.38128
8.69903
8.12093
8.0364
8.17766
8.9086
8.65792
8.68508
8.52564
8.14959
8.19503
7.79727
7.90929
8.19648
8.14103
8.25083
8.23717
8.60552
8.09947
7.86816
8.03981
7.91093
7.59212
7.52463
8.24861
8.6345
8.67209
8.54534
8.0963
8.40756
8.15003
8.41624
7.9712
8.07685
8.3878
8.36068
8.09179
8.12664
8.14799
7.99989
7.71872
7.87148
8.09478
8.03821
7.64592
7.92478
7.76412
7.54843
7.49909
7.82158
7.63214
7.7339
7.99789
7.98432
7.7978
7.55028
7.26106
7.50632
7.9021
8.35945
7.83054
7.77577
7.93924
7.60566
7.48734
7.29164
7.10068
6.65051
6.99496
6.81992
6.96351
6.73526
7.03558
7.05385
7.12961
7.30714
7.38958
7.40607
7.51765
7.56826
7.62543
7.39282
7.13438
7.61735
7.79448
7.90076
7.73885
7.65207
7.77495
7.50809
7.45915
7.56951
7.55295
7.4723
7.31761
7.21627
7.19136
7.11808
6.89361
6.95257
7.56142
7.58358
7.04578
7.09449
7.00568
7.39579
7.94428
8.15855
7.47036
7.84533
8.41406
7.99074
7.73479
7.6523
7.59122
7.34683
7.69171
7.72326
7.3765
7.79341
7.70951
7.18149
6.74047
7.24817
7.43258
7.59182
7.95233
7.92842
8.03872
8.46344
8.49149
8.21079
8.07377
8.09721
8.07837
8.25116
7.83527
7.60068
7.14522
7.294
7.26618
7.19092
7.30213
7.75006
7.73434
7.37253
7.22364
7.22563
7.15189
7.18304
7.24437
7.24812
7.39415
7.62657
7.89843
8.08301
7.78357
7.65181
7.5385
7.86951
7.94534
8.05197
8.17831
8.47855
7.93667
7.93997
7.95884
8.08209
7.57624
7.60483
7.4994
7.6578
7.97229
7.75089
7.68012
7.36195
7.46512
7.31656
6.8921
7.44896
7.33512
7.19631
7.68809
7.8418
7.75884
7.7127
7.9702
7.83114
7.79713
7.82073
8.21885
8.10044
7.98763
7.62171
7.43668
7.51395
7.50579
7.41894
7.67251
7.5038
7.26057
7.67667
7.80897
7.9609
7.5668
7.87085
8.18499
8.0885
7.92374
7.87065
8.24519
7.80506
8.11004
8.4372
7.56678
7.51633
7.8338
8.05309
8.01625
8.66041
8.48062
8.16409
7.98773
7.90019
8.15126
8.03519
7.7473
7.86303
7.70301
7.9856
8.17888
8.21698
7.98662
7.78154
7.97565
8.32468
8.28595
8.51781
8.08708
8.36936
8.50424
8.249
8.16426
7.89596
7.86278
7.41046
7.54234
7.62848
7.50185
7.3453
7.13193
7.06282
7.56051
7.73396
7.51066
7.38103
6.79553
7.12951
7.39325
7.37589
7.59344
7.70147
7.81372
7.59189
7.53292
7.02079
6.86181
6.84368
6.56243
6.82782
6.92458
6.95422
6.77066
7.12917
7.48289
7.0103
7.01684
7.47603
7.51647
7.29524
7.0058
7.02671
7.54606
7.24748
7.54998
7.76393
7.88567
7.95844
7.35557
7.61099
7.65916
7.65394
7.4534
7.57034
7.65694
7.6299
7.68348
7.81547
7.54772
7.77255
7.76603
7.99063
7.77792
7.68566
7.86703
7.60111
7.6001
7.53413
7.61426
7.6751
8.22688
7.96941
8.0148
7.87975
8.2555
8.20049
8.33953
8.38747
7.92055
7.56849
7.72395
8.1123
8.31833
8.18069
7.98033
7.70065
7.15847
7.33864
7.48646
7.26711
7.48182
7.23076
7.80363
7.9963
7.61399
7.5686
8.06786
7.89406
7.79605
7.97933
7.71804
8.07125
7.53888
7.2119
7.27983
6.99117
7.15467
7.68423
7.57127
7.68332
8.01589
7.60026
7.97509
8.13856
8.33032
8.11161
8.03941
8.08616
7.60044
7.4784
7.11459
7.19125
7.42965
7.7441
7.84479
7.60206
7.78132
7.85315
7.83186
7.86223
8.08909
8.29312
8.01074
7.60547
7.57849
7.43651
7.54798
7.66638
7.64312
7.4225
7.7325
8.38008
8.05063
7.70797
7.73245
7.65487
7.58078
7.50078
7.18355
7.21245
7.18307
7.22945
7.01552
7.68867
7.72123
8.04447
7.58895
7.61293
7.85203
7.74373
7.73511
7.4666
7.45126
7.36621
7.49765
7.49049
7.44135
7.89291
7.47589
7.37053
7.31228
7.3192
7.1163
7.17447
7.19637
7.23816
7.11006
7.13255
7.39792
7.19239
7.22048
7.44184
7.68607
7.42333
7.44074
7.49091
7.59137
7.87323
7.93916
7.87771
7.63004
7.96451
7.5675
7.55486
7.61225
7.84732
7.71507
7.7602
7.78241
7.544
7.16568
7.49564
7.60566
7.26368
7.12721
7.08366
7.05241
7.31005
7.19042
7.22857
7.52323
7.3724
7.77025
8.10432
7.86241
8.05178
7.72947
7.64301
7.54834
8.2997
8.13728
7.63214
7.63648
7.35168
7.69366
7.53242
8.14604
8.2115
8.13388
8.14869
7.9659
8.27242
8.09564
8.07601
7.74858
7.50127
7.72164
7.4422
7.58477
7.59413
7.5865
7.92788
7.82065
7.82334
7.77983
8.11798
8.03432
8.20313
7.76197
7.85004
7.48255
7.86001
8.16835
8.51618
8.66706
8.14408
7.46425
7.32191
7.1491
7.16666
7.43085
6.93078
7.13789
7.56104
7.51375
7.7661
7.6509
7.73819
7.52371
7.72942
7.79009
7.85719
8.18795
7.78118
7.36555
7.30063
7.54754
6.94961
7.12137
7.13876
6.97545
7.35625
7.31665
7.41934
7.53552
7.49791
7.69739
7.84249
7.59114
7.38453
7.35277
7.20922
7.2759
7.60541
7.17124
7.50582
7.59876
7.74401
8.02447
8.1445
8.40327
8.11289
7.76909
7.2668
7.08945
7.52066
6.94808
7.08818
7.57636
7.55856
7.4855
7.44966
7.61944
7.79085
8.01958
7.48321
7.62478
7.85614
7.8699
7.8593
7.52096
7.47065
7.47352
7.84873
8.00927
7.74432
7.71412
7.61101
7.53917
7.60185
7.42696
7.27192
7.85365
8.02309
8.00238
8.52633
7.97344
7.55653
7.86144
7.37883
7.53241
7.2531
7.6422
7.73844
7.67528
8.09649
7.73334
7.54195
7.78509
7.65304
7.8834
7.64033
7.84789
7.87211
8.04644
8.02098
7.71043
7.40564
7.2994
7.25667
7.37078
7.34426
7.5016
7.33659
7.34126
7.15631
7.28006
7.33914
7.11291
7.5036
7.42073
6.99942
7.35109
7.23541
7.31244
7.20502
7.32049
7.23117
7.40686
6.81896
7.31859
7.91889
7.67667
7.66793
7.78751
7.85236
8.14623
8.02505
8.05672
7.91529
7.99393
8.01605
7.76739
7.47486
7.58721
7.47633
8.12698
8.21437
8.07539
7.82783
7.83753
7.52953
7.78016
7.67444
7.64391
7.62511
7.44388
7.29606
7.4903
7.72126
7.61826
7.7091
7.88134
7.29274
7.31437
7.25245
6.82543
6.85906
7.40632
7.35647
7.22423
7.49594
7.65543
8.09758
8.41937
8.32841
8.13786
8.3294
8.05848
8.18318
8.21393
8.70442
8.39454
8.26071
8.59395
8.5332
8.04817
7.64826
7.8653
8.06958
8.28305
8.30199
8.13582
7.77794
8.21454
8.01101
8.19401
7.75756
7.82261
7.96914
7.71985
7.77531
7.23458
7.43933
7.30486
7.87097
7.26763
7.19632
7.00377
7.48759
8.02178
7.47729
7.92072
7.80286
7.31969
7.42638
7.42979
7.26759
7.30711
7.60786
7.20852
7.19352
7.47238
7.42703
7.4428
7.52912
7.91908
7.9594
7.36807
8.25638
8.62065
8.33684
8.42756
7.92056
7.56319
7.62564
7.30241
7.5484
7.82715
7.50712
7.69116
7.42043
7.65717
7.73602
7.75777
7.74824
7.88469
8.23375
8.88031
8.3362
7.92257
8.01314
7.74334
7.80614
7.48549
7.62799
7.60851
7.63499
7.79199
7.90454
8.04029
8.48037
8.64548
8.7856
9.15456
8.65118
8.97412
9.05828
8.72013
8.40122
8.20439
8.17908
7.8026
7.75806
7.76786
7.58575
7.7415
7.59538
7.75665
7.32976
7.15967
7.31466
7.27505
6.85877
6.96975
7.20832
6.95059
7.13586
7.41095
7.41959
7.76461
7.69329
6.97627
7.54561
7.7308
7.3865
7.28895
7.36884
7.35101
7.03943
7.33273
7.10492
7.11322
6.99875
6.98038
7.16321
7.07661
7.23425
7.46564
7.52728
7.44948
7.04312
7.0031
6.96776
6.83599
7.14591
6.851
6.78158
6.97451
7.09319
7.54665
7.61704
7.80858
7.58061
7.30395
6.84171
6.98079
6.75967
6.96721
6.8897
6.86017
7.09888
7.14896
7.29288
7.34597
7.18236
7.35718
7.40563
7.70816
7.83543
7.88158
7.47833
7.52114
7.45947
7.21124
7.29537
6.87851
6.68057
6.81277
6.63987
7.07168
7.36806
7.51506
7.69265
7.592
7.7718
7.45955
7.59781
7.23051
7.04529
7.09644
7.24767
7.319
7.57918
7.53213
7.87561
7.91792
7.6345
7.09943
7.14866
6.99726
7.16053
7.21708
7.14272
7.12881
6.93553
7.2284
7.35186
7.39284
7.79723
8.03563
8.08922
8.02697
7.93467
7.70428
7.84208
8.44559
8.22952
8.17036
7.90865
7.46879
7.39803
7.62241
7.7715
7.56596
7.25547
7.11802
6.84133
7.16524
7.23465
6.73358
7.08979
6.63784
6.2393
6.42785
6.89085
6.95457
7.66933
7.43034
7.10114
7.05688
7.02419
7.02936
7.07935
6.98218
7.09303
6.81721
6.95376
6.92623
7.23576
7.31415
7.36591
7.23108
7.23177
7.55711
7.57478
7.48302
7.54814
7.60953
7.19463
7.02875
7.3813
7.76016
7.39519
7.18035
7.16521
7.19569
7.39935
7.58886
7.83022
7.6547
7.95234
7.80106
8.10355
7.67951
7.70251
7.43846
7.68891
7.74359
7.952
8.14595
7.87321
8.01657
7.50598
8.39146
7.9061
8.25732
8.3332
7.98551
7.85525
8.19833
8.23745
7.91675
8.06542
7.82925
7.45327
7.85136
8.03348
7.86667
7.71964
7.85967
7.6523
7.34491
7.73302
7.6317
7.88248
8.55629
7.66879
7.7719
8.10726
7.70293
7.73124
7.5592
7.70743
7.76774
8.08237
8.01585
7.95919
8.1409
8.15088
7.94342
7.53827
7.39422
7.41092
7.57186
7.76678
8.03438
7.63102
8.17911
7.97497
7.68082
8.02296
7.57982
6.84235
7.17259
7.05132
7.09752
7.05996
7.56633
7.42073
7.25501
7.11711
7.16726
6.95037
6.89178
7.2509
7.6381
7.57107
7.64304
7.53822
7.28158
7.09603
7.18747
7.00109
7.38137
6.83669
6.3553
6.7363
6.60388
6.86858
6.82987
7.47604
7.45019
7.25581
7.30185
7.1425
7.44555
7.5634
7.85263
7.63226
7.49196
7.17144
7.62132
7.69797
7.70713
7.3821
7.84856
8.05057
7.75864
7.88024
7.62781
7.77064
8.00144
7.90441
7.89667
8.20403
8.24946
8.36763
8.38476
8.50743
8.07898
7.83484
7.84557
7.78348
8.14096
7.74465
8.35562
7.77371
7.69615
8.05696
8.02452
7.62463
8.01129
8.08806
8.40225
7.76414
7.747
7.57456
7.8162
7.88972
7.73274
7.94985
7.25464
6.90719
6.53545
6.79254
7.31408
7.46569
7.18939
7.245
7.02621
6.94755
7.34872
7.40994
7.42867
7.74991
7.6653
7.6732
7.68333
7.33501
7.56502
7.57017
7.30634
7.14421
7.71683
7.17631
7.56337
6.96914
7.00482
6.95813
7.55375
7.23505
6.95377
6.98678
7.43782
7.82891
7.89204
7.88869
7.59451
7.57713
7.88711
7.54682
7.60784
7.72172
8.12127
8.54113
8.58578
8.40725
7.84369
8.03051
7.52546
7.12395
6.79731
7.09091
7.54365
7.55021
7.75514
7.0465
7.2266
7.41405
7.60179
7.54819
7.54814
7.76154
7.82483
7.75187
8.14417
7.61792
7.78669
7.89969
7.53713
7.49793
7.53873
7.25897
7.41456
7.58367
7.70665
7.15969
7.61865
7.40571
7.44172
7.60609
7.45185
7.51455
7.36363
6.65353
6.65985
6.38108
6.42583
6.39485
6.45546
6.89624
6.9228
7.27836
6.99744
7.20754
7.68216
7.71116
7.60943
7.56079
7.48046
7.40746
7.21725
7.22028
6.9853
6.83674
7.07677
6.73544
7.00797
6.78503
6.9079
6.76705
6.74743
7.09682
7.13966
7.23297
7.3204
7.43841
7.29094
7.59112
7.75277
7.46687
7.14342
7.25063
7.68581
8.16181
7.84041
7.89209
8.38746
8.02399
8.03591
7.91797
7.90075
8.17455
7.58613
7.7193
7.89024
7.88564
8.14808
7.95436
7.59836
7.10301
7.13793
7.36551
7.52281
7.93424
8.06345
7.9561
7.79969
7.73841
7.82681
7.83114
7.74475
7.614
7.36471
7.5613
7.42633
7.67718
7.55955
7.64941
7.61413
7.92809
7.52331
7.60525
7.55637
7.57125
7.68901
7.95499
7.92536
7.85626
7.97954
7.98183
8.55903
8.16635
8.43837
8.15363
8.17185
8.09651
7.89197
8.36278
8.26817
7.9945
7.86056
7.99937
7.80652
8.0127
7.58577
7.60466
7.9816
7.56712
7.21449
7.24168
7.55723
7.62019
7.91708
7.86451
7.88254
8.19769
8.30381
8.14181
8.23887
7.90024
8.42778
7.8157
8.07874
8.12293
8.27419
7.93459
7.72016
7.37448
7.36798
7.09139
6.99969
7.24985
6.6932
6.76395
6.85213
7.06192
7.34254
7.62973
7.72319
7.66409
7.97241
7.89227
8.338
7.96948
8.063
7.64257
7.77556
8.00586
8.20426
8.31215
8.13413
8.23513
8.14949
7.91814
7.96237
7.57936
7.21952
7.66824
7.82665
7.83422
7.817
7.48876
7.42511
7.28946
7.91857
7.9122
8.18135
8.82707
8.77065
8.89275
8.72011
8.33801
8.16635
8.35382
8.52579
8.32633
7.89692
7.72366
7.93423
8.14818
8.22164
7.73033
8.02279
7.96017
7.4186
7.31768
7.16269
7.36122
7.15052
7.30328
7.61437
7.57591
7.34858
7.26158
7.65924
7.80242
7.21063
7.55202
7.49082
7.63548
7.97148
7.81623
7.57968
7.01544
7.4387
7.17221
7.02581
7.01068
6.63481
6.85894
7.09911
6.65727
6.69421
6.72598
6.50663
6.50624
6.70949
6.79769
6.50762
7.00937
7.2797
7.60206
7.66642
7.62701
7.63513
7.28056
7.26342
7.063
7.06288
6.88288
6.98577
7.13461
7.09666
6.86804
6.98062
7.2113
7.14712
7.14339
7.33176
7.48971
8.07074
8.0453
7.86294
7.99684
8.07428
7.85824
8.0205
8.40101
8.03244
7.76015
7.83807
7.65538
7.49779
7.59573
7.40194
7.57635
7.50046
7.29112
7.57081
7.51773
7.31858
6.96335
7.27276
7.28679
7.4742
7.10684
7.18143
7.6098
7.33636
7.6769
7.452
7.25201
7.30231
7.55731
7.82394
8.78727
8.84706
8.79553
8.71376
8.97511
8.84442
8.96939
8.80546
8.5287
8.78122
8.58369
8.56087
8.57013
8.35564
8.06468
8.52165
8.65034
8.38547
8.13971
8.14011
8.07998
8.54403
8.4456
8.39425
8.61407
8.91499
9.19862
8.75961
8.20994
7.97716
8.12806
8.21102
8.46249
8.54333
9.15458
8.59998
8.4052
8.08921
7.93433
7.95074
7.8062
7.87022
7.5783
7.4712
7.5507
7.37926
7.67059
7.67557
7.65488
7.7937
8.27447
8.35341
8.1819
7.99054
8.11907
7.44145
7.22859
7.34023
7.54901
7.36905
7.71596
7.68092
7.57453
7.69949
7.65758
7.82127
7.44097
7.55008
7.47765
7.54955
7.60038
7.69398
7.71222
8.14523
7.93371
7.93187
7.98367
8.01924
7.96425
7.88822
8.33536
8.31
8.19426
8.11519
8.02499
7.85261
8.07202
7.55134
7.82128
8.16913
7.85682
8.14515
8.00526
7.81643
7.57073
7.82658
7.88999
7.92349
7.89332
8.03903
7.69036
7.90013
8.07546
7.98712
8.05046
7.95796
7.40419
7.90323
7.76271
7.95438
8.19748
8.17054
8.45813
8.1847
7.83973
7.64572
7.52619
7.04761
7.28143
7.6975
7.38403
7.52023
7.47103
7.39898
7.47487
7.51477
7.24615
7.04022
7.62598
7.48537
7.44342
7.74173
7.36709
7.63373
7.74119
7.98411
8.2233
8.25954
8.13316
8.88599
8.93794
8.01881
8.33569
8.12231
8.10782
7.97786
7.72915
7.94426
8.04842
8.16618
8.05446
8.08633
8.00016
8.09118
7.96673
8.07328
8.20703
8.19895
7.77695
7.6303
7.9452
8.19973
8.25714
7.92006
7.58548
7.58627
7.6354
7.82704
7.68275
7.76162
7.69349
7.32459
7.18189
7.06457
6.96135
7.2727
7.50102
7.4805
7.33672
7.54133
7.17434
7.29783
7.11264
7.19416
7.6149
7.4032
7.72867
7.2829
6.86104
7.5246
7.25335
7.04169
6.77101
6.80047
7.04613
6.96399
7.02394
6.59368
6.93218
7.03337
7.28618
7.53499
7.27098
7.27642
7.06714
7.06503
6.75847
6.94018
7.42898
7.42285
7.58521
8.19067
8.00905
7.71031
7.2037
7.35983
7.60623
7.43656
7.42165
7.53247
7.39375
7.48321
7.79768
8.07885
7.54844
7.7624
7.47927
7.48174
7.99861
7.91835
8.02192
8.36482
8.29242
7.70687
7.79241
7.50978
7.41397
7.22694
6.77148
7.10682
7.85029
7.29093
7.22693
6.81265
7.17045
6.9523
7.20258
7.14705
7.08688
7.10012
6.7205
6.82723
6.78591
6.14212
6.74639
6.4007
6.40621
6.73482
6.81828
6.76416
6.75302
6.57948
7.11251
7.64429
7.82082
7.33293
7.09264
7.68044
7.3785
7.16629
7.02114
7.57186
7.66427
7.65954
7.6344
7.72553
8.00863
7.86553
7.58635
7.59049
8.23532
8.42168
8.11065
7.94146
7.78432
7.75205
7.83039
7.72086
7.59479
7.64817
7.92442
7.52539
7.59679
7.11685
7.336
7.01033
7.17028
7.45177
7.32898
7.31597
7.53179
7.17449
6.96327
7.35969
7.61469
7.45018
7.22806
7.24343
7.5291
7.36421
7.33308
7.70748
7.71989
7.48476
7.56852
7.75501
7.88469
8.36429
8.49741
8.08391
8.02876
8.1929
8.13853
8.00635
7.69247
8.16183
8.40909
8.4659
8.21117
8.25801
8.43895
8.66414
8.71697
8.43555
7.89828
7.66236
7.53747
7.61919
7.41647
7.50563
7.35971
6.99748
7.00745
7.10064
7.53505
7.5129
7.52916
8.31309
8.07971
7.75881
7.8327
7.96222
8.09895
7.96112
7.49651
7.45182
7.38299
7.71257
7.36995
6.74013
7.03675
7.05869
7.12515
7.77751
7.91207
7.62834
7.44622
7.49979
7.90658
7.83491
7.93985
8.28628
8.5838
8.1116
8.32416
8.18902
8.27026
8.39376
8.26264
7.90748
8.21998
7.61715
7.43498
7.52932
8.31667
8.24995
8.47555
8.62634
8.32939
7.61694
7.43573
7.4424
7.02464
7.5839
7.62771
7.61817
7.57184
7.65287
7.38537
7.70036
7.48508
7.46854
8.00697
8.46147
8.47877
8.82142
8.49675
8.40422
8.58447
8.81582
8.47913
8.67786
8.58133
8.85261
8.5109
8.54322
8.70144
9.15091
9.16681
9.16956
9.04025
8.81366
8.71743
8.66531
8.45855
8.66183
8.23143
8.47834
8.53482
8.51398
8.62605
8.34383
8.73274
9.23298
8.96451
9.23773
9.03434
8.74282
8.56013
8.54624
8.20401
8.16315
8.29176
7.83237
7.65302
7.87832
8.03357
8.24675
8.74842
8.35937
8.47842
8.77274
8.31908
8.47373
8.14032
7.76024
7.34408
7.00338
7.4899
7.80202
7.63577
7.76275
7.30132
6.89914
7.77787
7.60636
7.70366
7.50001
7.58979
7.64378
7.7329
7.84769
7.6723
7.43539
7.84159
7.71453
7.37473
7.71357
7.53344
7.84768
7.76943
7.74982
7.76927
7.50277
7.24934
7.1497
7.42511
7.51887
7.49204
7.30084
7.28496
7.53147
7.87452
7.69692
7.67625
7.70479
7.90223
7.64973
7.73141
7.95224
7.83574
7.66172
7.65764
7.6094
8.10335
8.08096
7.73505
7.74419
7.56249
7.13641
7.04281
7.05963
6.85877
6.88214
6.77233
6.58434
6.74333
6.53985
6.63289
6.72545
6.80186
6.921
6.81928
6.88089
6.99223
6.93251
6.89086
6.88595
7.10623
7.35011
7.30756
7.41055
7.50726
7.38284
7.51032
7.58961
7.8119
7.62896
7.41431
7.3065
7.43522
7.33959
6.85906
7.14166
6.94796
7.48519
7.54603
7.86868
7.95198
7.98234
7.70954
7.67102
7.54425
7.34674
7.50979
7.87238
7.73955
7.65768
7.89556
7.90209
7.72845
7.49321
6.9063
7.043
7.30603
7.35323
6.96501
7.19078
7.37168
7.15344
7.78599
7.77202
7.89055
7.81176
8.3545
8.41623
8.23298
8.15228
8.56432
8.69159
8.5225
8.49319
8.74691
9.1337
9.42923
9.23751
8.6569
8.47057
7.97309
7.51028
8.07313
8.03621
7.84706
7.78992
7.4324
7.36779
7.45509
6.99665
7.29135
7.21504
7.03974
7.2245
6.96019
7.17206
7.14715
7.15999
7.66927
7.72556
7.94825
7.94679
7.66796
7.94093
7.68111
7.99809
8.26133
7.64757
7.57395
7.36427
7.288
7.41064
7.0986
7.54041
7.37988
6.91705
7.13778
6.90854
7.17973
7.13091
7.04217
7.4204
7.53764
7.42866
7.84015
7.37252
7.25501
7.11348
7.18653
7.06302
7.14718
7.47528
7.74716
7.62297
8.42278
8.64459
8.30682
8.12385
8.01712
7.49905
7.27404
7.68045
7.53179
7.44633
7.51217
7.45669
7.47312
7.20521
7.56579
7.54491
7.53106
7.61388
7.5389
7.66509
7.49332
7.53925
7.08852
6.96273
7.10266
7.59248
7.3221
7.70811
7.75545
7.29091
7.42895
7.14383
7.35199
6.90206
7.28288
7.0381
7.20525
7.41054
7.18711
7.04236
6.65197
6.73361
6.65946
6.90765
7.36214
7.7869
7.52162
7.65205
7.33089
7.5122
7.44745
7.40723
7.07127
7.42776
7.48171
7.4145
7.83292
7.45042
7.7965
7.5516
7.75397
7.71541
7.68534
7.71011
8.02593
8.08314
8.19849
8.02808
8.33614
8.2682
8.25486
8.15273
8.07936
8.02824
7.92643
7.56513
7.64342
7.96802
7.94589
7.77971
7.47881
7.65234
7.34921
7.1425
7.11186
7.36147
7.34445
7.17969
7.67006
7.92527
7.70376
7.94452
7.53689
7.39568
7.77188
7.40387
7.66596
7.62645
7.0534
7.2209
7.05312
7.18247
7.13083
6.83464
7.30937
7.34161
7.87041
7.91916
8.18189
7.82965
7.71463
8.15435
8.23644
8.16147
7.6879
8.06928
7.94069
8.17811
7.9558
8.30724
8.46235
8.55097
9.01663
8.54876
8.04513
7.97626
7.31358
7.15743
6.75174
6.99616
7.2019
6.99756
7.30469
7.59229
7.38724
7.32564
7.29551
7.45511
7.20824
7.75654
7.86584
8.05592
7.94281
7.91071
7.82114
7.86022
7.88764
7.9432
7.43203
7.51048
7.85156
7.91634
7.9783
7.91173
7.73876
7.91815
7.93598
7.62389
7.55364
7.33964
7.50695
6.98201
7.07147
6.8252
7.03608
7.34122
7.16413
7.1556
7.33809
7.03466
7.00785
6.75124
6.89554
6.83469
6.99482
7.13867
7.54872
7.51545
7.56395
7.46237
7.64798
7.98113
7.96524
7.57887
7.67951
8.04475
8.08513
8.28082
7.24808
6.97354
6.96977
7.24743
7.20797
7.15295
6.83012
6.90222
6.68287
6.89442
7.4614
7.41489
7.28411
7.47363
7.5211
7.81383
8.15386
8.22483
7.26321
7.25511
7.06319
7.08065
6.93502
6.81079
6.61672
6.38658
6.93403
7.01399
7.09856
7.36519
7.31623
7.2689
7.67504
7.59373
7.76677
7.79297
8.46132
7.86697
7.1792
6.97851
7.1373
7.20291
7.48284
7.50329
7.55818
7.89298
7.97958
8.00337
8.15947
8.02789
7.66839
7.70724
7.86146
7.84656
7.9006
7.85325
7.26085
7.4551
7.92786
8.22764
8.2838
7.97806
8.17605
8.44024
8.26415
8.32609
8.03432
7.67068
7.83552
7.48683
7.20735
7.10045
7.39492
7.39796
7.58727
7.56055
7.21872
7.05208
7.49563
7.51286
7.35672
7.67387
7.76839
7.3935
7.62848
7.7266
7.43529
7.25767
7.10363
7.65106
7.63724
7.53104
7.64676
7.89423
7.70466
7.54421
7.58394
7.53752
7.55464
7.45123
7.79145
7.64585
7.56889
7.46935
7.38456
7.55718
7.50137
7.44016
7.03082
6.99574
7.07582
6.79462
6.67135
6.8215
6.98768
6.99572
7.06228
7.68285
7.53929
7.23953
7.02354
7.03308
7.09167
7.24385
6.92126
7.20662
6.85678
7.60618
7.5573
7.16459
7.53799
7.8771
7.84946
7.72959
7.67283
7.40387
7.48885
7.39925
7.39603
7.52416
7.43721
7.20441
6.99988
6.78976
7.06629
7.30947
7.2451
7.18018
7.19939
7.29941
7.21526
7.66138
7.61548
7.29705
7.31416
6.97481
7.79139
7.42561
7.48942
7.0207
6.67337
6.83127
6.7183
7.11382
7.29399
7.34315
7.33776
7.17044
7.55514
7.50866
7.71431
7.50603
7.92082
7.8078
7.40389
7.08833
7.00202
7.20252
7.10817
7.05712
6.92646
6.86218
7.09662
7.07769
7.21216
7.24833
7.3281
7.37319
7.18629
7.41136
7.42625
7.62245
8.03779
7.68567
7.70167
8.01165
8.44841
8.23308
7.80787
8.3187
8.18136
7.90014
7.86669
8.11762
7.4554
7.54631
7.59111
7.78655
7.71555
7.5618
7.91129
8.0394
8.51392
8.45995
8.03011
7.85193
7.66908
7.84904
7.72249
7.61072
7.79591
7.79373
7.90702
7.91104
7.78821
7.59129
7.39695
7.39624
7.27592
7.3098
7.36566
7.03742
7.36294
7.32515
7.49104
7.69596
7.58738
7.16725
7.64846
7.88092
7.50619
7.51547
7.12361
7.57338
7.92453
7.74818
7.98326
7.94049
8.08517
8.60159
8.59259
9.04138
8.58753
8.76233
8.30894
8.35558
8.04925
8.11726
8.12962
7.98914
7.90294
7.87599
7.87879
7.81045
8.07734
8.23912
7.72956
7.52856
7.68576
7.67029
7.41226
7.36426
7.02161
6.85723
6.94018
6.83062
6.57844
6.47516
6.59161
6.45487
6.48512
6.75405
6.91712
7.13539
7.35138
7.37736
7.63394
7.58202
8.12514
8.51058
7.82998
7.63744
7.60984
7.54608
7.07582
6.87798
6.75573
6.53356
6.60773
6.25105
6.2554
6.31903
6.39476
6.5715
6.74327
6.82453
6.77923
7.16923
6.45086
6.24834
6.70943
6.68171
7.11166
7.09625
7.09827
6.7937
6.94767
7.13827
7.3629
7.12464
6.98158
7.42638
7.61906
7.95182
7.97437
7.87757
7.70404
7.96682
7.96986
7.25809
7.4301
7.35306
7.32142
7.56631
7.54907
7.3701
7.21511
7.32442
7.06487
7.13815
7.5256
7.38915
7.39599
7.58356
7.53578
7.02997
7.11697
7.4158
7.1823
7.3433
7.47417
7.35028
7.29147
7.76312
8.05711
8.20766
8.07563
8.11278
7.81901
7.74137
7.78101
7.77097
7.74187
7.95504
8.01356
8.16275
8.21999
8.26362
8.01654
8.18242
8.24234
8.02239
8.42172
8.57013
8.41356
7.85773
7.82421
7.50008
7.8881
7.88625
7.86248
7.80138
7.86505
7.90218
8.008
7.77673
7.61999
7.64937
7.40903
7.06405
6.9979
7.2915
7.18054
7.54832
7.89673
7.96947
7.85089
7.03851
7.08035
7.15735
7.03996
6.86816
6.75029
6.87047
7.15637
7.01457
7.16742
6.75099
6.86081
7.22676
7.35136
7.62525
7.14828
7.0723
7.04963
7.2705
7.11646
7.12247
7.10785
7.33829
7.58375
7.46181
7.17475
6.92768
6.63607
6.76832
7.10193
7.31393
6.57895
6.43725
6.40442
6.72053
7.34952
7.37446
7.4015
7.50972
7.21234
7.21712
7.02403
7.74633
7.5171
7.64577
7.76368
7.79084
8.10973
8.10572
8.2214
7.78504
7.4951
7.29698
7.52251
7.12177
7.02569
7.6104
7.43686
7.54631
7.41675
8.04136
8.26733
8.23744
7.85178
8.2644
8.31783
7.75169
7.64387
7.97078
8.03002
8.12563
8.05524
7.95599
7.86728
7.75465
7.85463
8.10808
7.72418
7.96529
8.08961
7.89792
7.89608
7.85296
7.72917
8.03622
7.83949
8.09735
8.14806
7.94927
7.5558
7.42379
7.56175
7.7537
7.45295
7.39649
6.99945
7.49176
7.06485
7.12327
6.81848
7.12309
7.43079
7.14353
7.62273
7.68248
7.64811
7.16784
6.90132
6.93696
6.69603
6.93442
6.45189
6.53396
6.68464
6.7162
6.74072
7.09796
7.2839
7.22539
7.35607
7.43048
7.14645
7.17669
7.1863
7.25878
6.99503
6.67002
7.06091
7.17683
7.45764
7.4867
7.60512
7.79037
7.72891
7.79421
7.69693
7.70875
8.0181
7.84153
7.64164
7.76449
7.858
7.85096
7.66923
7.65138
7.25561
7.65051
8.31606
7.72067
7.55905
8.00949
7.77864
7.81648
7.6537
7.27791
7.41011
7.2703
7.68096
7.54317
7.62091
7.67723
7.38283
7.45739
7.64301
7.31934
6.97038
6.71645
6.89049
6.80574
7.06097
7.29115
6.81899
6.71207
6.93478
7.13411
7.27563
7.26178
7.52292
7.26769
7.13081
6.74879
6.26864
7.00885
7.16809
6.94518
6.75558
6.71144
6.62574
6.399
7.14387
7.25904
7.10422
6.8597
6.84781
7.03568
7.19654
7.45771
7.07439
6.81601
6.80683
6.57831
6.81846
6.54831
6.59398
7.22205
6.97623
7.02309
7.31373
7.21471
7.16521
6.8153
6.54124
6.39461
6.39478
6.7763
6.91445
6.84636
7.09025
7.32
7.19806
7.08274
6.80173
7.06018
7.54291
7.80825
7.45094
8.00458
8.11481
7.40699
7.51889
7.54879
7.41025
7.83237
7.50848
7.73042
7.44886
7.50476
7.74931
8.11494
7.89344
7.38251
8.07531
7.37375
7.44442
6.90849
7.45323
7.40978
7.55455
7.1311
6.99724
7.05625
6.95057
7.74884
7.64549
7.72887
7.71449
7.86155
7.74185
7.69905
7.75744
7.36112
7.45143
7.40339
7.13527
6.93437
7.2756
7.14099
6.91897
6.75214
6.9194
6.95729
6.64289
6.99971
7.05503
7.43081
7.6647
7.99151
7.869
7.77577
7.39467
7.53133
7.25751
7.46646
7.28992
7.21584
7.34891
7.24767
7.55847
7.64246
8.04972
7.65595
7.21192
7.35453
7.34299
7.37864
7.66987
7.53613
7.6342
8.14975
8.62446
7.89104
7.62042
7.82134
8.08376
8.31695
8.2237
8.46538
8.269
8.43325
8.27779
8.53167
8.65599
8.64972
9.04041
8.79363
8.75842
8.96443
8.77159
8.71625
8.44106
8.34624
8.08417
8.12737
7.85184
7.73043
7.66343
8.0682
8.27629
8.08999
7.78126
7.50832
7.57041
7.46358
7.91319
7.56773
7.60987
7.34802
7.41231
7.62433
7.81415
7.79721
7.73174
7.33646
6.81711
6.82656
7.59265
7.60716
7.79264
7.61567
7.66824
7.85007
7.72158
7.60939
7.80054
8.34711
8.00018
8.12796
8.03667
7.68965
7.80601
7.90848
8.20288
8.13269
8.09845
8.27992
7.8278
7.9289
7.71861
8.30466
7.71026
7.24386
7.29261
7.71701
7.87558
7.90659
7.14639
6.89129
7.39359
7.63211
7.56287
7.29087
7.40719
7.56775
7.25896
7.29166
7.26976
7.08344
7.49033
7.96012
8.01446
8.39814
8.2239
7.9461
7.70116
7.84079
8.02867
8.1982
8.38758
8.30413
8.20144
7.75396
7.56933
7.72447
7.93169
7.76737
7.40388
7.48092
7.48483
7.58332
6.71019
6.63333
6.84016
6.75927
7.32205
6.9214
7.35377
7.86278
7.77086
7.834
8.19524
7.8613
7.94397
7.50257
7.3986
7.84731
8.03314
7.85652
7.72839
7.5558
7.64834
7.84597
7.89845
8.16051
8.73323
8.3277
7.82343
7.86735
7.58817
7.41702
7.61165
7.73811
7.86652
7.71874
7.59101
7.83687
7.35631
7.76345
7.62203
7.32542
6.71696
6.7485
6.54082
6.81378
7.23927
7.45161
7.33172
7.0355
7.09531
6.89059
7.08157
6.83526
7.07965
7.46585
7.59806
7.81182
7.63718
7.62439
7.59474
7.40016
7.52323
6.91306
6.78074
6.78492
7.1522
6.91143
7.07265
7.2828
7.7048
7.47517
7.76553
7.80856
7.83016
8.0906
8.17283
8.09021
8.20293
8.18964
8.22312
8.52131
8.69478
8.76455
8.80766
8.25239
8.36224
8.66303
8.65592
8.2134
8.06568
8.48724
8.23619
7.94103
8.00482
8.07186
8.25508
8.18982
8.19693
8.0361
7.50166
7.61231
7.23072
7.33924
7.47858
7.67446
7.947
8.2799
8.41858
8.40881
7.96349
8.12235
7.65966
7.64199
6.96186
7.43203
7.89653
7.87865
8.07089
8.19518
7.7319
7.39384
7.1673
7.49719
7.81874
8.07732
8.0684
8.61977
8.66474
7.90729
7.59324
7.52297
7.47724
7.26786
7.23645
7.577
7.96099
7.68776
7.795
7.45679
7.5444
7.93977
7.98033
7.75605
6.97789
7.18491
7.64224
7.89237
8.09445
7.97917
7.93101
7.34281
6.8561
6.80029
6.60697
6.72658
6.71403
6.50597
6.75243
6.92158
6.96965
6.55813
6.62456
6.78929
6.89069
7.38013
6.83823
7.0253
7.6392
7.31695
7.17456
6.99676
6.96764
6.86014
7.35575
7.09521
7.59893
7.50809
7.17945
6.99328
7.06151
6.94197
7.1586
7.24137
7.54078
7.95319
8.74248
8.26904
7.74164
7.3581
7.45989
7.29109
7.09834
7.16863
7.38434
7.34494
7.26306
7.52797
7.49262
7.25341
6.92443
6.62889
7.07338
6.6556
7.15132
8.03682
8.34152
8.0732
7.89963
7.85372
8.34903
8.59118
8.72424
8.40215
8.43258
8.1332
7.86927
7.68393
7.59656
7.59557
7.28432
7.5447
7.57517
7.77676
8.17268
8.17855
7.96558
7.92962
7.59317
7.59276
8.00994
8.08792
8.10265
7.68531
7.00742
6.57752
7.08665
7.22752
7.17897
7.44718
6.95892
6.84392
7.47853
7.56656
7.44663
7.6005
7.64009
7.67959
7.96884
7.65656
8.00877
8.16571
7.71356
8.14557
8.14492
7.77446
7.74631
7.74069
7.34988
7.3213
7.3055
7.33386
7.05504
7.29014
7.70289
8.01597
8.33503
7.93956
7.6122
7.54287
7.80627
7.44627
7.44792
7.0093
7.14185
7.46418
7.07528
7.43579
7.5291
7.31145
7.43797
7.36411
7.64399
7.6126
7.665
7.56288
7.39058
7.37321
7.41388
7.71038
7.71557
7.61033
7.27752
7.56746
7.60828
7.56866
7.72094
7.87201
7.59907
7.64409
7.98402
7.85329
7.34134
7.67222
7.71462
8.0119
7.60615
7.56078
7.74439
7.63369
7.72933
7.36034
7.84332
7.85903
7.79527
7.42899
6.98165
6.84458
6.99401
7.10263
7.01373
7.20438
7.50086
7.50388
7.9899
8.30424
8.27794
7.94137
7.5193
7.34826
7.05619
6.87524
6.63205
7.05763
6.72402
6.77247
6.94188
6.95493
7.03866
6.8826
6.86707
7.33391
7.30533
7.65373
7.47431
7.49241
7.45105
7.3523
7.35807
7.57038
7.41118
7.37507
7.51219
7.42998
7.19897
7.69256
7.51912
7.02857
7.0395
7.05832
7.16746
6.68094
6.94566
6.87576
6.87353
6.89165
6.76773
6.9658
6.99759
6.54969
6.64478
6.36826
6.26797
6.63854
6.47423
6.7337
6.92954
7.15208
7.10069
7.35121
7.86618
8.05623
7.97634
8.04793
7.87361
7.90707
8.1693
8.00217
8.35733
8.53244
7.87296
7.61923
7.78587
7.7897
8.04663
7.66887
7.76946
7.38189
7.70231
7.91078
8.21443
8.24252
8.26611
8.20448
8.14138
7.76894
8.17713
8.24164
8.05802
8.29488
8.31297
7.98561
7.79485
8.37315
8.29627
7.81584
7.47894
7.43361
7.55987
8.09185
8.01421
7.93092
8.37138
8.25229
8.35861
7.69448
8.09408
7.80198
7.68159
8.02552
8.32484
7.97455
7.69427
7.8363
8.45382
8.25221
8.36404
7.93688
7.62487
7.41978
7.2461
7.61446
7.57731
7.6327
7.74564
7.54343
7.79854
8.0943
7.98811
7.98798
7.85742
7.5937
7.54112
7.46983
7.82726
7.75417
7.51486
7.36369
7.64648
7.86919
8.17839
8.58514
8.80184
8.82803
8.20954
8.29168
7.9514
7.84093
7.8411
8.06499
8.02027
7.54354
7.71124
7.85449
7.75116
7.69185
7.65228
7.70394
7.70644
7.64824
7.15441
7.08564
7.09362
7.2199
7.36265
7.66133
7.82111
7.95633
8.04427
8.04705
7.9829
7.89138
7.57513
7.33478
7.47975
7.20767
7.44133
7.22014
7.26987
7.31547
7.31835
7.89011
8.25221
8.18201
8.64064
8.48574
8.54537
8.66139
8.20472
8.52484
8.22868
8.02763
7.97532
7.62314
7.91566
7.53711
7.19059
6.95167
7.17832
7.21788
7.53034
7.25955
7.35396
7.34041
7.1964
7.27377
7.44957
7.93929
7.78991
7.4957
7.69236
7.42803
7.61133
7.45778
7.57223
7.90769
7.63077
7.76896
7.93424
7.7034
7.59402
7.45248
7.49261
7.43137
7.50088
7.76061
7.55124
7.68658
7.41465
7.41403
8.2431
8.27065
7.78318
7.90065
8.00593
7.80054
7.93499
7.999
7.62476
7.61001
8.33935
8.03394
7.93952
7.98934
8.20895
8.33472
8.33118
8.05929
8.19926
8.06291
8.34727
8.33065
8.31916
8.55114
8.29468
8.00984
7.63097
8.04848
7.688
7.921
7.8463
7.76521
7.6476
7.59708
7.82911
7.91272
7.55269
7.68887
7.83106
7.71288
7.59705
7.18039
7.39744
6.67517
7.13545
7.09322
7.15277
7.47133
7.61727
7.52105
7.67207
7.74079
7.59493
7.6751
7.61232
7.91574
8.26518
7.69727
7.10554
7.03679
7.0152
7.31885
7.54464
7.70261
7.88158
7.5468
7.45342
7.26992
7.76757
7.61679
7.87834
8.16191
7.92037
7.89973
7.79805
7.80197
7.71509
7.73015
7.76384
8.08412
8.45989
8.81088
8.51839
8.4577
8.88555
8.14732
8.15651
8.259
8.24406
7.91268
7.77927
7.90208
7.61429
7.69849
7.8042
7.70471
8.18749
8.61344
8.29697
7.67489
7.71326
7.58509
7.06228
6.8576
6.90123
6.94294
6.84814
6.64707
7.04471
7.32808
7.10494
7.08585
7.4125
7.32934
7.20811
7.86127
7.80624
7.82781
8.01149
7.49219
7.10841
7.345
7.50101
7.05056
6.98785
7.24103
7.0275
7.25098
7.021
7.26759
7.46902
7.43305
7.41095
7.03621
7.27493
7.53951
7.69117
7.59405
7.4298
7.1997
6.82413
7.14222
7.52414
7.21361
7.533
7.39074
7.30109
6.88663
7.18305
7.03891
7.1705
7.13089
6.96962
6.89136
6.94169
7.21716
7.41432
7.60972
7.39862
7.22537
7.25046
7.31514
8.05911
7.73126
7.51495
7.28495
7.04393
7.28834
7.00084
7.07681
6.95775
7.00025
7.04879
6.7847
6.97303
7.36752
6.81221
6.7278
6.88054
6.72797
6.67796
6.78111
7.15923
7.11829
6.53062
6.59218
6.4018
6.76495
7.09909
6.95153
6.97446
6.76562
6.542
6.74623
6.95893
7.30174
7.44215
7.12985
7.63173
7.69644
7.49257
7.52377
7.35293
7.27452
7.6674
7.6818
7.86684
7.67532
7.45895
7.69804
7.99568
7.9353
7.89629
7.92572
7.09466
6.99016
6.83373
7.50409
7.40808
7.23541
7.12573
7.69069
7.9007
7.9202
7.49595
7.15208
7.03002
7.44896
7.80095
7.56304
7.84515
7.25332
7.37319
7.13333
7.04657
7.13006
7.1713
6.90039
7.06649
7.09459
6.93341
6.94756
6.63147
6.9952
6.77625
6.95762
7.05694
6.90765
6.93593
6.97311
6.62565
6.77203
7.18339
7.48908
7.30079
7.01694
7.05568
6.70708
6.74463
6.60683
6.70652
7.01841
7.12194
7.66794
7.30023
7.56825
7.58914
7.52313
7.95787
7.75767
7.6071
7.2468
7.16844
7.28351
7.39619
7.62589
7.47211
7.60721
7.44525
7.30036
7.59848
8.3561
8.279
8.20368
8.17814
8.4082
8.71991
8.71768
8.39279
8.34599
7.85676
7.95881
8.32966
8.07477
8.47381
8.37745
7.51785
7.40015
7.14434
7.29086
7.11066
6.86471
7.11014
7.49149
7.6641
7.77021
7.81213
7.91546
7.66833
7.73411
7.6098
7.33154
7.6437
7.53677
8.11256
8.13649
