-0.489691   -0.488795   0.488223
-0.337096   -0.331858   -0.486663
0.499468   -0.349659   -0.341196
-0.320129   -0.487899   -0.354504
-0.155719   -0.498607   0.489988
0.0133857   -0.317165   -0.489932
-0.161742   -0.308581   -0.339181
0.000398224   0.493207   -0.344803
0.168493   -0.488425   -0.482531
0.329284   -0.311628   0.499745
0.180479   -0.336545   -0.327077
0.329578   0.493369   -0.325282
0.491424   -0.164912   0.488281
-0.32427   -0.00270755   -0.491874
0.4933   -0.00692862   -0.333839
-0.339593   -0.179783   -0.338704
-0.167042   -0.172028   0.494153
0.00209928   -0.0103446   0.49152
-0.159245   0.00353509   -0.351134
0.0167399   -0.15843   -0.327456
0.157754   -0.148259   -0.491958
0.339699   0.0138293   0.490102
0.183119   0.0128418   -0.318706
0.322673   -0.164906   -0.336333
-0.498686   0.174222   0.485332
-0.316689   0.33986   -0.498378
-0.488873   0.331493   -0.356496
-0.339652   0.165132   -0.34837
-0.149767   0.171544   0.494037
0.011211   0.33587   0.488988
-0.166384   0.337689   -0.327652
-0.0028472   0.169687   -0.329314
0.1733   0.162947   0.499313
0.316195   0.339326   -0.484114
0.163184   0.318527   -0.322861
0.351401   0.169624   -0.335523
0.492207   0.470028   -0.191249
-0.328618   -0.348606   -0.167457
0.489989   -0.35644   -0.00966225
-0.32258   0.487959   -0.0068882
-0.159256   -0.496442   -0.171955
-0.0118189   -0.334169   -0.172258
-0.148281   -0.326444   0.0112164
0.0102232   0.484806   0.00496544
0.151538   0.492228   -0.177254
0.338854   -0.353286   -0.170603
0.187473   -0.359832   -0.0124235
0.352243   0.471945   0.000644391
0.483853   -0.168354   -0.177621
-0.335113   -0.00723073   -0.200189
-0.49361   -0.00790495   0.00605506
-0.322425   -0.174106   -0.00242915
-0.169499   -0.155071   -0.178229
-0.023554   0.00187607   -0.190032
-0.164918   -0.00389383   0.0116277
0.0012826   -0.155321   -0.019244
0.179839   -0.168036   -0.162125
0.345141   0.0238901   -0.139935
0.179045   -0.000594589   0.0011035
0.336501   -0.175275   -0.0112028
-0.49548   0.187287   -0.1647
-0.330332   0.328463   -0.171613
-0.498354   0.326928   0.0126363
-0.336944   0.167369   0.00320796
-0.162009   0.172713   -0.158232
-0.0151955   0.337197   -0.145555
-0.169616   0.329394   0.0207358
-0.00382597   0.167924   0.0248236
0.145828   0.161663   -0.165244
0.325886   0.329576   -0.166433
0.155503   0.315985   -0.0135526
0.323974   0.191905   0.0180923
-0.479062   -0.494366   0.154493
-0.320753   -0.323913   0.154122
-0.484238   -0.331234   0.322158
-0.331994   0.482944   0.324676
-0.16187   -0.488273   0.165919
0.0174936   -0.317617   0.169984
-0.15595   -0.320397   0.339295
0.0168268   -0.471478   0.315999
0.169507   0.47892   0.158243
0.321828   -0.334706   0.169286
0.161425   -0.318468   0.339593
0.295968   -0.495437   0.339367
-0.496713   -0.157268   0.165879
-0.324893   -0.0118486   0.185088
-0.495078   -0.0125896   0.339275
-0.324587   -0.164854   0.347528
-0.146031   -0.181693   0.187746
0.00557453   -0.0167186   0.171831
-0.161647   -0.0117259   0.345046
0.0101625   -0.169025   0.352562
0.172246   -0.168315   0.163238
0.319677   -0.00940159   0.160752
0.160682   -0.00927481   0.328321
0.329374   -0.153007   0.322651
0.486395   0.141263   0.174482
-0.328185   0.307399   0.172867
0.497233   0.320754   0.334954
-0.332045   0.15597   0.350915
-0.144553   0.17846   0.177704
0.00321853   0.334299   0.189812
-0.184458   0.323399   0.338702
0.00793095   0.159091   0.324902
0.160852   0.170731   0.167454
0.328662   0.339458   0.186092
0.168606   0.328818   0.342837
0.323018   0.162503   0.336792
