1.18822
1.17948
1.1741
1.17168
1.1722
1.17595
1.18294
1.1926
1.20392
1.21545
1.22563
1.23322
1.23754
1.23848
1.23639
1.23179
1.22484
1.21541
1.2034
1.18893
1.17269
1.15575
1.13915
1.12364
1.10946
1.09654
1.08491
1.07485
1.06694
1.06182
1.06011
1.06236
1.06964
1.08407
1.10777
1.14058
1.17862
1.21589
1.24724
1.26972
1.28247
1.28585
1.28073
1.2682
1.24938
1.22552
1.19798
1.16845
1.13896
1.11163
1.08858
1.07157
1.06192
1.06037
1.06685
1.08045
1.09959
1.12216
1.14587
1.16819
1.18648
1.19823
1.20146
1.19529
1.1806
1.16038
1.13929
1.12242
1.1133
1.11276
1.11913
1.12989
1.14342
1.15957
1.17901
1.20233
1.22904
1.25713
1.28329
1.30367
1.31494
1.31527
1.30472
1.28474
1.25757
1.22571
1.19151
1.15703
1.12436
1.09598
1.07498
1.06468
1.06749
1.08391
1.11224
1.14916
1.19044
1.23169
1.2687
1.29756
1.31527
1.31972
1.31022
1.28747
1.25372
1.21245
1.16788
1.12444
1.08627
1.05675
1.0381
1.03104
1.03499
1.04829
1.06843
1.09233
1.11666
1.13825
1.15465
1.16453
1.16777
1.16515
1.15803
1.14816
1.1378
1.12942
1.12563
1.12856
1.13914
1.15671
1.17899
1.20256
1.2236
1.2386
1.24521
1.24243
1.23097
1.2132
1.1927
1.17356
1.15972
1.15414
1.15805
1.17055
1.18904
1.21006
1.23005
1.24609
1.25582
1.25756
1.25049
1.23512
1.21337
1.18839
1.16391
1.14327
1.12876
1.12146
1.12127
1.12708
1.13703
1.1491
1.16168
1.17362
1.18389
1.19153
1.19563
1.1955
1.19112
1.18327
1.17355
1.16396
1.15641
1.15205
1.15081
1.15137
1.15186
1.15043
1.14576
1.13717
1.12479
1.10987
1.09491
1.08335
1.07877
1.08376
1.09928
1.12432
1.1561
1.19065
1.22373
1.25194
1.27354
1.2883
1.29642
1.29741
1.28989
1.27261
1.24565
1.211
1.17263
1.13559
1.10449
1.08232
1.07001
1.06688
1.07121
1.08072
1.09314
1.10674
1.12079
1.13572
1.15246
1.1718
1.19375
1.21716
1.24015
1.26054
1.27632
1.28594
1.28841
1.28338
1.27128
1.25314
1.23025
1.20399
1.17557
1.14605
1.11673
1.08931
1.06592
1.049
1.04086
1.04317
1.05631
1.07896
1.10818
1.14007
1.17082
1.1975
1.21843
1.23304
1.24148
1.24431
1.24223
1.23602
1.22648
1.2146
1.20129
1.18697
1.1714
1.15436
1.13666
1.12056
1.10939
1.10649
1.11403
1.13188
1.15738
1.18608
1.21306
1.2341
1.2463
1.24851
1.24091
1.22488
1.20298
1.17875
1.15652
1.14048
1.13328
1.13483
1.1423
1.15121
1.15728
1.15801
1.15322
1.14485
1.1358
1.12874
1.12557
1.12715
1.13356
1.1442
1.15812
1.17419
1.19135
1.20864
1.22523
1.24027
1.25291
1.26276
1.26997
1.27524
1.279
1.28055
1.27823
1.27019
1.25551
1.23465
1.20947
1.18292
1.15827
1.13851
1.12544
1.11901
1.11764
1.11909
1.12115
1.12203
1.12052
1.11653
1.11103
1.10558
1.10159
1.0998
1.10028
1.10254
1.10583
1.10956
1.11346
1.11754
1.12176
1.12592
1.12981
1.1332
1.13587
1.13762
1.13816
1.13711
1.13394
1.12828
1.12028
1.11073
1.10103
1.09286
1.08775
1.08677
1.09044
1.09861
1.11081
1.1264
1.14476
1.16547
1.18789
1.21092
1.233
1.25216
1.26669
1.2752
1.27699
1.27192
1.26058
1.24418
1.22463
1.20422
1.18501
1.16863
1.15617
1.14786
1.14315
1.14103
1.14016
1.13932
1.13766
1.135
1.13196
1.12989
1.1305
1.13512
1.14383
1.15529
1.16743
1.17843
1.18721
1.19363
1.19795
1.20065
1.20208
1.20231
1.20102
1.19775
1.19226
1.18476
1.17629
1.16878
1.16454
1.16507
1.16981
1.17601
1.18001
1.17898
1.17193
1.15966
1.1444
1.12906
1.11657
1.10895
1.10696
1.11034
1.11851
1.13127
1.14828
1.16827
1.18895
1.20797
1.22374
1.23537
1.24222
1.24368
1.23938
1.22981
1.21654
1.20225
1.19016
1.18333
1.1836
1.19078
1.20286
1.21686
1.23022
1.2414
1.24981
1.25537
1.25801
1.25742
1.25298
1.24398
1.22975
1.20993
1.18477
1.15544
1.1243
1.09439
1.06882
1.05019
1.0401
1.03905
1.04647
1.06084
1.08003
1.10165
1.12346
1.14366
1.1609
1.17396
1.18189
1.18419
1.18136
1.17509
1.16778
1.16203
1.16029
1.16431
1.17451
1.18959
1.20681
1.22274
1.23415
1.23874
1.23532
1.22407
1.20634
1.1846
1.1619
1.14143
1.12588
1.11707
1.11554
1.12061
1.13042
1.14226
1.15321
1.1608
1.16363
1.16163
1.15594
1.14849
1.14137
1.13637
1.13452
1.13593
1.13988
1.14515
1.15006
1.1529
1.15224
1.14712
1.13758
1.12471
1.11048
1.0975
1.08854
1.08562
1.08946
1.09902
1.11201
1.12573
1.13802
1.14777
1.15505
1.16075
1.166
1.17146
1.17713
1.18245
1.18711
1.19136
1.19603
1.20204
1.20962
1.21762
1.22395
1.22662
1.22503
1.22038
1.21498
1.21116
1.21024
1.21186
1.21416
1.21469
1.21137
1.20313
1.19035
1.17507
1.16055
1.15064
1.1486
1.15585
1.17125
1.19157
1.21245
1.22984
1.24088
1.24422
1.23998
1.22935
1.21388
1.19509
1.17416
1.15203
1.12975
1.10876
1.09083
1.07769
1.07053
1.06953
1.07367
1.08107
1.08961
1.09774
1.105
1.11186
1.11944
1.12909
1.14211
1.15936
1.18067
1.20468
1.22916
1.25141
1.26886
1.27933
1.28106
1.27295
1.25501
1.22871
1.19728
1.16551
1.13907
1.12297
1.11987
1.12897
1.1464
1.16695
1.18633
1.20247
1.21546
1.22655
1.23699
1.24734
1.25752
1.26678
1.27387
1.27727
1.27536
1.26668
1.25063
1.22776
1.20018
1.17122
1.14477
1.12431
1.11201
1.1081
1.1108
1.11691
1.12275
1.12521
1.12227
1.11317
1.09859
1.08053
1.06217
1.04763
1.04057
1.04254
1.05187
1.0646
1.07649
1.08458
1.08777
1.08677
1.08369
1.08156
1.08346
1.09161
1.10662
1.12692
1.14936
1.17011
1.18587
1.19517
1.19883
1.19994
1.20265
1.21018
1.22315
1.23942
1.25569
1.26944
1.27958
1.28597
1.28864
1.28736
1.28176
1.27169
1.2573
1.23904
1.21737
1.19288
1.16631
1.13889
1.1125
1.08989
1.07405
1.06751
1.07167
1.08634
1.10974
1.1387
1.16934
1.19758
1.21997
1.23405
1.23914
1.23639
1.22856
1.21882
1.2095
1.20166
1.19563
1.19139
1.18868
1.18712
1.18638
1.18607
1.1858
1.18505
1.18307
1.17899
1.17232
1.16344
1.15399
1.14638
1.14288
1.14449
1.15057
1.15914
1.1675
1.17313
1.17409
1.16954
1.15983
1.14634
1.13123
1.11702
1.10615
1.10048
1.10094
1.10754
1.11931
1.13479
1.15241
1.1708
1.18881
1.20572
1.22107
1.23464
1.24618
1.2553
1.26147
1.26414
1.26258
1.25562
1.24198
1.22085
1.19252
1.15895
1.12364
1.09109
1.06596
1.05207
1.0514
1.06387
1.0874
1.11843
1.15271
1.18631
1.21632
1.24088
1.25911
1.27065
1.2755
1.27384
1.2658
1.25177
1.2325
1.20915
1.1834
1.15723
1.13274
1.11205
1.09678
1.08783
1.08538
1.08891
1.09728
1.10892
1.12183
1.13379
1.14311
1.14879
1.1506
1.14869
1.1433
1.13489
1.12441
1.11367
1.10526
1.10207
1.10619
1.11811
1.13647
1.15838
1.1802
1.19833
1.20996
1.21364
1.20966
1.20023
1.18887
1.17968
1.17626
1.18034
1.19136
1.20668
1.22262
1.23554
1.24286
1.24332
1.23711
1.2256
1.211
1.19577
1.18182
1.17004
1.16027
1.15173
1.14384
1.13699
1.13269
1.1328
1.13841
1.14904
1.16238
1.17511
1.18405
1.18708
1.18372
1.17505
1.16303
1.14994
1.13818
1.12993
1.12695
1.12986
1.13795
1.14934
1.16166
1.17266
1.18067
1.18477
1.18474
1.18097
1.17431
1.1658
1.15666
1.14813
1.14138
1.13723
1.13579
1.13649
1.13849
1.14111
1.14425
1.14838
1.15392
1.16051
1.16688
1.17105
1.17088
1.16505
1.15396
1.13993
1.12681
1.11875
1.11852
1.12665
1.14146
1.16017
1.17989
1.19841
1.21482
1.22943
1.24349
1.25849
1.27517
1.29295
1.30969
1.32218
1.32704
1.32172
1.30548
1.28002
1.24949
1.2194
1.19472
1.17818
1.16985
1.16818
1.17077
1.17466
1.17716
1.1762
1.17079
1.16099
1.14775
1.13256
1.11721
1.10341
1.09252
1.08515
1.08135
1.08075
1.08313
1.0886
1.09766
1.11083
1.12826
1.14952
1.17364
1.19928
1.22469
1.24767
1.26581
1.2768
1.2789
1.27129
1.25402
1.22798
1.19499
1.15803
1.12109
1.08846
1.06375
1.04932
1.04579
1.05192
1.0651
1.0819
1.09878
1.11271
1.12181
1.12593
1.12713
1.12921
1.13636
1.15073
1.17112
1.19354
1.21344
1.22763
1.23481
1.23515
1.22985
1.22066
1.20955
1.19857
1.1896
1.18427
1.18385
1.18903
1.19952
1.21385
1.22961
1.24374
1.25347
1.25682
1.25297
1.24208
1.22508
1.20345
1.17915
1.15464
1.1329
1.11699
1.10886
1.10859
1.11402
1.12187
1.12899
1.13343
1.13479
1.13381
1.13189
1.13053
1.13123
1.1352
1.14308
1.15458
1.16831
1.18206
1.19317
1.19912
1.19817
1.1896
1.17394
1.15287
1.12887
1.105
1.08423
1.06886
1.0604
1.05925
1.06484
1.07595
1.09114
1.10886
1.12762
1.14598
1.16257
1.17629
1.18683
1.19464
1.20093
1.20712
1.21448
1.22354
1.23377
1.24357
1.25076
1.25364
1.25171
1.24607
1.23849
1.23034
1.22213
1.21455
1.20919
1.20822
1.21249
1.22019
1.22722
1.22922
1.22392
1.2115
1.19386
1.17341
1.15231
1.13228
1.11448
1.09974
1.0886
1.08137
1.07827
1.07937
1.08451
1.09307
