7.45256
7.50612
7.53379
7.54637
7.54527
7.51807
7.47848
7.42316
7.35799
7.29443
7.24037
7.19578
7.16691
7.15737
7.16689
7.19719
7.23855
7.29518
7.36497
7.44808
7.53789
7.63601
7.72365
7.80627
7.88878
7.96199
8.0262
8.08616
8.12754
8.15512
8.16331
8.15011
8.10255
8.02007
7.89055
7.71073
7.50274
7.29647
7.12811
6.99755
6.91847
6.89385
6.92131
6.99196
7.09614
7.22905
7.3834
7.54597
7.71523
7.86714
7.99923
8.09668
8.14935
8.16179
8.12662
8.05365
7.95375
7.83408
7.70335
7.58544
7.48915
7.4293
7.41624
7.45273
7.5352
7.63804
7.7552
7.85666
7.9127
7.92142
7.88489
7.82884
7.74916
7.64856
7.53381
7.39416
7.23792
7.07469
6.92203
6.80568
6.73777
6.72825
6.78383
6.89292
7.04222
7.22107
7.4162
7.61241
7.79731
7.96027
8.08291
8.14621
8.13868
8.05255
7.90543
7.70756
7.48482
7.25558
7.05046
6.88194
6.77529
6.74466
6.78839
6.90662
7.08712
7.31504
7.56332
7.80555
8.02446
8.20174
8.32048
8.37071
8.35964
8.30262
8.20206
8.0798
7.95149
7.84039
7.74488
7.68439
7.656
7.66107
7.68292
7.71945
7.7661
7.79508
7.80866
7.78649
7.72082
7.62206
7.49326
7.36515
7.25349
7.18052
7.15135
7.17326
7.24093
7.34686
7.45677
7.56117
7.63401
7.66254
7.63614
7.56382
7.46312
7.33751
7.21907
7.12297
7.0695
7.06237
7.09957
7.18187
7.29824
7.43118
7.56306
7.67748
7.75768
7.79691
7.80155
7.77774
7.73132
7.67044
7.60572
7.54206
7.49249
7.45503
7.4252
7.42325
7.44371
7.48356
7.5345
7.58567
7.62596
7.65366
7.66529
7.66611
7.67191
7.69021
7.72638
7.78804
7.86502
7.95045
8.03387
8.09807
8.11926
8.08516
7.99591
7.8579
7.68266
7.48467
7.2898
7.13126
7.00158
6.91589
6.86519
6.85817
6.90703
7.00016
7.15269
7.34501
7.56031
7.76754
7.94205
8.07109
8.14332
8.1647
8.1448
8.08995
8.02014
7.94274
7.8623
7.76931
7.67325
7.56447
7.44862
7.32399
7.20471
7.10203
7.02696
6.9862
6.98973
7.02789
7.0983
7.21153
7.34464
7.50113
7.66262
7.83648
7.9987
8.14584
8.27099
8.35625
8.39043
8.36963
8.28344
8.14874
7.97752
7.793
7.61391
7.45799
7.33449
7.25238
7.20022
7.17956
7.1895
7.22496
7.2816
7.35413
7.43894
7.52995
7.6241
7.71803
7.81482
7.89514
7.94758
7.95534
7.90692
7.80046
7.65416
7.49405
7.33533
7.21508
7.13976
7.12403
7.16012
7.24621
7.36511
7.50677
7.6298
7.71709
7.76524
7.76698
7.74056
7.70416
7.67952
7.689
7.72108
7.76712
7.82235
7.86852
7.89119
7.89006
7.86263
7.80977
7.72971
7.6373
7.54308
7.44088
7.34126
7.24372
7.15756
7.08881
7.032
6.98425
6.95458
6.94208
6.95097
6.99851
7.07539
7.18562
7.32248
7.46409
7.59862
7.71258
7.78685
7.83409
7.85211
7.8549
7.85508
7.8605
7.87705
7.9059
7.93791
7.97728
7.99786
8.01109
8.00947
7.99682
7.97467
7.94966
7.92479
7.8983
7.86638
7.83923
7.81187
7.7907
7.7707
7.76024
7.75322
7.75682
7.77083
7.79753
7.83661
7.88645
7.93329
7.96826
7.99163
7.99409
7.96933
7.92274
7.85264
7.75977
7.6547
7.53852
7.4153
7.29351
7.17276
7.0712
6.99458
6.95139
6.94661
6.98818
7.05903
7.15535
7.26789
7.38786
7.49827
7.5916
7.66521
7.71645
7.74871
7.76389
7.77316
7.77886
7.78628
7.80155
7.81337
7.82225
7.82194
7.79753
7.74921
7.68604
7.62005
7.55733
7.50668
7.46346
7.43133
7.4047
7.38853
7.38224
7.38332
7.39341
7.41878
7.45683
7.49807
7.53144
7.54703
7.54268
7.52232
7.49006
7.4769
7.48851
7.52494
7.59881
7.68021
7.7652
7.83655
7.88134
7.89379
7.88039
7.83867
7.77973
7.69225
7.59289
7.48276
7.38604
7.30425
7.24181
7.20593
7.20183
7.2239
7.27642
7.34251
7.41194
7.4729
7.50769
7.50146
7.4663
7.40244
7.32607
7.25394
7.18748
7.13116
7.09745
7.07474
7.07503
7.10324
7.15386
7.23011
7.33966
7.48055
7.63868
7.80699
7.96761
8.10224
8.19838
8.2523
8.25349
8.20079
8.11382
7.99887
7.87576
7.74609
7.63325
7.53707
7.46235
7.41714
7.41043
7.43715
7.48117
7.53244
7.57204
7.58493
7.57021
7.52576
7.45064
7.36286
7.27991
7.21635
7.19198
7.21044
7.26764
7.36345
7.4809
7.59826
7.70511
7.78712
7.83751
7.84968
7.82927
7.77899
7.7171
7.65666
7.61541
7.60138
7.61023
7.63845
7.67279
7.71225
7.74258
7.75543
7.7493
7.7306
7.7002
7.67504
7.65757
7.66654
7.69607
7.75024
7.81775
7.896
7.96012
7.99956
8.01295
7.99168
7.94503
7.87407
7.79345
7.7273
7.67044
7.63007
7.59357
7.55891
7.5288
7.49567
7.46221
7.43261
7.40344
7.37518
7.33615
7.29751
7.25713
7.22019
7.20636
7.21863
7.24198
7.27534
7.30111
7.31528
7.31834
7.3131
7.31961
7.3479
7.39923
7.46886
7.54987
7.62133
7.66951
7.67266
7.6262
7.53902
7.42805
7.31165
7.20763
7.14291
7.12387
7.14082
7.19265
7.27147
7.37426
7.49077
7.6152
7.74181
7.8644
7.96893
8.04031
8.09042
8.0954
8.07572
8.03891
7.9902
7.94193
7.89775
7.85452
7.80592
7.74857
7.67282
7.57565
7.46672
7.34392
7.22242
7.1125
7.02889
6.98511
6.9829
7.03507
7.14357
7.28988
7.46342
7.64062
7.78478
7.86843
7.88182
7.8343
7.73689
7.61892
7.49739
7.39691
7.31039
7.24091
7.17281
7.10771
7.0443
6.98769
6.95772
6.94578
6.9584
7.01754
7.11536
7.24813
7.40737
7.56869
7.71571
7.83355
7.90304
7.92654
7.91048
7.88014
7.84795
7.82881
7.84131
7.88643
7.96408
8.05712
8.1518
8.22561
8.26745
8.26641
8.2217
8.16318
8.10838
8.07147
8.05666
8.05909
8.06943
8.07953
8.06597
8.01965
7.94206
7.83604
7.71825
7.60599
7.50942
7.45168
7.42655
7.41321
7.38918
7.33932
7.26343
7.17409
7.07916
6.99446
6.93192
6.89101
6.87726
6.88659
6.91331
6.97526
7.0553
7.16417
7.2853
7.43404
7.58874
7.74638
7.89243
8.01921
8.10166
8.14208
8.1177
8.03467
7.90481
7.74229
7.57582
7.4179
7.29491
7.21418
7.18476
7.19881
7.23474
7.28272
7.3375
7.37959
7.41331
7.43723
7.45947
7.47539
7.47889
7.48639
7.49094
7.49964
7.51154
7.53191
7.56577
7.60406
7.64605
7.67959
7.68941
7.66862
7.62983
7.58533
7.54062
7.51299
7.51549
7.54621
7.60268
7.68339
7.7743
7.85814
7.9219
7.95559
7.95754
7.92063
7.86154
7.77566
7.67623
7.56659
7.46149
7.35983
7.27385
7.19287
7.12258
7.06645
7.02999
7.01535
7.02252
7.07127
7.15694
7.27786
7.44398
7.63423
7.82937
8.00857
8.14348
8.21619
8.21871
8.14705
8.01992
7.84485
7.65991
7.46601
7.29325
7.14989
7.04275
6.97465
6.94281
6.95524
7.00166
7.08091
7.19043
7.32781
7.4797
7.63457
7.77468
7.89261
7.97931
8.02324
8.03627
8.01292
7.96444
7.89932
7.82128
7.74457
7.69015
7.65262
7.63882
7.6412
7.66513
7.70756
7.76836
7.82193
7.86718
7.88436
7.86008
7.80339
7.70803
7.59031
7.47607
7.3852
7.32856
7.31198
7.33141
7.38271
7.43996
7.48784
7.5033
7.48647
7.42966
7.34353
7.26405
7.19505
7.15731
7.15117
7.18152
7.2433
7.32149
7.40272
7.48267
7.54512
7.59827
7.64146
7.67946
7.71659
7.73726
7.73608
7.70582
7.65435
7.58639
7.52376
7.47769
7.46715
7.4823
7.52744
7.59088
7.6617
7.72089
7.76263
7.77832
7.75784
7.70927
7.65147
7.58494
7.51947
7.47049
7.44458
7.43974
7.46119
7.49403
7.54328
7.59468
7.64159
7.67503
7.70138
7.71566
7.71706
7.70981
7.70134
7.68861
7.67671
7.65748
7.627
7.60218
7.5859
7.59415
7.62452
7.68099
7.75421
7.82454
7.86048
7.85868
7.81243
7.73239
7.62882
7.52244
7.4218
7.33185
7.24327
7.16384
7.08702
6.99297
6.9025
6.81389
6.7421
6.71578
6.74576
6.8265
6.95969
7.11778
7.27443
7.39839
7.48163
7.53471
7.54098
7.53567
7.52668
7.52452
7.54038
7.57935
7.64303
7.7241
7.81978
7.91571
8.0019
8.06975
8.11493
8.13434
8.13616
8.11721
8.07861
8.01365
7.92496
7.81302
7.68558
7.53478
7.38381
7.23241
7.10638
7.00494
6.9509
6.93837
6.98558
7.08602
7.23676
7.42659
7.63834
7.84712
8.03026
8.17215
8.25578
8.27998
8.25132
8.18046
8.08523
7.98295
7.89949
7.8411
7.81184
7.79402
7.77217
7.73325
7.65908
7.55744
7.44429
7.34731
7.27578
7.24089
7.2391
7.26781
7.31931
7.38085
7.44633
7.49547
7.52622
7.53161
7.50602
7.44706
7.36568
7.27744
7.19937
7.14656
7.12489
7.14706
7.20468
7.29908
7.41277
7.54811
7.68078
7.80114
7.88642
7.93715
7.94186
7.91411
7.87693
7.84137
7.82321
7.81221
7.81189
7.82169
7.83173
7.82387
7.79763
7.75293
7.6946
7.621
7.54882
7.49484
7.46427
7.48253
7.53253
7.61758
7.73974
7.87546
8.0076
8.12583
8.20958
8.25227
8.25789
8.22845
8.16387
8.07771
7.97492
7.86313
7.75828
7.65883
7.57561
7.50937
7.45441
7.41188
7.36522
7.31372
7.25978
7.19851
7.14241
7.09965
7.08182
7.09481
7.12406
7.1611
7.21069
7.2517
7.29692
7.3254
7.33389
7.32224
7.28949
7.25714
7.25396
7.28257
7.35776
7.4545
7.57168
7.68708
7.79767
7.90148
7.98511
8.05012
8.09232
8.10478
8.09774
8.06742
8.01976
