0.792146
0.786322
0.782734
0.781119
0.781463
0.783968
0.788624
0.795069
0.802611
0.810298
0.817086
0.822149
0.825025
0.825653
0.824262
0.821197
0.81656
0.81027
0.802264
0.792619
0.781795
0.770497
0.759432
0.749094
0.739643
0.731025
0.72327
0.71657
0.711292
0.70788
0.70674
0.708242
0.713096
0.722715
0.738515
0.760386
0.785748
0.810596
0.831491
0.846482
0.854983
0.857236
0.853822
0.845468
0.83292
0.817014
0.798655
0.778968
0.759306
0.741085
0.72572
0.714381
0.707948
0.706911
0.71123
0.720303
0.733058
0.748106
0.763911
0.778796
0.790987
0.798823
0.80097
0.796857
0.787067
0.773585
0.759529
0.748278
0.742203
0.741838
0.746083
0.753258
0.762277
0.773045
0.786006
0.801557
0.819362
0.838085
0.855525
0.869111
0.876623
0.876849
0.869817
0.856493
0.83838
0.817139
0.794337
0.771351
0.749571
0.730651
0.716655
0.709785
0.711662
0.722604
0.741491
0.766104
0.793627
0.821129
0.845798
0.865042
0.876845
0.879815
0.873477
0.858313
0.835814
0.808298
0.778585
0.749628
0.724177
0.704501
0.692063
0.687359
0.689993
0.698862
0.712286
0.728219
0.744439
0.758834
0.769766
0.776356
0.778511
0.776768
0.772023
0.76544
0.758535
0.752946
0.75042
0.752376
0.759427
0.771137
0.785991
0.80171
0.815734
0.825736
0.830141
0.828284
0.820643
0.808802
0.795136
0.782372
0.773149
0.769424
0.772034
0.780368
0.792696
0.806705
0.820032
0.830726
0.83721
0.838373
0.833658
0.823413
0.808913
0.792258
0.775939
0.762178
0.752506
0.747637
0.74751
0.751388
0.758019
0.766066
0.774456
0.782413
0.789263
0.794356
0.797086
0.796999
0.79408
0.788844
0.782369
0.775977
0.77094
0.768033
0.767206
0.767579
0.767908
0.766954
0.763839
0.758113
0.74986
0.739913
0.729939
0.722233
0.719178
0.722506
0.732855
0.749549
0.770737
0.793763
0.815817
0.834625
0.849029
0.858865
0.864281
0.864938
0.859929
0.84841
0.830436
0.807332
0.781755
0.757062
0.736328
0.721545
0.713343
0.711256
0.714138
0.720481
0.72876
0.737829
0.747196
0.757148
0.768304
0.781199
0.79583
0.811443
0.826769
0.840359
0.850881
0.85729
0.858939
0.855588
0.847523
0.835426
0.820165
0.802662
0.783715
0.764034
0.744488
0.726209
0.710615
0.699334
0.693908
0.69545
0.704209
0.71931
0.738787
0.760047
0.780544
0.798331
0.812284
0.822026
0.827652
0.82954
0.828156
0.824012
0.817657
0.809732
0.800857
0.791315
0.780935
0.769575
0.757774
0.747042
0.739591
0.737663
0.742688
0.754587
0.771587
0.790721
0.808709
0.822731
0.830868
0.832341
0.82727
0.81659
0.801988
0.785832
0.77101
0.760322
0.755519
0.756556
0.761534
0.767472
0.771523
0.772004
0.768815
0.763234
0.757202
0.752494
0.750381
0.751436
0.755704
0.762802
0.772083
0.782795
0.794233
0.805763
0.816822
0.826844
0.835276
0.841837
0.846648
0.850161
0.852664
0.853701
0.852153
0.846792
0.837008
0.823097
0.806314
0.788612
0.772178
0.759005
0.750291
0.746007
0.745093
0.746058
0.747434
0.748018
0.747014
0.744351
0.740684
0.737057
0.734391
0.7332
0.73352
0.735024
0.737219
0.739707
0.742308
0.745027
0.747842
0.750617
0.753209
0.755467
0.757248
0.75841
0.758774
0.758076
0.755957
0.752185
0.74685
0.740487
0.734018
0.72857
0.725167
0.724516
0.726957
0.732409
0.740542
0.75093
0.763177
0.776979
0.791925
0.807279
0.822001
0.834773
0.844458
0.850131
0.851327
0.847949
0.840385
0.829453
0.816419
0.802813
0.790005
0.779089
0.77078
0.765238
0.762102
0.760685
0.760107
0.759545
0.758438
0.756668
0.754643
0.753257
0.753665
0.756747
0.762554
0.770192
0.778286
0.785623
0.791474
0.79575
0.798636
0.800436
0.801388
0.801537
0.800677
0.798499
0.794838
0.789841
0.784194
0.779184
0.776357
0.776715
0.779874
0.784005
0.786673
0.78599
0.781288
0.773106
0.762931
0.752709
0.744381
0.739303
0.737976
0.740229
0.745673
0.75418
0.765518
0.778845
0.792634
0.805313
0.815829
0.823581
0.828145
0.829118
0.826256
0.819871
0.811028
0.801498
0.793437
0.788888
0.789066
0.793856
0.801908
0.811239
0.820148
0.827601
0.833205
0.836914
0.83867
0.838282
0.835319
0.829318
0.819832
0.806623
0.789844
0.770291
0.749534
0.729591
0.712546
0.700128
0.693402
0.692699
0.697645
0.707226
0.720017
0.734433
0.748974
0.762443
0.773934
0.782643
0.787926
0.789461
0.787575
0.783397
0.778523
0.774683
0.773524
0.77621
0.78301
0.793063
0.80454
0.815161
0.822767
0.825824
0.823549
0.816044
0.80423
0.789734
0.774601
0.760953
0.750586
0.744714
0.743692
0.747076
0.753611
0.761507
0.768807
0.773865
0.775754
0.77442
0.770627
0.765658
0.760915
0.757581
0.756344
0.757285
0.759921
0.763433
0.766709
0.768601
0.768158
0.764749
0.758388
0.749808
0.740318
0.731669
0.725696
0.72375
0.726306
0.732678
0.741341
0.750488
0.758679
0.765178
0.770032
0.773834
0.777336
0.780974
0.784751
0.788302
0.791404
0.794242
0.797356
0.80136
0.806413
0.81175
0.815967
0.817745
0.816686
0.813585
0.809984
0.807442
0.806827
0.807906
0.809437
0.809796
0.807581
0.802084
0.793568
0.78338
0.773697
0.767096
0.765735
0.770564
0.78083
0.794381
0.808298
0.819896
0.827253
0.829477
0.826652
0.819566
0.809255
0.796725
0.782772
0.768021
0.753168
0.739175
0.727223
0.718463
0.713688
0.713023
0.715782
0.720712
0.726407
0.731829
0.736669
0.741239
0.746296
0.752725
0.761408
0.772906
0.787113
0.803122
0.819441
0.834275
0.845909
0.852886
0.854041
0.84863
0.836671
0.81914
0.798184
0.777007
0.759383
0.748645
0.746581
0.752649
0.764265
0.777969
0.790884
0.801647
0.810309
0.817698
0.824657
0.831559
0.838349
0.844523
0.849246
0.851511
0.850237
0.844456
0.833752
0.818505
0.800119
0.780815
0.763178
0.749537
0.741341
0.73873
0.740531
0.744607
0.748499
0.750143
0.748178
0.742112
0.732392
0.720356
0.708115
0.698422
0.693715
0.695023
0.701244
0.709735
0.717661
0.723052
0.725182
0.724511
0.722462
0.721039
0.722304
0.727742
0.737745
0.751277
0.766238
0.780073
0.79058
0.796778
0.799217
0.79996
0.801767
0.806785
0.815431
0.82628
0.837125
0.846296
0.853054
0.85731
0.85909
0.858237
0.854504
0.847791
0.838197
0.826025
0.811581
0.795253
0.777543
0.759258
0.741668
0.726593
0.716034
0.711674
0.71445
0.724225
0.739826
0.759134
0.779558
0.798387
0.813314
0.822703
0.826093
0.824261
0.81904
0.812545
0.806334
0.801107
0.797087
0.794259
0.792454
0.791414
0.79092
0.790715
0.790536
0.790035
0.788713
0.785993
0.781548
0.775627
0.769324
0.764252
0.761919
0.762991
0.76705
0.772758
0.77833
0.782088
0.782728
0.779692
0.773222
0.764228
0.754151
0.744683
0.737435
0.733652
0.733961
0.73836
0.746203
0.756524
0.768274
0.780531
0.792542
0.803816
0.814048
0.823094
0.830785
0.836865
0.840981
0.842762
0.841717
0.83708
0.827988
0.813899
0.795014
0.772634
0.749092
0.72739
0.710642
0.70138
0.700933
0.70925
0.724932
0.745617
0.768474
0.790876
0.810877
0.827252
0.839404
0.847098
0.850335
0.849225
0.843865
0.834515
0.821663
0.806101
0.788936
0.77149
0.755163
0.74137
0.731184
0.725222
0.723589
0.725938
0.731523
0.739282
0.747887
0.755858
0.762072
0.76586
0.76707
0.765795
0.762199
0.756592
0.749604
0.742448
0.736839
0.734711
0.737463
0.745408
0.757647
0.772254
0.786798
0.798886
0.806642
0.80909
0.806443
0.800155
0.79258
0.786455
0.784172
0.786895
0.79424
0.804456
0.815078
0.823695
0.828575
0.828882
0.82474
0.817065
0.807331
0.797181
0.787879
0.780025
0.773511
0.767821
0.762558
0.757997
0.75513
0.7552
0.758941
0.766027
0.774917
0.783405
0.789366
0.791386
0.789143
0.783368
0.77535
0.766624
0.758784
0.75329
0.751298
0.753241
0.75863
0.766224
0.774439
0.781774
0.78711
0.789848
0.789824
0.787312
0.782876
0.777202
0.771108
0.76542
0.76092
0.75815
0.757191
0.757662
0.758992
0.760739
0.762836
0.765584
0.769279
0.773671
0.777921
0.780699
0.780584
0.776701
0.769307
0.759956
0.751207
0.745835
0.745683
0.751098
0.760972
0.773445
0.786592
0.798941
0.809881
0.819617
0.828994
0.838997
0.850113
0.861966
0.873124
0.881455
0.884695
0.881146
0.870321
0.853344
0.832992
0.81293
0.796482
0.785451
0.779901
0.778789
0.780511
0.783107
0.78477
0.784136
0.78053
0.773993
0.765165
0.755043
0.744805
0.73561
0.728345
0.723433
0.720897
0.720499
0.722088
0.725737
0.731775
0.740553
0.752172
0.766344
0.78243
0.799521
0.816459
0.831783
0.843872
0.851197
0.852597
0.847525
0.836015
0.818655
0.796662
0.772018
0.747392
0.725641
0.709166
0.699544
0.697191
0.701283
0.710064
0.721267
0.732522
0.741804
0.747871
0.750623
0.751419
0.752803
0.757571
0.767154
0.780744
0.795696
0.808962
0.818421
0.82321
0.823433
0.819901
0.813772
0.806364
0.799045
0.793064
0.789515
0.789236
0.792689
0.799678
0.809235
0.819739
0.82916
0.835645
0.837881
0.835313
0.828054
0.816721
0.8023
0.786101
0.769758
0.755266
0.744661
0.739239
0.739059
0.74268
0.747911
0.752659
0.755619
0.756524
0.75587
0.754593
0.75369
0.754153
0.7568
0.762054
0.76972
0.778871
0.788041
0.795443
0.799415
0.79878
0.793069
0.782624
0.768578
0.752579
0.736669
0.722818
0.712575
0.706936
0.706165
0.709892
0.717298
0.727428
0.739238
0.751744
0.763986
0.775043
0.784197
0.791221
0.796429
0.800618
0.804745
0.809656
0.815695
0.822515
0.829046
0.83384
0.835758
0.834476
0.830711
0.825662
0.820227
0.814751
0.809701
0.806129
0.805478
0.808328
0.813461
0.818145
0.819481
0.815946
0.807669
0.795909
0.782273
0.768209
0.754853
0.742987
0.73316
0.725735
0.720916
0.718846
0.719579
0.723008
0.728712
