          99           0           0           0           0
          99   0.0230664           0           0           0
          99   0.0461329           0           0           0
          99   0.0691993           0           0           0
          99   0.0922657           0           0           0
          99    0.115332           0           0           0
          99    0.138399           0           0           0
          99    0.161465           0           0           0
          99    0.184531           0           0           0
          99    0.207598           0           0           0
          99    0.230664           0           0           0
          99    0.253731           0           0           0
          99    0.276797           0           0           0
          99    0.299864           0           0           0
          99     0.32293           0           0           0
          99    0.345996           0           0           0
          99    0.369063           0           0           0
          99    0.392129           0           0           0
          99    0.415196           0           0           0
          99    0.438262           0           0           0
          99    0.461329           0           0           0
          99    0.484395           0           0           0
          99    0.507461           0           0           0
          99    0.530528           0           0           0
          99    0.553594           0           0           0
          99    0.576661           0           0           0
          99    0.599727           0           0           0
          99    0.622794           0           0           0
          99     0.64586           0           0           0
          99    0.668926           0           0           0
          99    0.691993           0           0           0
          99    0.715059           0           0           0
          99    0.738126           0           0           0
          99    0.761192           0           0           0
          99    0.784259           0           0           0
          99    0.807325           0           0           0
          99    0.830391           0           0           0
          99    0.853458           0 1.56808e-07 1.56808e-07
          99    0.876524 7.36405e-05 7.05164e-05 5.22816e-06
          99    0.899591  0.00386175  0.00336766  3.3796e-05
          99    0.922657   0.0493648   0.0473213 0.000139242
          99    0.945724     0.30337    0.293507 0.000479889
          99     0.96879     1.02371     1.00617  0.00103528
          99    0.991856     2.25502     2.24021  0.00113967
          99     1.01492     3.62955     3.62606  0.00107692
          99     1.03799      4.6107     4.62041  0.00101982
          99     1.06106     4.88887     4.89704  0.00168639
          99     1.08412     4.46129     4.49128   0.0015555
          99     1.10719      3.6216     3.65811  0.00148457
          99     1.13026     2.68653     2.69302 0.000870226
          99     1.15332     1.81587     1.81558 0.000633354
          99     1.17639      1.1381     1.13008 0.000613858
          99     1.19945    0.661628    0.654466 0.000501127
          99     1.22252     0.35956     0.35306 0.000491737
          99     1.24559    0.183706    0.179983 0.000368339
          99     1.26865   0.0958376   0.0889133  0.00029616
          99     1.29172   0.0556137   0.0495536 0.000256492
          99     1.31479   0.0475487   0.0422997 0.000205608
          99     1.33785   0.0652981    0.060606 0.000234399
          99     1.36092    0.113867     0.10591 0.000286935
          99     1.38399    0.192509    0.184175 0.000332382
          99     1.40705    0.308483    0.300199 0.000330438
          99     1.43012    0.456275    0.453199 0.000298707
          99     1.45319    0.628775    0.628164 0.000269074
          99     1.47625    0.791119    0.797115 0.000422648
          99     1.49932    0.912902    0.921721 0.000525405
          99     1.52238    0.948206    0.970719 0.000665442
          99     1.54545    0.913372    0.929354 0.000627506
          99     1.56852    0.797991    0.808916 0.000442641
          99     1.59158    0.640491    0.641174 0.000297352
          99     1.61465    0.466566    0.465617 0.000230504
          99     1.63772     0.32598    0.316646 0.000354993
          99     1.66078    0.229736    0.219214  0.00037847
          99     1.68385    0.205184     0.19193 0.000440908
          99     1.70692    0.270432    0.254851 0.000535498
          99     1.72998    0.449057    0.433994 0.000620611
          99     1.75305     0.76603    0.749703 0.000680764
          99     1.77612     1.20316     1.19796 0.000585622
          99     1.79918     1.73093     1.72698 0.000426759
          99     1.82225     2.22258     2.23565 0.000613036
          99     1.84531     2.57704     2.59625  0.00104004
          99     1.86838     2.68415     2.71423  0.00127609
          99     1.89145     2.52584     2.55762  0.00116256
          99     1.91451     2.16497     2.18083 0.000853112
          99     1.93758     1.68776     1.69016 0.000415673
          99     1.96065     1.20421     1.20058 0.000379587
          99     1.98371    0.814705     0.80208 0.000570634
          99     2.00678    0.556465     0.54237 0.000649595
          99     2.02985    0.449933    0.434255 0.000631027
          99     2.05291    0.472562    0.461387 0.000532702
          99     2.07598    0.595114    0.586588 0.000378984
          99     2.09905    0.763934    0.758318 0.000237029
          99     2.12211    0.917723    0.917533  0.00029107
          99     2.14518      1.0059      1.0137 0.000384942
          99     2.16824     1.00767     1.02177 0.000455411
          99     2.19131    0.911688     0.91966 0.000349478
          99     2.21438     0.78196    0.780473 0.000236947
          99     2.23744    0.661839    0.653554 0.000301066
          99     2.26051    0.586317     0.57173 0.000490154
          99     2.28358    0.587335    0.573176 0.000607911
