           1     7.58494     7.58494           0
           2     7.56074     7.57284   0.0121012
           3      7.5777     7.57446  0.00717176
           4      7.5888     7.57804  0.00621005
           5     7.53939     7.57031  0.00910476
           6     7.60716     7.57645  0.00964312
           7     7.54738      7.5723  0.00914727
           8      7.6073     7.57668   0.0090493
           9     7.60391      7.5797  0.00853532
          10     7.62113     7.58384  0.00868608
          11      7.6223     7.58734  0.00859958
          12     7.56537     7.58551  0.00806106
          13     7.57356     7.58459  0.00747189
          14     7.58377     7.58453  0.00691788
          15      7.5778     7.58408  0.00645579
          16     7.61655     7.58611  0.00637058
          17     7.57448     7.58543  0.00602309
          18     7.61566     7.58711   0.0059218
          19     7.57335     7.58638  0.00564805
          20     7.56277      7.5852  0.00548678
          21     7.58829     7.58535  0.00522104
          22      7.6001     7.58602  0.00502305
          23     7.59727     7.58651  0.00482455
          24     7.57589     7.58607  0.00464028
          25     7.53563     7.58405  0.00488663
          26     7.65897     7.58693  0.00550874
          27     7.62746     7.58843  0.00550922
          28     7.58238     7.58822  0.00531322
          29     7.62243      7.5894   0.0052607
          30     7.57203     7.58882  0.00511517
          31      7.5564     7.58777  0.00505671
          32      7.5951       7.588  0.00490149
          33     7.58825     7.58801  0.00475065
          34     7.63613     7.58942  0.00482123
          35     7.62047     7.59031  0.00476474
          36     7.54054     7.58893  0.00483248
          37     7.57201     7.58847  0.00472224
          38     7.67044     7.59063   0.0050773
          39     7.58116     7.59039  0.00495135
          40     7.55685     7.58955  0.00489824
          41     7.60587     7.58995  0.00479385
          42     7.60792     7.59037  0.00469786
          43     7.59611     7.59051  0.00458925
          44     7.61588     7.59108  0.00452066
          45     7.65164     7.59243  0.00461944
          46     7.62875     7.59322  0.00458637
          47     7.59414     7.59324  0.00448777
          48     7.59026     7.59318  0.00439371
          49     7.53409     7.59197  0.00446889
          50     7.55049     7.59114   0.0044565
          51     7.57466     7.59082  0.00438018
          52     7.54496     7.58994  0.00438471
          53     7.57825     7.58972  0.00430683
          54     7.55915     7.58915  0.00426406
          55      7.5768     7.58892  0.00419184
          56     7.58132     7.58879  0.00411854
          57     7.63257     7.58956  0.00411791
          58      7.6364     7.59036  0.00412609
          59      7.6046     7.59061  0.00406273
          60     7.64563     7.59152  0.00409836
          61     7.61633     7.59193  0.00405108
          62     7.58705     7.59185  0.00398598
          63     7.59492      7.5919  0.00392251
          64     7.53597     7.59103   0.0039584
          65     7.53606     7.59018  0.00398772
          66     7.60734     7.59044  0.00393543
          67      7.5682     7.59011  0.00389044
          68     7.60831     7.59038  0.00384213
          69     7.59233      7.5904  0.00378615
          70     7.61274     7.59072  0.00374528
          71     7.59062     7.59072  0.00369216
          72     7.54957     7.59015  0.00368511
          73     7.61545      7.5905  0.00365076
          74      7.6545     7.59136   0.0037035
          75     7.59907     7.59146  0.00365524
          76     7.66052     7.59237  0.00371952
          77     7.60494     7.59254  0.00367452
          78     7.59569     7.59258  0.00362733
          79     7.58836     7.59252  0.00358152
          80     7.58302      7.5924  0.00353846
          81     7.57905     7.59224  0.00349839
          82     7.53554     7.59155  0.00352396
          83     7.64892     7.59224  0.00354921
          84     7.64638     7.59288  0.00356545
          85     7.58712     7.59282  0.00352391
          86     7.58485     7.59272  0.00348392
          87     7.54812     7.59221  0.00348159
          88     7.59336     7.59222  0.00344183
          89      7.5533     7.59179  0.00343092
          90     7.63434     7.59226  0.00342537
          91     7.66371     7.59304  0.00347732
          92     7.60044     7.59312  0.00344025
          93     7.60112     7.59321  0.00340414
          94     7.59917     7.59327  0.00336833
          95     7.57463     7.59308  0.00333846
          96     7.58051     7.59295  0.00330609
          97     7.56677     7.59268  0.00328294
          98     7.64279     7.59319  0.00328927
          99     7.66013     7.59386  0.00332535
         100     7.56212     7.59355   0.0033072
