           1    -7.54784    -7.54784           0
           2    -7.55257    -7.55021   0.0023616
           3    -7.54953    -7.54998  0.00138169
           4     -7.5473    -7.54931  0.00118424
           5    -7.55622    -7.55069  0.00165756
           6    -7.54466    -7.54969  0.00168555
           7      -7.555    -7.55045  0.00161377
           8    -7.54427    -7.54967  0.00159665
           9     -7.5448    -7.54913  0.00150869
          10    -7.54186    -7.54841  0.00153272
          11    -7.54142    -7.54777  0.00152493
          12    -7.55138    -7.54807   0.0014242
          13    -7.54986    -7.54821  0.00131726
          14    -7.54886    -7.54826  0.00122042
          15    -7.54972    -7.54835  0.00114036
          16    -7.54181    -7.54794  0.00114238
          17    -7.55013    -7.54807  0.00108073
          18    -7.54277    -7.54778  0.00106063
          19    -7.55013     -7.5479  0.00101086
          20    -7.55203    -7.54811 0.000980939
          21    -7.54745    -7.54808 0.000933581
          22     -7.5452    -7.54795 0.000899719
          23    -7.54571    -7.54785 0.000865204
          24     -7.5495    -7.54792 0.000831235
          25    -7.55676    -7.54827 0.000872176
          26    -7.53478    -7.54775 0.000985565
          27     -7.5408     -7.5475 0.000982708
          28    -7.54856    -7.54753 0.000947731
          29     -7.5411    -7.54731 0.000940956
          30    -7.55063    -7.54742 0.000915763
          31    -7.55275    -7.54759  0.00090222
          32    -7.54642    -7.54756 0.000874342
          33     -7.5477    -7.54756 0.000847445
          34    -7.53963    -7.54733 0.000854562
          35    -7.54159    -7.54716 0.000845815
          36     -7.5561    -7.54741 0.000858657
          37    -7.55074     -7.5475 0.000839958
          38    -7.53257    -7.54711 0.000907051
          39    -7.54882    -7.54715 0.000884569
          40    -7.55314     -7.5473 0.000875049
          41    -7.54448    -7.54723  0.00085622
          42    -7.54409    -7.54716 0.000838924
          43    -7.54584    -7.54713 0.000819754
          44    -7.54278    -7.54703 0.000806992
          45    -7.53585    -7.54678 0.000827086
          46    -7.54033    -7.54664 0.000820986
          47    -7.54632    -7.54663 0.000803358
          48    -7.54707    -7.54664 0.000786496
          49    -7.55711    -7.54686 0.000799332
          50    -7.55458    -7.54701 0.000798251
          51    -7.55017    -7.54707  0.00078489
          52    -7.55548    -7.54724 0.000786452
          53    -7.54946    -7.54728  0.00077261
          54    -7.55326    -7.54739  0.00076621
          55     -7.5494    -7.54742 0.000753043
          56    -7.54885    -7.54745 0.000739909
          57    -7.53979    -7.54732 0.000739141
          58    -7.53863    -7.54717 0.000741577
          59    -7.54446    -7.54712 0.000730339
          60    -7.53731    -7.54696 0.000736428
          61    -7.54247    -7.54688 0.000727976
          62    -7.54833    -7.54691 0.000716521
          63     -7.5465     -7.5469 0.000705086
          64     -7.5571    -7.54706 0.000712062
          65    -7.55733    -7.54722 0.000718606
          66    -7.54385    -7.54717 0.000709466
          67    -7.55101    -7.54722 0.000701152
          68    -7.54364    -7.54717 0.000692774
          69    -7.54685    -7.54717 0.000682676
          70    -7.54283     -7.5471 0.000675701
          71    -7.54753    -7.54711 0.000666143
          72     -7.5546    -7.54721 0.000665007
          73    -7.54277    -7.54715 0.000658654
          74    -7.53539    -7.54699 0.000668851
          75    -7.54574    -7.54698 0.000660083
          76    -7.53448    -7.54681 0.000671788
          77    -7.54463    -7.54678  0.00066361
          78    -7.54598    -7.54677 0.000655127
          79    -7.54723    -7.54678 0.000646807
          80    -7.54819     -7.5468 0.000638914
          81    -7.54937    -7.54683 0.000631774
          82    -7.55701    -7.54695 0.000636246
          83    -7.53671    -7.54683 0.000640542
          84    -7.53697    -7.54671 0.000643674
          85    -7.54788    -7.54673 0.000636205
          86     -7.5478    -7.54674 0.000628887
          87    -7.55498    -7.54683 0.000628786
          88    -7.54595    -7.54682  0.00062168
          89    -7.55402     -7.5469 0.000619951
          90    -7.53959    -7.54682 0.000618388
          91    -7.53387    -7.54668 0.000627914
          92    -7.54524    -7.54667 0.000621249
          93    -7.54525    -7.54665 0.000614721
          94    -7.54556    -7.54664 0.000608257
          95    -7.54992    -7.54667 0.000602811
          96    -7.54879     -7.5467 0.000596907
          97    -7.55131    -7.54674 0.000592637
          98    -7.53776    -7.54665 0.000593672
          99    -7.53448    -7.54653 0.000600371
         100    -7.55237    -7.54659 0.000597199
