0.0564847
0.0564838
0.0564823
0.0564802
0.0564774
0.056474
0.05647
0.0564653
0.05646
0.0564541
0.0564475
0.0564404
0.0564325
0.0564234
0.0564133
0.056403
0.0563903
0.0563777
0.0563639
0.0563489
0.0563334
0.0563169
0.0563006
0.0562829
0.0562624
0.0562426
0.056222
0.0562003
0.056178
0.0561559
0.0561316
0.0561072
0.0560829
0.0560562
0.056029
0.0560009
0.055973
0.0559436
0.0559133
0.0558818
0.0558506
0.0558178
0.0557833
0.055746
0.0557098
0.0556721
0.0556326
0.0555922
0.0555497
0.0555069
0.0554628
0.0554162
0.0553682
0.055318
0.0552656
0.0552118
0.0551557
0.0550987
0.0550388
0.0549769
0.0549125
0.054847
0.0547784
0.0547072
0.0546329
0.0545568
0.0544776
0.0543955
0.0543096
0.0542218
0.0541294
0.0540336
0.0539349
0.0538304
0.0537221
0.0536099
0.0534934
0.0533728
0.0532479
0.0531177
0.0529818
0.0528404
0.052693
0.0525411
0.0523826
0.0522199
0.052051
0.0518768
0.0516968
0.0515132
0.0513254
0.051135
0.0509434
0.0507524
0.0505636
0.0503811
0.0502091
0.0500536
0.0499202
0.0498191
0.0497638
0.0497654
0.0498403
0.0500103
0.0503037
0.0507504
0.0513859
0.0522489
0.0533748
0.0547889
0.0564997
0.0584798
0.0606512
0.0628792
0.064981
0.0667505
0.068008
0.068651
0.0686771
0.0681806
0.0673287
0.0663245
0.065368
0.0646244
0.0641996
0.064111
0.0642824
0.0645487
0.0646965
0.0645208
0.0639009
0.0628525
0.0615149
0.060109
0.0588643
0.0579659
0.057529
0.0575995
0.0581587
0.0591397
0.0604412
0.0619462
0.0635427
0.0651397
0.066679
0.0681339
0.069505
0.0708031
0.0720455
0.0732558
0.0744552
0.075654
0.0768146
0.0778408
0.0785847
0.0788849
0.0786169
0.0777447
0.0763216
0.0744766
0.07238
0.0702092
0.0681266
0.0662705
0.0647368
0.0635837
0.0628294
0.0624544
0.0624052
0.0626062
0.0629622
0.0633687
0.0637216
0.0639287
0.063922
0.063665
0.0631539
0.0624192
0.0615144
0.0605031
0.0594572
0.0584374
0.0574931
0.0566545
0.0559345
0.0553253
0.0548064
0.0543505
0.0539309
0.0535319
0.0531479
0.0527822
0.0524425
0.0521367
0.0518635
0.0516134
0.0513751
0.0511346
0.0508832
0.0506177
0.0503383
0.0500479
0.0497516
0.0494542
0.0491554
0.0488492
0.048527
0.0481825
0.0478089
0.0474069
0.0469832
0.0465479
0.046119
0.0457149
0.0453562
0.0450627
0.0448546
0.0447507
0.0447685
0.0449209
0.0452203
0.0456736
0.046282
0.047037
0.0479192
0.0488989
0.0499339
0.0509718
0.0519613
0.0528601
0.0536475
0.0543277
0.0549359
0.0555253
0.0561582
0.0568931
0.0577692
0.058794
0.0599357
0.0611156
0.0622066
0.0630493
0.0634785
0.0633677
0.0626684
0.0614353
0.0598109
0.0579986
0.056215
0.054662
0.053509
0.05289
0.0528959
0.0535562
0.054805
0.056439
0.0581073
0.0593702
0.0598471
0.0593815
0.0580992
0.0563263
0.0544413
0.0527695
0.0515468
0.0509245
0.0509935
0.0517929
0.0533238
0.0555336
0.0583105
0.0614621
0.0647119
0.0677139
0.070106
0.0715768
0.0719439
0.0712019
0.0695177
0.0671788
0.0645147
0.0618194
0.0593057
0.0570979
0.0552347
0.0536997
0.0524496
0.0514298
0.0505911
0.0498951
0.0493146
0.0488287
0.048422
0.0480812
0.0477929
0.0475453
0.0473238
0.0471164
0.0469116
0.0467009
0.0464651
0.0462137
0.0459501
0.0456796
0.0454163
0.0451762
0.0449823
0.0448602
0.0448416
0.0449652
0.0452714
0.0458055
0.0466148
0.0477383
0.049198
0.0509805
0.0530191
0.0551777
0.0572492
0.0589948
0.060207
0.0607837
0.0607622
0.0602878
0.059548
0.0587106
0.057884
0.0571276
0.0564607
0.0558794
0.0553741
0.0549372
0.0545614
0.0542441
0.0539836
0.0537767
0.0536168
0.053491
0.0533799
0.0532506
0.0530616
0.0527677
0.0523272
0.0517135
0.0509267
0.0499961
0.0489757
0.0479325
0.0469353
0.0460427
0.0452983
0.0447287
0.044348
0.044156
0.0441441
0.0442974
0.0445949
0.0450083
0.0455089
0.0460627
0.0466383
0.0472082
0.047747
0.0482357
0.0486613
0.0490147
0.0492899
0.0494817
0.0495854
0.0496006
0.049527
0.0493692
0.0491371
0.0488482
0.0485261
0.0481999
0.0479022
0.0476727
0.0475523
0.0475876
0.0478267
0.0483168
0.0491015
0.050208
0.0516406
0.0533605
0.0552759
0.0572428
0.0590768
0.0606008
0.0616834
0.0622817
0.0624313
0.0622079
0.0616914
0.0609458
0.0600215
0.0589682
0.0578412
0.0566979
0.0555494
0.0544689
0.0534747
0.0525763
0.0517862
0.0511326
0.0506508
0.0503732
0.0503176
0.0504676
0.0507632
0.0511084
0.0513912
0.0515206
0.0514631
0.0512586
0.051005
0.0508216
0.0508081
0.0510178
0.0514475
0.0520486
0.0527388
0.0534307
0.0540443
0.0545328
0.0548796
0.0550944
0.0552045
0.055241
0.0552267
0.0551713
0.055069
0.0549004
0.0546391
0.0542594
0.0537387
0.0530684
0.0522554
0.0513207
0.0502979
0.0492255
0.0481394
0.0470728
0.0460549
0.0450987
0.0442165
0.0434158
0.0426959
0.0420584
0.0415007
0.041024
0.0406264
0.0403084
0.0400713
0.0399164
0.0398473
0.0398673
0.0399825
0.0401951
0.0405083
0.0409242
0.0414362
0.0420349
0.0426976
0.0433932
0.0440806
0.0447105
0.0452326
0.0456078
0.0458093
0.0458367
0.0457098
0.0454631
0.0451427
0.0447922
0.0444527
0.0441564
0.043926
0.0437798
0.0437292
0.043783
0.0439468
0.0442229
0.0446138
0.045116
0.0457215
0.0464158
0.0471745
0.0479663
0.0487528
0.0494889
0.0501348
0.0506586
0.0510472
0.0513067
0.0514633
0.0515553
0.0516209
0.0516929
