1
0.658261
0.473586
0.3591
0.281922
0.22676
0.186532
0.155866
0.13373
0.11505
0.099106
0.0877989
0.0775232
0.0690187
0.0630092
0.0574048
0.0533243
0.0494244
0.047297
0.0431017
0.0404891
0.0394316
0.0369275
0.0354779
0.034703
0.0334617
0.0323532
0.0328163
0.0333085
0.0324169
0.0309032
0.0297855
0.0292483
0.028709
0.0284459
0.0267619
0.0267689
0.0263039
0.0265943
0.0271746
0.0255983
0.0251339
0.0241615
0.0244213
0.0239613
0.0246631
0.0253572
0.0253938
0.0258569
0.0256978
0.0254256
0.0249442
0.023767
0.0228343
0.0222403
0.0220325
0.0211153
0.0212168
0.0228306
0.0238546
0.0247018
0.0242629
0.0247153
0.0251881
0.0256654
0.0261169
0.025889
0.0263858
0.0276078
0.0275801
0.0263725
0.0258396
0.0276425
0.0273913
0.0257122
0.0252136
0.0244818
0.0250932
0.024244
0.0256257
0.0246065
0.0237487
0.022399
0.023761
0.0224173
0.0211634
0.0202557
0.0205089
0.0204446
0.0202749
0.0198915
0.0198939
0.0196301
0.019577
0.0191067
0.0199736
0.0213411
0.021482
0.0228132
0.0239957
0.0238969
0.0234102
0.0222396
0.0211407
0.0208799
0.0189588
0.0191711
0.0202074
0.020274
0.0202421
0.0180964
0.0177081
0.0185418
0.0172681
0.0177592
0.0185082
0.0179458
0.0189585
0.0197777
0.0200791
0.0187393
0.0170798
0.0162123
0.0168733
0.0177591
0.0182783
0.0182502
0.018361
0.0185497
0.0205032
0.0210036
0.0214402
0.0210215
0.0198221
0.0205726
0.020758
0.0209244
0.0206429
0.0207161
0.0188242
0.0182927
0.0183045
0.0177193
0.0160534
0.0150368
0.0153274
0.0162713
0.0165067
0.0161446
0.01548
0.0161572
0.0177538
0.0188153
0.0185526
0.018452
0.019505
0.0196047
0.0194651
0.020108
0.0196028
0.0190423
0.0196644
0.0197238
0.0189438
0.0188257
0.0174822
0.0177551
0.0175698
0.0162142
0.0165897
0.0170577
0.0177172
0.0181302
0.0173705
0.0182248
0.0179004
0.0166848
0.0161647
0.0168306
0.0165972
0.0169832
0.0159848
0.0151692
0.0154868
0.0154585
0.0160146
0.0142844
0.016347
0.0169266
0.0167224
0.0175712
0.0189409
0.0188712
0.0172548
0.0153449
0.0144012
0.0132309
0.0132992
0.013004
0.0119805
0.0106081
0.0112326
0.0120119
0.0129963
0.0136363
0.0143859
0.014444
0.0139982
0.0140727
0.0133702
0.0136652
0.0132013
0.0124546
0.013013
0.012312
0.0125784
0.0127027
0.012729
0.0138494
0.0150961
0.0166384
0.0179446
0.0171082
0.0160933
0.0157971
0.0153512
0.0149823
0.0158744
0.0162997
0.0166022
0.0173968
0.01723
0.016728
0.0188783
0.017962
0.0173278
0.0159271
0.0148769
0.0151117
0.0153118
0.0147219
0.0133679
0.0138944
0.0135192
0.0135203
0.0144703
0.0143931
0.01346
0.0139856
0.0130118
0.0135472
0.014286
0.0132965
0.0125231
0.012965
0.0130055
0.011581
0.0118313
0.0123317
0.0130112
0.0117722
0.0120705
0.0132259
0.0143075
0.0152189
0.0148708
0.0150648
0.0161573
0.01598
0.0156499
0.0157362
0.0139642
0.0124695
0.0118481
0.0123682
0.0123275
0.0117164
0.00993901
0.00950296
0.00997345
0.0101579
0.0109645
0.0112515
0.0115632
0.012342
0.0128088
0.0124504
0.0113741
0.0115383
0.0118611
0.0115927
0.0112382
0.0126647
0.0139564
0.0150711
0.0156654
0.0163966
0.015117
0.0159857
0.0164895
0.0153433
0.0145402
0.0143337
0.0140296
0.0153331
0.0143322
0.0148217
0.0150356
0.0154458
0.0149106
0.01426
0.0140789
0.0136203
0.0128817
0.0131763
0.0132262
0.0133207
0.0128318
0.013425
0.0133326
0.013565
0.0131036
0.0127372
0.012005
0.0115233
0.012655
0.0133164
0.0125056
0.0121421
0.013992
0.0144729
0.0143981
0.0143755
0.0125876
0.0110846
0.0116704
0.0116428
0.0119582
0.0129912
0.0122358
0.0124643
0.0120999
0.0114407
0.0108598
0.0107632
0.0115665
0.0110563
0.0104165
0.0094733
0.00876187
0.00891089
0.00872271
0.00873197
0.0083565
0.00998592
0.0096469
0.00879826
0.00863212
0.0101372
0.00938917
0.0090263
0.00991677
0.00908236
0.00849472
0.00850407
0.00687651
0.00703173
0.0072793
0.00797645
0.00911785
0.0108969
0.011137
0.0114271
0.0127314
0.01231
0.0116517
0.0109109
0.0125556
0.0125228
0.0128076
0.0137325
0.0150067
0.0143751
0.0135777
0.0137157
0.0131112
0.0117678
0.0110105
0.0109722
0.0108836
0.00970442
0.0100233
0.0101468
0.010385
0.0110141
0.0110425
0.0105918
0.0105603
0.00919314
0.00876421
