1
0.306976
0.113334
0.0513467
0.0264467
0.0164385
0.00979404
0.00573715
0.00288537
0.00474997
0.00313852
0.00119404
-0.000633859
0.000466508
0.00110309
0.00111525
0.00159192
0.00027664
0.00153838
-0.000180577
0.000576804
0.000781641
0.00070439
0.00144449
0.00079569
0.000316111
0.000977057
0.00211172
0.00239106
0.00184862
0.00282165
0.00425599
0.00118026
-0.00209988
-0.000253866
-0.00161492
-0.00022305
-0.00126082
-0.00244072
-0.00203121
-0.000392347
-0.00050915
-0.000575294
2.37469e-05
-0.00114018
-0.00246029
-0.000424541
0.000388772
-0.000694802
-6.79937e-05
-0.00248176
-0.00155465
-0.001672
-0.00329999
-0.00124599
-0.00207205
-0.000881955
8.6402e-05
0.00150661
0.0011402
-0.000384568
-0.000691486
-0.00126015
-0.00189107
-0.00270619
0.00108177
5.45928e-05
-0.000240194
-0.00134749
0.000813502
0.00127927
-0.000202755
0.00133366
0.00367787
0.00412822
0.00280183
0.000936987
0.00158181
0.000781137
0.0017663
0.000398439
-0.000577536
-0.000663854
0.000217167
0.000448429
0.00278322
0.00209152
0.00108012
-0.000125018
-0.00133758
-0.000593725
-0.00115884
0.000107964
0.000564828
-0.0011508
-0.00132806
-0.000625647
0.00141369
0.000339666
0.00095371
0.00132388
0.0021013
4.75993e-05
0.0010822
0.0015541
0.000948878
0.000214896
0.000535805
0.00207069
-0.000602084
-0.00164857
0.000418373
0.00222542
0.000974115
-5.35566e-05
0.000341098
0.000398309
0.000682524
-0.000732412
0.000312038
-0.000209815
0.000607656
0.000148468
-0.00200875
-0.00115124
-0.000653684
-0.0010514
-0.000578381
-0.00179289
0.000196656
0.00145748
9.66876e-05
-0.00104288
-0.00479876
-0.0019647
-8.28759e-05
-0.00136207
-0.00194888
-0.00337013
-0.000594469
0.000459836
0.00219609
0.000588688
0.00168519
0.00170931
0.00192704
0.000280434
-0.00179519
-0.00157479
-0.000449142
0.0010535
-0.00134771
-8.40735e-05
0.00152981
0.00255206
0.00296159
0.00306221
0.00203607
-0.00210646
-0.000657107
-0.00143086
0.000757382
0.00205558
0.00162477
-9.84043e-05
-0.00161498
0.000744231
0.00121361
-0.00161618
0.00165615
0.000794508
0.000530673
-0.000712609
0.000152254
0.000902963
0.000693876
-0.00042593
0.00272642
0.00310794
0.00327274
-0.000209422
0.00184291
0.00324496
0.00357509
0.00225921
0.00279442
0.00101802
0.000855745
0.000615529
-0.000659944
-0.000520384
0.000661994
0.000521993
0.00132158
0.00174177
0.000987678
0.00204696
0.0017862
0.00144982
-0.00123163
-0.000726556
-0.00172455
-0.00159358
-0.000799637
0.00145947
0.00123384
0.000822538
-0.000393388
-0.00181283
-0.00140051
0.000327865
-0.00163905
-0.00081355
-0.00185885
-0.000475392
-0.00112409
0.000413056
0.000244107
-0.00109652
4.03267e-06
-0.00120113
0.00123403
0.00179704
0.0010336
0.000907021
0.000228164
-0.000568609
0.00138737
0.00178669
0.00101395
0.000604037
-3.95646e-05
-0.000176453
0.000683388
0.00281064
0.000639693
-0.00211616
-0.00356855
-0.00189105
-0.0018216
-0.00181439
-0.000913603
0.000164165
-0.000105158
0.00106081
-0.000582871
0.0028663
0.00277521
0.00207749
-0.000360098
-0.00214801
-0.00139377
-0.000628685
-0.00160551
-0.000389015
0.00147798
9.85489e-05
0.00121144
1.25938e-05
-0.000229993
0.000445751
-0.00142488
-0.00286855
-0.00116342
0.00106034
0.00224184
0.0012383
0.000868695
-0.00111268
-0.00177535
-0.00042478
0.000766639
0.00102356
-0.00200209
-0.00142303
-0.00276751
-0.00346731
-0.00352543
-0.00205317
0.000491996
0.00068099
-0.00223314
-0.00197951
-0.000759452
-0.00098831
-0.00250721
-0.00152373
-6.29985e-05
-3.15927e-05
-0.000534335
-2.40628e-05
0.00176495
0.00218115
0.00176171
0.00348402
0.00062817
0.00106344
0.00386414
0.00134684
-0.000707824
-0.0025729
-0.00147126
-0.000245537
-0.00045573
0.00275608
0.00255481
0.000501414
0.00188621
0.00172768
0.00369204
0.00135085
0.00143832
0.00206568
-0.000207825
-0.00146883
-0.00254272
-0.00329216
-0.000269067
0.000248882
-0.00154975
0.000882004
0.000497991
-0.000871218
-0.000297257
-0.00297936
-0.000435948
0.000284779
0.0022163
0.00335965
0.00143699
0.00241033
0.000509901
0.00154757
0.00228567
-0.000162949
-0.00191539
-0.000706996
0.000704586
0.00125108
0.000749692
-0.000220947
0.0016351
0.000445603
-0.00356249
-0.000654108
2.97917e-06
-0.000475744
0.0014279
0.00463797
0.00426294
0.0013724
-0.00262654
-0.00282371
-7.07096e-05
-0.000370371
0.00121328
0.00220712
0.000847002
0.0030269
5.52595e-05
-0.000701644
0.00250272
0.00174903
0.00360495
-0.000218503
-0.00353307
-0.00189028
-0.00112875
-0.00143353
-0.00157814
0.000329997
0.000870371
-0.000459289
-0.00220304
-0.0020349
-0.000429692
-0.00160433
-0.00130265
-0.0019117
-0.00103938
-0.00026665
0.000416829
-0.00111026
-0.00127487
-0.000576664
0.000499006
5.89088e-05
-0.00142699
-0.000798677
0.00152236
1.16888e-06
-0.000498956
0.000632138
0.00199098
0.00269328
0.0018311
0.00174843
0.00142276
0.000878999
-9.81825e-05
