           1   -0.278555   -0.278555           0
           2   -0.405623   -0.342089   0.0635343
           3   -0.388913   -0.357697   0.0398641
           4   -0.436814   -0.377476   0.0344353
           5   -0.420488   -0.386079   0.0280263
           6   -0.419003   -0.391566   0.0235321
           7   -0.428501   -0.396843   0.0205763
           1   -0.412646   -0.412646           0
           2   -0.411459   -0.412052 0.000593634
           3   -0.411863   -0.411989 0.000348499
           4   -0.408583   -0.411137 0.000886532
           1   -0.413713   -0.413713           0
           2   -0.414542   -0.414128 0.000414474
           3    -0.40853   -0.412262  0.00188135
           4   -0.409238   -0.411506   0.0015301
           5   -0.413235   -0.411852  0.00123464
           6   -0.414314   -0.412262  0.00108839
           7   -0.412602   -0.412311 0.000921136
           8   -0.423875   -0.413756  0.00165105
           9   -0.420615   -0.414518  0.00164348
          10   -0.418644   -0.414931  0.00152676
           1   -0.414073   -0.414073           0
           2   -0.415026   -0.414549 0.000476557
           3   -0.414113   -0.414404 0.000311205
           4   -0.414209   -0.414355 0.000225357
           5   -0.413599   -0.414204 0.000230966
           6   -0.415075   -0.414349 0.000238013
           7   -0.414797   -0.414413 0.000211089
           8   -0.413871   -0.414345 0.000194939
           9   -0.414778   -0.414393 0.000178529
          10   -0.414794   -0.414434 0.000164636
