           1   0.0504386   0.0504386           0
           2   0.0479411   0.0491898  0.00124875
           3   0.0499218   0.0494338 0.000761141
           4   0.0485285   0.0492075 0.000583858
           5   0.0479892   0.0489638 0.000513718
           6   0.0498635   0.0491138 0.000445447
           7   0.0484255   0.0490155   0.0003891
           1   0.0488226   0.0488226           0
           2   0.0495041   0.0491633 0.000340773
           3   0.0489547   0.0490938 0.000208678
           4   0.0490526   0.0490835 0.000147916
           1   0.0487338   0.0487338           0
           2    0.049539   0.0491364  0.00040257
           3   0.0491106   0.0491278 0.000232583
           4   0.0497385   0.0492805 0.000224408
           5   0.0489291   0.0492102 0.000187495
           6   0.0494314   0.0492471 0.000157467
           7   0.0492437   0.0492466 0.000133084
           8   0.0486002   0.0491658 0.000140753
           9   0.0487856   0.0491235 0.000131125
          10   0.0487342   0.0490846 0.000123575
           1   0.0490154   0.0490154           0
           2   0.0488924   0.0489539 6.15162e-05
           3   0.0490036   0.0489705 3.91823e-05
           4   0.0489874   0.0489747 2.80281e-05
           5   0.0489736   0.0489745 2.17117e-05
           6    0.049024   0.0489827 1.95536e-05
           7   0.0489377   0.0489763 1.77356e-05
           8   0.0490541    0.048986 1.81799e-05
           9   0.0490635   0.0489946 1.81976e-05
          10   0.0489919   0.0489944 1.62787e-05
