          40           2   -0.460248   -0.462036 0.000252539
          40           2   -0.460232   -0.462154 0.000252045
          40        1.95   -0.470416   -0.472201 0.000255049
          40         1.9   -0.480016   -0.482482 0.000265336
          40        1.85   -0.490928   -0.493297 0.000266104
          40         1.8   -0.501512   -0.504372 0.000263626
          40        1.75   -0.512576   -0.516062  0.00026066
          40         1.7   -0.523736   -0.528206 0.000269083
          40        1.65     -0.5374   -0.541261 0.000274223
          40         1.6   -0.550352   -0.554473 0.000299499
          40        1.55      -0.564   -0.568265 0.000303388
          40         1.5   -0.576472   -0.582504 0.000322273
          40        1.45   -0.591072   -0.597588 0.000304695
          40         1.4   -0.606352   -0.613495 0.000333228
          40        1.35   -0.623064   -0.629637 0.000357772
          40         1.3   -0.641376   -0.646924 0.000396464
          40        1.25   -0.660256    -0.66509 0.000336592
          40         1.2   -0.678864   -0.682987 0.000287444
          40        1.15   -0.698784   -0.701616 0.000293713
          40         1.1   -0.718888   -0.721443 0.000364355
          40        1.05   -0.738936   -0.741452 0.000411201
          40           1   -0.758184    -0.76161  0.00036861
          40        0.95    -0.77836   -0.782774 0.000382177
          40         0.9   -0.803864   -0.804659  0.00047738
          40        0.85   -0.821672   -0.825922  0.00048604
          40         0.8   -0.843784   -0.847984 0.000515456
          40        0.75   -0.867904   -0.870431  0.00064878
          40         0.7   -0.883248   -0.891458 0.000823198
          40        0.65   -0.906296    -0.91344 0.000874903
          40         0.6   -0.936144   -0.934788 0.000981443
          40        0.55     -0.9622   -0.954919  0.00118086
          40         0.5   -0.979632   -0.971554  0.00108015
