          40           2    0.190579    0.197306 0.000538271
          40           2    0.195083    0.197561 0.000478559
          40        1.95     0.20334    0.205092 0.000517714
          40         1.9     0.21276    0.213142 0.000556315
          40        1.85     0.22226    0.221728 0.000645695
          40         1.8    0.232859     0.23056 0.000721064
          40        1.75    0.242561     0.24034 0.000719611
          40         1.7    0.252514    0.250195 0.000800321
          40        1.65    0.259902    0.260838 0.000784724
          40         1.6    0.266982    0.270687 0.000748689
          40        1.55    0.277937    0.282248 0.000773902
          40         1.5    0.289622    0.294186 0.000841537
          40        1.45    0.302687    0.305343 0.000857035
          40         1.4    0.310056    0.317099 0.000890575
          40        1.35    0.325282    0.329303 0.000957045
          40         1.3    0.338235    0.342605  0.00113314
          40        1.25    0.354691    0.357937   0.0012391
          40         1.2    0.368577    0.371979  0.00133351
          40        1.15    0.391276    0.384801  0.00148044
          40         1.1    0.402779    0.396951  0.00132401
          40        1.05    0.411566     0.40895  0.00144609
          40           1    0.409339    0.416777  0.00144435
          40        0.95    0.437338    0.425469  0.00218042
          40         0.9    0.416264    0.432794  0.00214265
          40        0.85    0.440078    0.439387  0.00221401
          40         0.8    0.417031     0.43707  0.00297728
          40        0.75    0.425494    0.434551  0.00317847
          40         0.7    0.400817    0.424772  0.00429049
          40        0.65    0.448649    0.424202  0.00425723
          40         0.6    0.408246     0.41099    0.004864
          40        0.55    0.354638     0.39078  0.00399827
          40         0.5    0.278501    0.340298  0.00846096
