          40           2    0.016192   0.0275342  0.00116268
          40           2    0.015144   0.0273521  0.00114326
          40        1.95    0.016908   0.0290675  0.00119482
          40         1.9    0.018248   0.0306892  0.00114594
          40        1.85    0.018656   0.0328233  0.00113855
          40         1.8    0.020352   0.0347095  0.00121682
          40        1.75     0.02116    0.036799  0.00123802
          40         1.7      0.0246    0.039454   0.0013175
          40        1.65       0.022   0.0420486  0.00144672
          40         1.6    0.023168   0.0442836  0.00147324
          40        1.55    0.028448    0.047323  0.00155066
          40         1.5    0.031056   0.0515892  0.00161432
          40        1.45    0.034024   0.0559285  0.00168135
          40         1.4    0.047044   0.0610107  0.00176627
          40        1.35    0.053828   0.0669079  0.00180575
          40         1.3     0.05636   0.0735076  0.00216351
          40        1.25    0.053792   0.0809414  0.00234887
          40         1.2    0.062172   0.0903328  0.00270752
          40        1.15    0.060332    0.098217  0.00300402
          40         1.1    0.057568    0.110344  0.00329183
          40        1.05    0.068028    0.125649  0.00360723
          40           1    0.098832    0.146682  0.00429403
          40        0.95    0.101916    0.169712  0.00520471
          40         0.9    0.157452    0.196477  0.00572937
          40        0.85    0.163756    0.239029  0.00670256
          40         0.8      0.2467    0.287655  0.00674644
          40        0.75     0.32232    0.356837  0.00935649
          40         0.7    0.443588    0.444932  0.00993934
          40        0.65    0.445576    0.561573   0.0125695
          40         0.6    0.778504     0.70715   0.0153533
          40        0.55    0.871252    0.812876   0.0182833
          40         0.5    0.911024    0.901779   0.0128396
