          40           2     1.32991     1.34946  0.00529729
          40           2     1.33383     1.35121  0.00514951
          40        1.95     1.40439     1.42144  0.00581802
          40         1.9     1.46125     1.49653  0.00614158
          40        1.85     1.55244     1.58551  0.00692761
          40         1.8     1.65505     1.67408  0.00751211
          40        1.75     1.78594     1.77435  0.00837732
          40         1.7      1.9056     1.88572  0.00883197
          40        1.65     2.04296     2.02644  0.00897029
          40         1.6     2.22293     2.16684   0.0101634
          40        1.55      2.4139     2.32993   0.0125777
          40         1.5     2.47451     2.49545   0.0134586
          40        1.45     2.68777     2.71794   0.0151435
          40         1.4     2.92281     2.96274   0.0167767
          40        1.35     3.11222     3.24646   0.0198988
          40         1.3     3.44587     3.58502   0.0219329
          40        1.25     3.84159     3.97873    0.025045
          40         1.2     4.13233     4.40373   0.0271693
          40        1.15     4.53724     4.92354   0.0366885
          40         1.1     5.28018     5.57581   0.0418455
          40        1.05     6.13874     6.37888    0.049708
          40           1     6.05879     7.30038   0.0740241
          40        0.95     7.70835     8.46942   0.0919723
          40         0.9     8.21244     10.0644    0.133472
          40        0.85     10.9678     12.0714    0.166889
          40         0.8     14.1565     15.0702    0.228517
          40        0.75     18.9526     19.2294     0.29968
          40         0.7     21.2299     24.1923    0.483577
          40        0.65      29.629     32.7446    0.610599
          40         0.6      47.251     43.9149    0.777799
          40        0.55     65.7618     59.2766     1.09662
          40         0.5      83.795     76.6212     1.07279
