-0.202576   -0.200599   0.439602
-0.281581   -0.433343   -0.159763
-0.272784   0.445658   0.479522
-0.143938   0.0178412   -0.275024
-0.468969   0.0604716   0.306166
-0.28301   0.10787   0.16639
0.182199   -0.0164692   -0.121367
-0.472125   -0.27488   -0.150668
0.159835   0.135497   0.378271
0.0549695   -0.418243   0.0921006
-0.027467   -0.462191   0.101651
-0.42679   -0.07948   0.0562664
-0.141997   0.102327   0.137629
-0.0908608   0.27756   0.231773
-0.151964   -0.313459   0.346085
0.262315   0.258195   0.423814
-0.109036   -0.217853   0.396803
0.393645   0.468984   0.347796
0.4273   0.198209   -0.482895
-0.293327   -0.469829   -0.321638
-0.304216   -0.104593   -0.247187
0.369865   -0.419378   0.335898
0.427924   0.430697   -0.261531
0.0755274   -0.266771   -0.479402
0.199496   -0.296949   -0.0307728
-0.282883   0.0921856   -0.269899
-0.0413997   -0.496667   -0.101202
0.0276677   0.227711   0.420844
-0.419698   0.126824   0.239168
0.270499   0.0856005   0.150047
-0.0248895   0.371928   0.264342
0.187522   0.127366   0.256397
0.018088   0.0892552   0.218892
-0.155422   -0.268181   -0.317922
0.124389   -0.347454   0.209734
-0.145649   0.105492   0.225648
-0.43729   0.141415   -0.157202
-0.107339   0.184294   0.440212
0.472674   -0.33875   -0.215356
0.303701   -0.33989   0.0357892
-0.210023   0.448661   -0.460772
0.0306012   -0.473924   -0.311805
-0.213497   0.370484   0.258698
0.131201   -0.381761   -0.493601
-0.449   -0.10575   0.365182
-0.432547   -0.495898   -0.470969
0.429318   0.326267   -0.228388
0.430724   0.453012   -0.153417
-0.0211659   0.216397   -0.499971
0.0092088   0.387559   -0.208247
-0.446368   -0.281989   -0.0187019
-0.0374569   -0.00973701   0.100604
0.290468   -0.239854   -0.418708
0.117438   0.250273   -0.204431
-0.426957   0.213148   0.341034
-0.418233   -0.335067   0.137362
-0.0931694   0.0640325   0.0611909
-0.210102   -0.405879   0.267864
0.0618296   -0.196862   0.398755
0.199326   0.339505   0.219433
0.243587   0.125852   0.328489
0.119879   -0.257964   -0.0386661
-0.36043   0.0201346   -0.290123
-0.0346156   0.130017   -0.149424
0.353605   -0.363023   -0.213173
-0.305816   -0.323591   0.388183
-0.208828   0.27946   -0.173013
0.223696   0.1359   0.491454
-0.229273   -0.193294   -0.248017
0.2144   -0.327086   0.211275
-0.215407   -0.153273   -0.337691
0.0194027   0.465153   0.408625
-0.34508   0.202594   -0.170431
-0.0413995   -0.311516   -0.436038
-0.438671   0.290958   -0.418298
0.254479   -0.384306   -0.173062
-0.308187   -0.278749   -0.287329
0.300105   -0.464806   -0.144134
-0.172419   0.117435   -0.495255
0.168546   -0.498678   -0.145272
0.287416   0.122635   0.212784
-0.326951   -0.185714   -0.274496
0.358576   -0.461135   0.421017
0.319065   0.372268   0.207816
0.417009   -0.120693   0.025594
0.094906   0.269272   0.229911
-0.317554   -0.207864   -0.42744
-0.0188234   -0.409257   0.0221777
0.399215   0.342852   -0.157921
0.35911   0.269869   -0.243186
-0.159315   -0.156664   -0.0859053
-0.220749   -0.485693   -0.151761
0.067466   0.486974   0.132759
0.246138   0.193486   -0.089297
0.350396   0.257194   -0.498765
0.0832447   -0.18569   -0.0335898
0.022231   -0.476609   -0.175576
-0.0436227   -0.219815   0.34756
0.258044   -0.434638   0.405366
0.452038   -0.0618279   0.0720327
0.114911   0.143604   0.286079
-0.395262   -0.441363   0.398909
0.190709   -0.0581828   0.29178
0.138056   -0.0313352   -0.210973
-0.290537   -0.300388   -0.0712638
0.46355   -0.490185   -0.254478
-0.489035   -0.471098   0.0399225
-0.345525   -0.119811   -0.334261
