-0.0917339   0.469525   0.469377
0.134471   -0.118017   -0.214403
0.256351   -0.138583   -0.122144
0.263982   -0.147198   0.407502
0.143536   0.21975   -0.127706
-0.176033   -0.144048   -0.406996
0.0418753   0.0919157   -0.332308
-0.351578   -0.421549   0.249555
0.36465   0.48994   -0.212172
0.102438   -0.128957   -0.137257
0.245329   -0.403629   -0.141497
0.0574244   -0.294466   0.0746731
-0.0150391   0.0658385   0.105
-0.339594   0.442537   -0.0697899
-0.141951   -0.045847   -0.381146
-0.451556   0.224139   -0.0569196
0.0364823   -0.366238   -0.0700619
0.227428   -0.208685   -0.333395
-0.0684018   -0.0260796   0.422857
0.356086   -0.0047725   -0.411397
0.326432   -0.150319   0.143788
0.263947   0.0525375   0.0313104
0.16638   0.350235   -0.123281
-0.0460769   -0.312665   0.115518
0.47374   0.244955   0.234221
-0.240775   -0.0192691   -0.314612
0.363711   0.21452   -0.159191
-0.122054   0.158534   0.473783
-0.479302   -0.412089   -0.25934
-0.449673   0.356975   -0.0846593
0.421842   -0.47129   0.453548
0.363843   0.211405   0.353438
0.0158044   0.269279   -0.347931
0.168386   -0.426004   -0.434846
0.451753   -0.143382   -0.356972
0.331539   0.343709   -0.406952
-0.242858   0.123491   0.460088
-0.19459   0.347292   -0.497947
0.234938   -0.182433   -0.407671
0.252726   -0.136207   -0.279201
0.0913203   0.0880124   0.464149
-0.103006   -0.195478   -0.109624
0.252259   -0.143956   0.00342739
0.0501854   -0.293968   -0.340533
0.308481   0.459476   0.202029
0.181656   -0.113779   -0.104708
0.167254   -0.118387   0.28381
0.193998   0.456479   0.157388
-0.113636   -0.499428   0.271577
0.342141   -0.22874   0.109863
-0.225414   0.262384   -0.283437
-0.203361   -0.489314   -0.263592
0.341184   0.427784   0.299064
-0.393382   -0.095127   -0.162538
-0.0265107   -0.206631   0.0548884
0.0423128   0.376474   -0.367704
-0.308902   0.288903   0.408192
0.0631529   0.434612   0.197673
0.339585   0.152997   0.111859
0.229608   0.205536   0.495159
0.277487   0.0914897   -0.376469
0.443296   0.224458   0.161117
0.0370869   0.182207   0.123683
-0.175649   0.0342584   -0.283645
0.338393   0.155937   -0.0795437
-0.260363   -0.322509   -0.291671
-0.403403   -0.00138824   -0.171292
0.0455768   -0.338421   -0.482237
-0.171176   -0.326287   -0.398525
0.400481   0.191254   -0.0521997
0.0535745   -0.309091   -0.0101178
-0.438998   0.46045   -0.116187
0.424769   0.204576   -0.20776
-0.282631   -0.148285   0.178207
-0.299869   0.308566   -0.248978
0.381971   0.44556   -0.11043
-0.397833   0.378446   0.00192635
0.36448   -0.319958   -0.181203
0.146826   -0.0259684   -0.383198
0.176586   0.142395   -0.421984
0.2686   0.129106   -0.460259
0.417552   -0.0686546   -0.0800854
-0.285237   0.13264   0.31651
0.16283   0.495155   0.28225
0.491453   0.144915   0.198899
-0.0333223   -0.345485   0.34793
-0.210088   -0.150759   0.108241
-0.217734   0.342914   -0.214608
0.290224   -0.190448   0.25334
0.125388   -0.478552   0.384599
0.391004   0.280157   -0.00234038
-0.00110869   -0.193089   0.126012
-0.400777   0.0863871   -0.22109
-0.355637   -0.243036   -0.208591
-0.202981   -0.297182   0.459934
0.120987   0.345726   0.403072
0.12149   0.317864   0.215286
-0.0846164   -0.424298   0.4492
0.471473   0.198823   -0.0916028
0.157173   0.391315   0.187924
0.406395   -0.496363   -0.296478
-0.162518   0.356463   -0.287862
0.447265   0.181474   0.2967
0.0204135   -0.470172   0.490965
-0.30658   0.231418   0.475417
0.103072   0.372022   -0.184682
-0.0669409   0.495667   0.194003
-0.362918   -0.0627137   0.46414
