1.80198
1.8044
1.80701
1.8096
1.81193
1.81374
1.81478
1.81473
1.81331
1.81028
1.80561
1.79964
1.79322
1.78762
1.7842
1.78373
1.78607
1.79026
1.79508
1.7996
1.80339
1.80638
1.80866
1.81033
1.81141
1.81191
1.81195
1.81182
1.81193
1.81276
1.81462
1.81756
1.82135
1.8255
1.82946
1.83274
1.835
1.83602
1.83571
1.8341
1.83132
1.82764
1.82344
1.81923
1.81558
1.81304
1.81208
1.81292
1.81556
1.81973
1.82497
1.83076
1.83657
1.842
1.84677
1.85075
1.8539
1.85625
1.8579
1.85893
1.85943
1.85948
1.85912
1.8584
1.85732
1.85587
1.85405
1.85189
1.84945
1.84689
1.84446
1.84247
1.84131
1.84126
1.84245
1.84477
1.84786
1.85126
1.85447
1.85711
1.85894
1.85992
1.86009
1.85958
1.85858
1.85733
1.85612
1.85533
1.85538
1.85655
1.85894
1.86235
1.86637
1.8705
1.87428
1.87741
1.87972
1.8812
1.88191
1.88198
1.88153
1.88071
1.87965
1.87843
1.87715
1.87586
1.8746
1.87339
1.87222
1.87106
1.86989
1.86866
1.86733
1.86585
1.86419
1.86234
1.86032
1.85814
1.85588
1.85364
1.85157
1.84984
1.84867
1.84822
1.84861
1.84983
1.85178
1.85422
1.85692
1.85962
1.86209
1.86418
1.86578
1.86685
1.86736
1.86735
1.86686
1.86597
1.86478
1.86344
1.86207
1.86082
1.85977
1.85899
1.85845
1.85806
1.85767
1.85714
1.85629
1.85503
1.85331
1.85119
1.8488
1.84639
1.84423
1.84259
1.84167
1.84152
1.84208
1.84315
1.84447
1.84577
1.84686
1.84757
1.84787
1.84776
1.84732
1.84665
1.84581
1.84484
1.84372
1.84239
1.84076
1.83884
1.83669
1.83451
1.83258
1.83119
1.83052
1.83058
1.83114
1.83183
1.83223
1.83201
1.83104
1.8294
1.82737
1.82534
1.82377
1.82301
1.82329
1.8246
1.82675
1.82936
1.83196
1.8341
1.83538
1.83551
1.83437
1.832
1.82866
1.82478
1.82093
1.8177
1.81552
1.81457
1.81469
1.81551
1.81659
1.81753
1.81809
1.81816
1.81773
1.81684
1.8156
1.81408
1.81238
1.81058
1.80871
1.80681
1.80486
1.80281
1.80064
1.79834
1.79596
1.79366
1.79163
1.79001
1.78887
1.78813
1.7876
1.78705
1.78637
1.78558
1.7849
1.78465
1.78517
1.78671
1.78936
1.79297
1.79724
1.8018
1.80627
1.81033
1.81379
1.81655
1.81859
1.81996
1.82071
1.82095
1.82074
1.82016
1.81929
1.81818
1.81687
1.81542
1.81388
1.81229
1.81072
1.80921
1.80785
1.80669
1.8058
1.80522
1.80497
1.80503
1.80537
1.80592
1.80659
1.8073
1.80795
1.80849
1.80886
1.80906
1.80913
1.80913
1.80915
1.80929
1.80962
1.81019
1.811
1.81199
1.81306
1.81407
1.81489
1.81539
1.81547
1.8151
1.81429
1.81316
1.81185
1.81058
1.80958
1.80906
1.80915
1.80992
1.81135
1.81335
1.8158
1.81855
1.82145
1.82437
1.82721
1.82988
1.83234
1.83457
1.8366
1.8385
1.84037
1.84233
1.84452
1.847
1.84983
1.85294
1.85621
1.85947
1.86254
1.86522
1.86734
1.86875
1.86929
1.86883
1.86722
1.86432
1.86002
1.85427
1.84713
1.8388
1.8296
1.81995
1.81031
1.80112
1.79287
1.78615
1.78174
1.78039
1.78259
1.78823
1.79652
1.80629
1.81635
1.82579
1.83404
1.84087
1.84621
1.85009
1.85258
1.85378
1.85379
1.85277
1.8509
1.84842
1.84558
1.8427
1.84009
1.83802
1.83672
1.83631
1.83681
1.83809
1.83995
1.84208
1.84418
1.84594
1.84714
1.84758
1.84715
1.84581
1.84354
1.84039
1.83646
1.83191
1.82696
1.82192
1.81715
1.81297
1.80964
1.80722
1.8056
1.80456
1.80387
1.80337
1.80291
1.80234
1.80151
1.80029
1.79865
1.79674
1.79485
1.79327
1.7922
1.79162
1.79132
1.79098
1.79037
1.78947
1.78853
1.78807
1.78862
1.79054
1.79378
1.79796
1.80247
1.80674
1.81034
1.81307
1.81491
1.81594
1.81632
1.81621
1.81575
1.81508
1.8143
1.81348
1.81268
1.81195
1.81128
1.8107
1.8102
1.80977
1.8094
1.80908
1.8088
1.80857
1.8084
1.8083
1.80829
1.80839
1.8086
1.80891
1.80926
1.80955
1.80965
1.80937
1.80849
1.80682
1.80422
1.80069
1.7964
1.79177
1.78744
1.7842
1.78276
1.78357
1.78661
1.79142
1.79725
1.80323
1.80863
1.81291
1.81578
1.81711
1.81692
1.81533
1.81252
1.80875
1.80435
1.79972
1.79533
1.79163
1.78902
1.78771
1.78772
1.78886
1.79083
1.7933
1.79597
1.79862
1.8011
1.80336
1.80538
1.80717
1.80875
1.81015
1.81137
1.81243
1.81332
1.81404
1.81459
1.81496
1.81512
1.81508
1.81481
1.81426
1.81341
1.81219
1.81055
1.80844
1.80584
1.80277
1.79929
1.79558
1.79188
1.78851
1.78575
1.78382
1.78282
1.78268
1.78321
1.78419
1.78541
1.78672
1.78802
1.78925
1.79038
1.79138
1.79218
1.79274
1.793
1.79288
1.79235
1.79133
1.78981
1.78775
1.78516
1.78208
1.77859
1.77483
1.77101
1.76741
1.76432
1.76207
1.7609
1.76095
1.76225
1.76464
1.76788
1.77166
1.77566
1.7796
1.78326
1.78651
1.78929
1.79159
1.79343
1.79485
1.79591
1.79661
1.79695
1.79692
1.79651
1.79571
1.79454
1.79304
1.79125
1.78919
1.78688
1.78436
1.78173
1.77921
1.77717
1.77606
1.7763
1.7781
1.78141
1.78586
1.79089
1.79586
1.80021
1.80347
1.80532
1.80556
1.8041
1.80098
1.79636
1.79063
1.78436
1.77833
1.77338
1.77026
1.76944
1.77099
1.77462
1.77973
1.78559
1.79154
1.7971
1.80197
1.80602
1.80925
1.81167
1.81334
1.81425
1.8144
1.81378
1.81239
1.81029
1.80762
1.8046
1.80151
1.79857
1.7959
1.79342
1.79095
1.78839
1.78598
1.78438
1.78439
1.78654
1.79067
1.79593
1.80115
1.80525
1.80757
1.80787
1.80628
1.80321
1.79935
1.79554
1.79267
1.79152
1.79255
1.79584
1.80107
1.80771
1.8151
1.82259
1.82964
1.83583
1.84087
1.84461
1.84698
1.84801
1.84781
1.84651
1.8443
1.84143
1.83817
1.83483
1.8317
1.82901
1.82691
1.82539
1.82432
1.82346
1.82256
1.82148
1.82024
1.81903
1.8182
1.81811
1.81906
1.82114
1.82424
1.82802
1.83201
1.83575
1.83887
1.8411
1.8423
1.84241
1.84143
1.83946
1.83679
1.83396
1.83172
1.83081
1.83168
1.83428
1.83802
1.84209
1.84573
1.84843
1.84998
1.85038
1.84977
1.84834
1.84629
1.84378
1.84096
1.83796
1.8349
1.83192
1.8292
1.82693
1.82533
1.82454
1.82463
1.82552
1.82701
1.82881
1.83065
1.83228
1.83355
1.8344
1.83484
1.83498
1.83491
1.83478
1.8347
1.83474
1.83494
1.83528
1.8357
1.8361
1.83635
1.83635
1.836
1.83525
1.83407
1.83251
1.83065
1.82863
1.82661
1.82475
1.82319
1.82201
1.82123
1.82077
1.82049
1.82019
1.81967
1.81879
1.81751
1.81593
1.81433
1.8131
1.81269
1.81342
1.81542
1.81854
1.82241
1.82655
1.8305
1.83392
1.8366
1.83844
1.83946
1.83977
1.8395
1.83882
1.83792
1.83697
1.83612
1.83551
1.83522
1.8353
1.83578
1.83664
1.83784
1.83932
1.84097
1.84268
1.84433
1.84581
1.84701
1.84792
1.84853
1.8489
1.84915
1.84938
1.84969
1.85016
1.8508
1.85159
1.85247
1.85336
1.8542
1.85492
1.85551
1.85594
1.85623
1.85641
1.8565
1.85653
1.85652
1.85647
1.85637
1.85618
1.85586
1.85534
1.85458
1.85354
1.85219
1.85055
1.84866
1.84659
1.84444
1.84229
1.84022
1.83828
1.83647
1.83477
1.83316
1.83164
1.83021
1.82893
1.82786
1.82705
1.82649
1.82612
1.82579
1.82535
1.82462
1.82352
1.82206
1.82042
1.8189
1.81791
1.81789
1.81919
1.82198
1.82616
1.83139
1.83718
1.84303
1.84852
1.85334
1.85735
1.86051
1.86285
1.86445
1.86542
1.86586
1.86587
1.86554
1.86493
1.86409
1.86306
1.86183
1.86039
1.85874
1.85683
1.85464
1.85216
1.84942
1.84651
1.84356
1.84074
1.83826
1.8363
1.83494
1.83419
1.83392
1.83396
1.83413
1.8343
1.83441
1.83452
1.8347
1.83509
1.83574
1.83668
1.83783
1.83908
1.84028
1.84128
1.84198
1.84232
1.84231
1.84198
1.84141
1.84071
1.83998
1.83929
1.83872
1.83829
1.83799
1.83781
1.8377
1.83762
1.83754
1.83746
1.83736
1.83725
1.83712
1.83694
1.83668
1.83627
1.83567
1.83479
1.83358
1.83201
1.83004
1.82771
1.82504
1.82213
1.8191
1.8161
1.81336
1.81116
1.80982
1.80968
1.811
1.81383
1.81802
1.8232
1.82891
1.83466
1.84007
1.8449
1.84901
1.85235
1.85496
1.85689
1.85822
1.85904
1.85945
1.85955
1.85943
1.85919
1.8589
1.85863
1.85842
1.85826
1.85812
1.85795
1.85765
1.85715
1.85633
1.85512
1.85348
1.85144
1.8491
1.84667
1.8445
1.84297
1.8425
1.84339
1.8457
1.84925
1.85356
1.85801
1.86187
1.86441
1.86496
1.86298
1.85819
1.85086
1.84212
1.83401
1.82901
1.82874
1.83296
1.83973
1.84653
1.85146
1.85373
1.85357
1.85194
1.8501
1.84923
1.85002
1.85253
1.85636
1.86101
1.86607
1.87124
1.87616
1.88032
1.88312
1.88396
1.8824
1.8783
1.87185
1.86367
1.85468
1.84597
1.83857
1.83329
1.83059
1.8306
1.83305
1.8373
1.84236
1.84711
1.85055
1.85207
1.8515
1.84921
1.84607
1.84321
1.84167
1.84209
1.84455
1.8486
1.85352
1.85856
1.8631
1.86674
1.8693
1.87079
1.87129
1.87097
1.86994
1.86834
1.86624
1.86374
1.86088
1.85773
1.85432
1.85069
1.84685
1.84283
1.83866
1.83446
1.83039
1.82671
1.82371
1.82165
