0.0527517
0.0519838
0.0511682
0.0503589
0.0496197
0.0490149
0.0486124
0.0484841
0.0486955
0.0492943
0.0502774
0.0515573
0.0529295
0.0540939
0.0547433
0.0546922
0.053975
0.0528041
0.0514545
0.0501427
0.0489802
0.0479929
0.0471696
0.046498
0.045976
0.0455988
0.0453377
0.0451285
0.0448763
0.0444784
0.0438617
0.0430203
0.0420155
0.0409611
0.0399891
0.0392179
0.0387343
0.0385915
0.03881
0.0393808
0.0402667
0.0413985
0.0426774
0.0439753
0.0451494
0.0460617
0.0466024
0.0467124
0.0463924
0.0457044
0.044757
0.0436781
0.0425939
0.041608
0.0407943
0.0401913
0.0398152
0.0396605
0.0397121
0.039949
0.0403498
0.0408968
0.0415714
0.0423624
0.0432622
0.0442631
0.0453566
0.046529
0.0477533
0.0489819
0.0501495
0.0511703
0.0519542
0.0524289
0.052563
0.052382
0.0519661
0.0514293
0.0508879
0.0504351
0.0501301
0.0499907
0.0500098
0.0501559
0.0503891
0.0506519
0.0508713
0.0509583
0.0508239
0.0504
0.049672
0.0486894
0.0475506
0.0463756
0.0452783
0.0443366
0.0435955
0.0430681
0.042741
0.0425913
0.0425881
0.0426992
0.0428926
0.0431446
0.0434303
0.0437348
0.0440467
0.0443605
0.0446725
0.0449858
0.045307
0.0456433
0.0460026
0.0463913
0.046814
0.0472709
0.0477567
0.0482589
0.0487593
0.0492312
0.0496344
0.0499238
0.0500528
0.0499797
0.0496805
0.0491578
0.0484436
0.0475914
0.0466653
0.0457328
0.0448498
0.0440602
0.0433959
0.0428743
0.0425027
0.0422788
0.0421943
0.0422299
0.0423613
0.0425571
0.0427845
0.0430101
0.0432091
0.0433693
0.0434935
0.043601
0.0437225
0.0438939
0.0441499
0.0445107
0.0449819
0.0455502
0.0461747
0.0467997
0.0473565
0.0477815
0.0480284
0.048081
0.047955
0.0476999
0.0473742
0.0470418
0.0467548
0.0465492
0.0464419
0.0464308
0.0465003
0.0466309
0.0468036
0.0470105
0.0472557
0.0475518
0.047909
0.0483277
0.0487869
0.0492397
0.0496213
0.0498664
0.0499326
0.0498222
0.0495865
0.049313
0.0490979
0.0490171
0.0490994
0.0493254
0.0496303
0.0499197
0.0500916
0.0500604
0.0497793
0.0492495
0.0485223
0.0476894
0.0468638
0.0461609
0.0456797
0.0454889
0.0456207
0.0460643
0.0467602
0.0476039
0.0484596
0.049189
0.0496831
0.0499016
0.0498729
0.0496792
0.0494203
0.0491863
0.0490361
0.0489977
0.0490773
0.049262
0.0495317
0.0498658
0.0502426
0.0506444
0.0510564
0.0514706
0.0518892
0.0523163
0.0527565
0.053208
0.0536513
0.0540516
0.0543634
0.0545473
0.054588
0.0545016
0.0543305
0.05412
0.0538977
0.0536539
0.0533409
0.0528862
0.0522136
0.0512686
0.0500428
0.0485708
0.0469313
0.0452186
0.0435325
0.0419553
0.0405416
0.0393256
0.0383189
0.0375185
0.0369147
0.0364904
0.036228
0.03611
0.0361205
0.0362441
0.0364681
0.0367763
0.0371544
0.0375883
0.0380591
0.0385491
0.0390405
0.039513
0.0399495
0.0403384
0.0406719
0.0409517
0.0411847
0.0413866
0.0415767
0.0417735
0.0419974
0.0422628
0.0425772
0.0429402
0.0433424
0.0437659
0.044188
0.0445836
0.044934
0.0452263
0.0454608
0.04565
0.0458162
0.04599
0.0462044
0.0464866
0.0468582
0.0473261
0.0478823
0.0485011
0.0491414
0.0497496
0.0502676
0.0506469
0.0508514
0.0508639
0.0506881
0.050344
0.0498593
0.049272
0.0486193
0.0479351
0.047247
0.0465775
0.0459408
0.0453439
0.0447828
0.0442467
0.0437135
0.0431589
0.0425609
0.0419034
0.0411872
0.0404309
0.0396689
0.0389486
0.0383246
0.0378476
0.0375656
0.0375201
0.0377502
0.0382898
0.0391734
0.0404277
0.0420705
0.0440989
0.0464855
0.0491685
0.0520498
0.0550117
0.0579239
0.0606591
0.0630823
0.0650329
0.0663242
0.0667741
0.0662764
0.0648648
0.0627259
0.0601429
0.0574081
0.0547549
0.0523349
0.0502298
0.0484745
0.0470792
0.0460371
0.0453347
0.0449483
0.0448439
0.0449757
0.0452858
0.0457065
0.0461594
0.0465681
0.046862
0.046987
0.046912
0.0466346
0.0461823
0.0456094
0.0449861
0.0443916
0.0438991
0.0435703
0.0434515
0.0435721
0.0439456
0.0445701
0.0454324
0.0465039
0.0477396
0.049079
0.0504415
0.0517382
0.052881
0.05381
0.0545039
0.0549823
0.0552924
0.0554833
0.0555962
0.0556629
0.0557193
0.0558023
0.0559402
0.0561348
0.0563526
0.0565296
0.0565967
0.056512
0.05628
0.0559462
0.0555806
0.0552347
0.0549136
0.054558
0.0540567
0.0532928
0.0521926
0.050771
0.0491248
0.0473989
0.0457374
0.0442458
0.0429817
0.0419624
0.0411726
0.0405845
0.0401664
0.0398822
0.0397025
0.0396036
0.0395641
0.0395707
0.0396135
0.0396868
0.0397868
0.0399128
0.0400637
0.0402422
0.0404484
0.0406818
0.040942
0.0412236
0.0415225
0.0418343
0.0421528
0.042477
0.0428101
0.0431653
0.0435632
0.0440362
0.0446238
0.045371
0.0463148
0.047479
0.0488544
0.0503873
0.0519674
0.0534368
0.0546079
0.0553086
0.0554371
0.0549969
0.0540948
0.0529118
0.0516537
0.0505
0.0495858
0.0489915
0.0487529
0.0488687
0.0493126
0.0500392
0.0509825
0.0520573
0.0531593
0.0541721
0.054982
0.0554941
0.0556537
0.0554552
0.0549377
0.0541742
0.0532451
0.0522264
0.0511764
0.0501344
0.0491238
0.0481553
0.0472334
0.0463591
0.0455331
0.0447583
0.0440376
0.0433742
0.0427731
0.0422395
0.0417774
0.0413935
0.0410931
0.0408852
0.0407782
0.0407815
0.0409088
0.0411719
0.0415778
0.0421288
0.0428169
0.0436167
0.044485
0.0453555
0.0461572
0.046814
0.0472727
0.0475099
0.0475408
0.0474055
0.0471582
0.0468501
0.0465229
0.0462013
0.0459059
0.045649
0.0454466
0.045312
0.0452608
0.0453101
0.0454755
0.0457705
0.0462059
0.0467877
0.0475151
0.048384
0.0493773
0.0504686
0.0516155
0.0527612
0.0538353
0.0547572
0.0554499
0.0558511
0.0559241
0.0556678
0.0551139
0.0543257
0.05338
0.0523574
0.0513301
0.0503565
0.0494765
0.0487129
0.0480751
0.047563
0.0471704
0.0468915
0.0467254
0.0466719
0.0467367
0.0469211
0.0472237
0.0476362
0.0481491
0.0487472
0.049421
0.0501602
0.0509475
0.0517528
0.052517
0.0531515
0.0535502
0.0536188
0.0533084
0.0526393
0.0516994
0.0506272
0.0495738
0.0486824
0.0480668
0.047807
0.0479543
0.0485279
0.0495139
0.0508615
0.0524722
0.0541983
0.0558482
0.0572183
0.0581259
0.0584578
0.0581918
0.0574017
0.0562295
0.0548444
0.0534131
0.0520597
0.0508671
0.0498762
0.049102
0.0485454
0.048205
0.0480806
0.0481744
0.0484899
0.0490199
0.0497466
0.0506303
0.0516153
0.0526321
0.0536192
0.054545
0.0554173
0.056266
0.0571013
0.0578615
0.0583981
0.0585297
0.0581426
0.0572766
0.0561298
0.0549726
0.0540533
0.0535304
0.0534636
0.0538229
0.0545071
0.0553557
0.0561681
0.0567315
0.0568617
0.0564493
0.0554802
0.0540272
0.052224
0.0502321
0.0482119
0.046306
0.0446266
0.0432547
0.0422387
0.041598
0.041332
0.0414205
0.0418284
0.042506
0.0433916
0.044412
0.0454892
0.0465467
0.0475194
0.048369
0.0490893
0.0497028
0.0502573
0.0508023
0.0513666
0.0519414
0.0524776
0.0528973
0.0531127
0.0530609
0.0527188
0.0521192
0.0513412
0.0504946
0.0496905
0.0490217
0.0485501
0.0483088
0.0483109
0.0485504
0.0489946
0.0495671
0.0501398
0.0505361
0.0505863
0.0501912
0.049374
0.0482736
0.0470848
0.0459928
0.0451231
0.0445376
0.0442428
0.0442134
0.0444051
0.0447721
0.04527
0.04586
0.0465038
0.0471667
0.047809
0.0483829
0.0488376
0.0491226
0.0491984
0.0490546
0.0487079
0.0482097
0.0476238
0.0470211
0.0464619
0.0459841
0.0456068
0.0453292
0.0451326
0.0449925
0.0448812
0.0447726
0.0446493
0.0445047
0.0443449
0.0441856
0.0440507
0.0439682
0.0439669
0.0440684
0.0442856
0.0446215
0.0450641
0.0455903
0.0461677
0.0467543
0.0473102
0.0477997
0.0482001
0.0485062
0.0487334
0.0489129
0.0490888
0.0492997
0.0495781
0.0499294
0.050326
0.0507019
0.0509629
0.0510068
0.0507581
0.0501917
0.049344
0.0483037
0.0471845
0.0460964
0.0451261
0.0443283
0.0437314
0.0433335
0.0431139
0.0430411
0.0430725
0.0431652
0.0432749
0.0433646
0.0434
0.0433575
0.0432255
0.0429997
0.0426795
0.0422772
0.04181
0.0413019
0.0407835
0.0402845
0.0398335
0.0394505
0.0391474
0.0389215
0.0387576
0.0386318
0.0385181
0.0383923
0.0382369
0.038048
0.0378332
0.0376059
0.0373838
0.0371855
0.037024
0.0369114
0.0368511
0.0368414
0.0368785
0.0369571
0.0370721
0.0372226
0.037407
0.0376286
0.0378971
0.0382231
0.0386186
0.0390951
0.0396592
0.0403149
0.0410558
0.0418699
0.0427352
0.0436286
0.0445242
0.0454003
0.0462438
0.0470468
0.0478112
0.0485369
0.0492233
0.0498618
0.0504403
0.0509411
0.0513549
0.0516775
0.0519233
0.0521227
0.0523138
0.0525277
0.0527817
0.0530683
0.0533437
0.0535341
0.0535434
0.0532702
0.0526326
0.0515985
0.0501979
0.0485139
0.0466675
0.0447863
0.0429822
0.041333
0.0398894
0.038672
0.0376807
0.0369045
0.0363259
0.0359218
0.0356726
0.0355567
0.0355603
0.0356705
0.0358792
0.0361809
0.0365749
0.0370628
0.0376454
0.0383252
0.0390956
0.0399434
0.0408425
0.0417547
0.042632
0.0434214
0.0440778
0.0445743
0.0449098
0.0451065
0.0452027
0.0452401
0.0452481
0.045238
0.0452013
0.0451181
0.0449653
0.0447285
0.0444101
0.0440264
0.043611
0.0432003
0.0428328
0.0425343
0.0423234
0.0422033
0.042165
0.0421936
0.0422666
0.0423623
0.0424608
0.0425477
0.0426144
0.0426645
0.042704
0.0427403
0.042785
0.0428426
0.0429185
0.0430138
0.0431292
0.0432684
0.0434362
0.0436417
0.0438974
0.0442155
0.0446127
0.0450986
0.0456803
0.0463555
0.0471192
0.0479516
0.0488288
0.0497135
0.0505596
0.0513106
0.0518949
0.0522301
0.0522395
0.0518643
0.0510942
0.0499703
0.0485829
0.0470493
0.0454914
0.0440058
0.0426621
0.0415035
0.0405468
0.039794
0.0392381
0.038862
0.0386482
0.0385729
0.0386143
0.0387481
0.038952
0.0392039
0.0394877
0.0397945
0.0401207
0.0404717
0.0408606
0.0413043
0.0418214
0.0424319
0.0431497
0.0439792
0.0449098
0.0459099
0.0469239
0.0478703
0.0486534
0.0491783
0.0493804
0.0492447
0.048826
0.0482363
0.0476306
0.0471854
0.0470724
0.0474498
0.0484406
0.050095
0.0523393
0.0549026
0.0573081
0.0589999
0.0596098
0.0591853
0.0581616
0.0570998
0.0564306
0.0563396
0.0567805
0.0575411
0.0583331
0.058889
0.0590473
0.0587934
0.0582127
0.0574224
0.0565216
0.0555911
0.0547225
0.05404
0.0536908
0.0538115
0.0544978
0.0557754
0.057584
0.0597716
0.0621081
0.0643263
0.0661706
0.0674461
0.0680356
0.0679098
0.06713
0.0658537
0.0643212
0.0627957
0.0615128
0.0606273
0.060176
0.0600741
0.0601249
0.060068
0.0596624
0.0587569
0.0573384
0.0555117
0.0534467
0.0513279
0.0493135
0.0475117
0.0459808
0.0447333
0.04376
0.0430365
0.0425372
0.0422367
0.0421148
0.0421529
0.0423331
0.0426391
0.0430557
0.0435717
0.0441747
0.044852
0.0455837
0.0463374
0.0470685
0.0477092
0.0481876
0.0484403
