1.20132
1.20294
1.20467
1.2064
1.20795
1.20916
1.20985
1.20982
1.20887
1.20685
1.20374
1.19976
1.19548
1.19175
1.18947
1.18915
1.19071
1.1935
1.19672
1.19973
1.20226
1.20425
1.20578
1.20689
1.2076
1.20794
1.20797
1.20788
1.20796
1.2085
1.20974
1.21171
1.21423
1.217
1.21964
1.22183
1.22334
1.22401
1.22381
1.22273
1.22088
1.21843
1.21563
1.21282
1.21038
1.2087
1.20805
1.20862
1.21037
1.21315
1.21665
1.2205
1.22438
1.228
1.23118
1.23383
1.23593
1.2375
1.2386
1.23929
1.23962
1.23965
1.23942
1.23893
1.23821
1.23725
1.23604
1.23459
1.23297
1.23126
1.22964
1.22832
1.22754
1.22751
1.2283
1.22984
1.23191
1.23417
1.23631
1.23807
1.2393
1.23994
1.24006
1.23972
1.23906
1.23822
1.23741
1.23689
1.23692
1.2377
1.23929
1.24157
1.24425
1.247
1.24952
1.2516
1.25315
1.25413
1.25461
1.25465
1.25436
1.25381
1.2531
1.25229
1.25143
1.25057
1.24974
1.24893
1.24815
1.24738
1.2466
1.24578
1.24488
1.2439
1.24279
1.24156
1.24021
1.23876
1.23726
1.23576
1.23438
1.23323
1.23245
1.23215
1.23241
1.23322
1.23452
1.23615
1.23795
1.23974
1.24139
1.24278
1.24385
1.24457
1.24491
1.2449
1.24457
1.24398
1.24319
1.24229
1.24138
1.24055
1.23985
1.23933
1.23897
1.2387
1.23845
1.23809
1.23753
1.23669
1.23554
1.23413
1.23254
1.23093
1.22949
1.22839
1.22778
1.22768
1.22805
1.22877
1.22964
1.23052
1.23124
1.23172
1.23191
1.23184
1.23155
1.2311
1.23054
1.2299
1.22915
1.22826
1.22718
1.22589
1.22446
1.22301
1.22172
1.22079
1.22035
1.22038
1.22076
1.22122
1.22149
1.22134
1.22069
1.2196
1.21824
1.2169
1.21585
1.21534
1.21553
1.2164
1.21783
1.21957
1.22131
1.22274
1.22359
1.22367
1.22291
1.22134
1.21911
1.21652
1.21395
1.2118
1.21035
1.20971
1.20979
1.21034
1.21106
1.21169
1.21206
1.21211
1.21182
1.21123
1.2104
1.20939
1.20826
1.20705
1.20581
1.20454
1.20324
1.20188
1.20043
1.19889
1.19731
1.19578
1.19442
1.19334
1.19258
1.19209
1.19173
1.19137
1.19091
1.19039
1.18993
1.18976
1.19011
1.19114
1.19291
1.19531
1.19816
1.2012
1.20418
1.20689
1.20919
1.21103
1.21239
1.2133
1.21381
1.21396
1.21383
1.21344
1.21286
1.21212
1.21125
1.21028
1.20925
1.2082
1.20714
1.20614
1.20523
1.20446
1.20387
1.20348
1.20331
1.20335
1.20358
1.20395
1.2044
1.20487
1.2053
1.20566
1.20591
1.20604
1.20609
1.20609
1.2061
1.20619
1.20641
1.2068
1.20734
1.20799
1.2087
1.20938
1.20992
1.21026
1.21031
1.21007
1.20953
1.20877
1.2079
1.20705
1.20639
1.20604
1.2061
1.20661
1.20757
1.2089
1.21053
1.21237
1.2143
1.21625
1.21814
1.21992
1.22156
1.22305
1.2244
1.22567
1.22691
1.22822
1.22968
1.23134
1.23322
1.23529
1.23747
1.23965
1.24169
1.24348
1.24489
1.24583
1.24619
1.24589
1.24481
1.24288
1.24001
1.23618
1.23142
1.22587
1.21973
1.2133
1.20687
1.20075
1.19524
1.19077
1.18782
1.18693
1.1884
1.19215
1.19768
1.2042
1.2109
1.21719
1.2227
1.22725
1.23081
1.23339
1.23505
1.23585
1.23586
1.23518
1.23394
1.23228
1.23039
1.22847
1.22673
1.22535
1.22448
1.22421
1.22454
1.2254
1.22663
1.22805
1.22945
1.23063
1.23143
1.23172
1.23144
1.23054
1.22902
1.22693
1.22431
1.22127
1.21797
1.21461
1.21143
1.20865
1.20643
1.20481
1.20373
1.20304
1.20258
1.20225
1.20194
1.20156
1.20101
1.20019
1.1991
1.19783
1.19657
1.19552
1.1948
1.19442
1.19421
1.19399
1.19358
1.19298
1.19236
1.19205
1.19242
1.19369
1.19585
1.19864
1.20165
1.20449
1.20689
1.20871
1.20994
1.21063
1.21088
1.21081
1.2105
1.21005
1.20953
1.20899
1.20846
1.20796
1.20752
1.20714
1.2068
1.20651
1.20627
1.20605
1.20587
1.20572
1.2056
1.20553
1.20552
1.20559
1.20573
1.20594
1.20617
1.20637
1.20644
1.20624
1.20566
1.20455
1.20282
1.20046
1.1976
1.19451
1.19163
1.18946
1.18851
1.18904
1.19107
1.19428
1.19817
1.20215
1.20575
1.20861
1.21052
1.2114
1.21128
1.21022
1.20835
1.20583
1.2029
1.19981
1.19688
1.19442
1.19268
1.19181
1.19181
1.19257
1.19389
1.19553
1.19731
1.19908
1.20073
1.20224
1.20358
1.20478
1.20583
1.20677
1.20758
1.20829
1.20888
1.20936
1.20973
1.20997
1.21008
1.21006
1.20987
1.20951
1.20894
1.20812
1.20703
1.20563
1.2039
1.20184
1.19953
1.19705
1.19459
1.19234
1.1905
1.18922
1.18855
1.18845
1.1888
1.18946
1.19027
1.19115
1.19201
1.19283
1.19359
1.19425
1.19479
1.19516
1.19533
1.19526
1.1949
1.19422
1.1932
1.19183
1.1901
1.18805
1.18572
1.18322
1.18068
1.17827
1.17622
1.17471
1.17393
1.17397
1.17483
1.17643
1.17859
1.18111
1.18377
1.1864
1.18884
1.19101
1.19286
1.19439
1.19562
1.19657
1.19727
1.19774
1.19797
1.19795
1.19767
1.19714
1.19636
1.19536
1.19416
1.19279
1.19126
1.18957
1.18782
1.18614
1.18478
1.18404
1.1842
1.1854
1.18761
1.19058
1.19393
1.19724
1.20014
1.20231
1.20355
1.20371
1.20274
1.20065
1.19758
1.19375
1.18958
1.18556
1.18225
1.18017
1.17962
1.18066
1.18308
1.18648
1.19039
1.19436
1.19807
1.20131
1.20401
1.20616
1.20778
1.20889
1.2095
1.2096
1.20918
1.20826
1.20686
1.20508
1.20307
1.201
1.19905
1.19727
1.19561
1.19396
1.19226
1.19065
1.18958
1.18959
1.19102
1.19378
1.19729
1.20076
1.2035
1.20505
1.20525
1.20418
1.20214
1.19957
1.19703
1.19511
1.19434
1.19503
1.19722
1.20072
1.20514
1.21006
1.21506
1.21976
1.22389
1.22725
1.22974
1.23132
1.23201
1.23187
1.231
1.22953
1.22762
1.22545
1.22322
1.22113
1.21934
1.21794
1.21693
1.21621
1.21564
1.21504
1.21432
1.21349
1.21269
1.21213
1.21207
1.21271
1.2141
1.21616
1.21868
1.22134
1.22384
1.22591
1.2274
1.2282
1.22827
1.22762
1.22631
1.22453
1.22264
1.22114
1.22054
1.22112
1.22285
1.22535
1.22806
1.23049
1.23229
1.23332
1.23359
1.23318
1.23223
1.23086
1.22919
1.22731
1.22531
1.22327
1.22128
1.21947
1.21796
1.21689
1.21636
1.21642
1.21701
1.218
1.21921
1.22043
1.22152
1.22237
1.22293
1.22323
1.22332
1.22328
1.22319
1.22313
1.22316
1.2233
1.22352
1.2238
1.22406
1.22423
1.22423
1.224
1.2235
1.22271
1.22167
1.22043
1.21909
1.21774
1.2165
1.21546
1.21467
1.21415
1.21385
1.21366
1.21346
1.21311
1.21253
1.21167
1.21062
1.20955
1.20873
1.20846
1.20895
1.21028
1.21236
1.21494
1.2177
1.22033
1.22261
1.2244
1.22562
1.22631
1.22651
1.22633
1.22588
1.22528
1.22464
1.22408
1.22367
1.22348
1.22353
1.22385
1.22443
1.22523
1.22621
1.22731
1.22846
1.22956
1.23054
1.23134
1.23194
1.23235
1.2326
1.23277
1.23292
1.23313
1.23344
1.23387
1.23439
1.23498
1.23557
1.23613
1.23662
1.237
1.23729
1.23749
1.2376
1.23766
1.23769
1.23768
1.23765
1.23758
1.23745
1.23724
1.23689
1.23639
1.23569
1.23479
1.2337
1.23244
1.23106
1.22962
1.22819
1.22681
1.22552
1.22431
1.22318
1.22211
1.22109
1.22014
1.21929
1.21857
1.21803
1.21766
1.21741
1.2172
1.2169
1.21641
1.21568
1.21471
1.21361
1.2126
1.21194
1.21193
1.2128
1.21466
1.21744
1.22092
1.22479
1.22869
1.23234
1.23556
1.23824
1.24034
1.2419
1.24297
1.24362
1.24391
1.24392
1.24369
1.24329
1.24273
1.24204
1.24122
1.24026
1.23916
1.23788
1.23642
1.23477
1.23295
1.23101
1.22904
1.22716
1.22551
1.2242
1.2233
1.22279
1.22261
1.22264
1.22276
1.22287
1.22294
1.22301
1.22314
1.22339
1.22383
1.22445
1.22522
1.22606
1.22685
1.22752
1.22799
1.22821
1.2282
1.22799
1.22761
1.22714
1.22665
1.22619
1.22581
1.22552
1.22533
1.22521
1.22513
1.22508
1.22503
1.22497
1.22491
1.22484
1.22475
1.22463
1.22445
1.22418
1.22378
1.22319
1.22239
1.22134
1.22003
1.21847
1.21669
1.21475
1.21273
1.21073
1.20891
1.20744
1.20655
1.20646
1.20733
1.20922
1.21201
1.21547
1.21927
1.2231
1.22672
1.22993
1.23267
1.2349
1.23664
1.23792
1.23881
1.23936
1.23964
1.2397
1.23962
1.23946
1.23927
1.23909
1.23894
1.23884
1.23875
1.23863
1.23844
1.2381
1.23755
1.23675
1.23566
1.23429
1.23273
1.23112
1.22966
1.22865
1.22833
1.22892
1.23047
1.23283
1.23571
1.23867
1.24125
1.24294
1.24331
1.24199
1.2388
1.23391
1.22808
1.22268
1.21934
1.21916
1.22197
1.22649
1.23102
1.2343
1.23582
1.23572
1.23462
1.2334
1.23282
1.23335
1.23502
1.23757
1.24067
1.24404
1.24749
1.25077
1.25355
1.25542
1.25597
1.25493
1.2522
1.2479
1.24245
1.23645
1.23064
1.22572
1.22219
1.22039
1.2204
1.22203
1.22487
1.22824
1.2314
1.2337
1.23471
1.23433
1.23281
1.23071
1.2288
1.22778
1.22806
1.2297
1.2324
1.23568
1.23904
1.24207
1.24449
1.2462
1.24719
1.24753
1.24731
1.24663
1.24556
1.24416
1.24249
1.24059
1.23849
1.23622
1.23379
1.23124
1.22855
1.22577
1.22297
1.22026
1.21781
1.21581
1.21443
