-0.288949
-0.288409
-0.287734
-0.286949
-0.286125
-0.285337
-0.284652
-0.284146
-0.283849
-0.283751
-0.28376
-0.28374
-0.283479
-0.282751
-0.281356
-0.279127
-0.276013
-0.272208
-0.268129
-0.264458
-0.261998
-0.26145
-0.263106
-0.26671
-0.271605
-0.276939
-0.281979
-0.286241
-0.289513
-0.291839
-0.293372
-0.294368
-0.295042
-0.295583
-0.296148
-0.296791
-0.297502
-0.298205
-0.298798
-0.299166
-0.299196
-0.298789
-0.297911
-0.296588
-0.29495
-0.293137
-0.29141
-0.290006
-0.289135
-0.288914
-0.289345
-0.290319
-0.29165
-0.293137
-0.294597
-0.295898
-0.296966
-0.297778
-0.298337
-0.298697
-0.298912
-0.299014
-0.299076
-0.299134
-0.299226
-0.299381
-0.299591
-0.299891
-0.300272
-0.300725
-0.301243
-0.301815
-0.302449
-0.303106
-0.303778
-0.304451
-0.305118
-0.305764
-0.306369
-0.306921
-0.307395
-0.307761
-0.307971
-0.307984
-0.307742
-0.307189
-0.306237
-0.304849
-0.302965
-0.300539
-0.297599
-0.294216
-0.290536
-0.286808
-0.283358
-0.280553
-0.278791
-0.278397
-0.279558
-0.28227
-0.286353
-0.291468
-0.297176
-0.303049
-0.308669
-0.313701
-0.317914
-0.321093
-0.323076
-0.323738
-0.322967
-0.320733
-0.317098
-0.312406
-0.307328
-0.302817
-0.299976
-0.299603
-0.301866
-0.306216
-0.311684
-0.317248
-0.322155
-0.326013
-0.328723
-0.330359
-0.331082
-0.331113
-0.330648
-0.329915
-0.329105
-0.328376
-0.327884
-0.32773
-0.327945
-0.328515
-0.32934
-0.330325
-0.331298
-0.332114
-0.332646
-0.332782
-0.332412
-0.331525
-0.330108
-0.328218
-0.325932
-0.323353
-0.320571
-0.317617
-0.314512
-0.311255
-0.307888
-0.304553
-0.301458
-0.29879
-0.296683
-0.295215
-0.294468
-0.29465
-0.296085
-0.299147
-0.30398
-0.310423
-0.317941
-0.325849
-0.333516
-0.340465
-0.346448
-0.3514
-0.355361
-0.358434
-0.360752
-0.362436
-0.363597
-0.364306
-0.364619
-0.36457
-0.36415
-0.363357
-0.362165
-0.360524
-0.358406
-0.355729
-0.352451
-0.348532
-0.343987
-0.338892
-0.333431
-0.327937
-0.322878
-0.318797
-0.316227
-0.315517
-0.316731
-0.319641
-0.323787
-0.328615
-0.33362
-0.338388
-0.342599
-0.34613
-0.348935
-0.35107
-0.35268
-0.353965
-0.355141
-0.356417
-0.35795
-0.359895
-0.362308
-0.365202
-0.368514
-0.372141
-0.375911
-0.379635
-0.383066
-0.385995
-0.388209
-0.38955
-0.389917
-0.38927
-0.387637
-0.385108
-0.381789
-0.377883
-0.373584
-0.369157
-0.36488
-0.36108
-0.358078
-0.356169
-0.355604
-0.356502
-0.358824
-0.362398
-0.366881
-0.371898
-0.377073
-0.382108
-0.386739
-0.390813
-0.394213
-0.396904
-0.398847
-0.400052
-0.400561
-0.400439
-0.399751
-0.398599
-0.397107
-0.395376
-0.393513
-0.391603
-0.389694
-0.387799
-0.385914
-0.384024
-0.382164
-0.380382
-0.378708
-0.377161
-0.375719
-0.374328
-0.37294
-0.371511
-0.370113
-0.368921
-0.368157
-0.368087
-0.368865
-0.370527
-0.372939
-0.37585
-0.378919
-0.381786
-0.384153
-0.385814
-0.386628
-0.386577
-0.385696
-0.384108
-0.382
-0.379546
-0.376956
-0.374436
-0.372123
-0.370085
-0.368349
-0.366898
-0.365665
-0.364559
-0.363486
-0.362349
-0.361044
-0.35954
-0.357863
-0.356171
-0.354678
-0.353613
-0.353095
-0.353027
-0.353149
-0.353066
-0.352409
-0.350999
-0.348929
-0.346541
-0.344359
-0.342894
-0.342512
-0.343256
-0.344904
-0.347032
-0.349175
-0.35093
-0.352026
-0.3523
-0.351737
-0.350405
-0.348478
-0.346207
-0.343926
-0.34199
-0.340692
-0.340197
-0.340501
-0.341422
-0.342677
-0.34396
-0.344998
-0.345605
-0.345678
-0.345184
-0.344136
-0.342592
-0.340576
-0.338158
-0.335354
-0.332178
-0.328623
-0.324673
-0.320324
-0.31557
-0.310465
-0.305148
-0.299793
-0.294693
-0.290191
-0.286607
-0.284191
-0.283012
-0.282975
-0.283827
-0.285278
-0.28703
-0.288863
-0.290641
-0.292297
-0.293812
-0.2952
-0.296462
-0.297596
-0.298585
-0.299397
-0.300008
-0.300373
-0.300439
-0.300211
-0.29969
-0.298936
-0.298018
-0.297068
-0.296227
-0.295654
-0.295471
-0.295747
-0.296516
-0.297732
-0.299312
-0.301126
-0.30306
-0.305002
-0.306873
-0.30859
-0.310114
-0.311423
-0.312464
-0.313197
-0.313535
-0.313398
-0.31264
-0.31109
-0.308571
-0.304904
-0.299974
-0.293786
-0.286561
-0.278789
-0.271182
-0.264528
-0.259546
-0.256734
-0.256383
-0.258597
-0.263203
-0.269711
-0.277323
-0.285173
-0.292561
-0.299052
-0.304504
-0.308972
-0.312617
-0.315629
-0.318148
-0.320325
-0.322201
-0.323812
-0.325125
-0.326076
-0.326593
-0.326586
-0.326002
-0.32489
-0.323446
-0.322061
-0.321236
-0.321531
-0.323303
-0.326583
-0.33099
-0.335898
-0.340557
-0.344332
-0.34677
-0.347614
-0.346731
-0.344054
-0.339569
-0.333353
-0.32575
-0.317631
-0.310489
-0.306244
-0.306512
-0.31162
-0.320465
-0.331075
-0.341585
-0.35075
-0.358068
-0.363497
-0.367344
-0.369948
-0.371716
-0.372992
-0.37401
-0.374971
-0.376003
-0.377134
-0.378383
-0.379713
-0.381059
-0.382352
-0.383549
-0.384597
-0.385495
-0.386253
-0.386876
-0.387403
-0.387819
-0.388115
-0.388224
-0.388033
-0.387412
-0.38623
-0.384383
-0.381919
-0.378956
-0.375782
-0.372752
-0.370208
-0.368378
-0.367354
-0.36713
-0.367616
-0.368728
-0.370334
-0.372269
-0.374366
-0.376512
-0.378638
-0.380798
-0.383092
-0.38559
-0.388323
-0.391254
-0.394239
-0.397129
-0.399723
-0.401877
-0.40349
-0.4045
-0.404901
-0.404714
-0.404038
-0.402985
-0.401676
-0.400274
-0.398926
-0.397789
-0.396986
-0.396584
-0.396621
-0.397058
-0.397818
-0.398773
-0.399801
-0.400763
-0.401508
-0.401899
-0.401835
-0.40119
-0.399881
-0.397852
-0.395019
-0.391382
-0.386892
-0.381522
-0.375284
-0.368163
-0.36028
-0.351832
-0.343228
-0.335047
-0.32801
-0.322816
-0.320016
-0.319868
-0.32223
-0.326723
-0.332831
-0.339981
-0.347681
-0.355458
-0.362863
-0.369505
-0.375128
-0.379661
-0.383172
-0.385902
-0.388075
-0.389909
-0.39152
-0.392932
-0.394109
-0.394915
-0.395291
-0.395134
-0.39438
-0.392989
-0.390914
-0.388161
-0.38477
-0.38078
-0.376299
-0.371524
-0.36668
-0.362021
-0.357774
-0.354114
-0.351112
-0.348825
-0.34735
-0.346885
-0.347718
-0.350093
-0.354088
-0.359534
-0.36595
-0.372717
-0.379247
-0.385061
-0.389892
-0.393604
-0.396203
-0.397732
-0.398267
-0.397881
-0.396646
-0.394639
-0.39194
-0.38869
-0.385063
-0.381296
-0.377654
-0.374401
-0.37172
-0.369699
-0.368328
-0.367516
-0.367164
-0.367143
-0.367296
-0.367516
-0.367659
-0.367627
-0.367371
-0.36698
-0.366656
-0.36664
-0.367186
-0.368458
-0.370475
-0.373107
-0.376128
-0.379299
-0.382426
-0.38541
-0.388201
-0.39081
-0.393263
-0.395592
-0.397789
-0.399829
-0.401682
-0.403323
-0.404775
-0.406072
-0.407299
-0.408527
-0.409825
-0.411216
-0.412689
-0.414193
-0.415631
-0.416889
-0.417877
-0.418506
-0.418708
-0.418443
-0.417696
-0.416488
-0.414859
-0.412894
-0.410702
-0.408436
-0.406312
-0.404511
-0.403228
-0.402625
-0.402748
-0.40357
-0.404953
-0.406671
-0.408444
-0.409981
-0.41101
-0.411317
-0.410747
-0.409245
-0.406874
-0.403785
-0.400242
-0.396563
-0.39303
-0.38986
-0.387118
-0.384734
-0.382571
-0.38048
-0.378403
-0.376341
-0.374386
-0.372669
-0.37134
-0.370537
-0.37034
-0.370846
-0.372125
-0.374231
-0.377153
-0.3808
-0.384977
-0.389437
-0.393917
-0.398191
-0.402073
-0.405442
-0.408215
-0.410358
-0.411855
-0.412691
-0.412845
-0.412313
-0.411077
-0.409135
-0.406532
-0.40335
-0.399731
-0.395872
-0.391931
-0.387994
-0.383997
-0.379666
-0.374552
-0.368141
-0.360131
-0.350739
-0.340954
-0.332487
-0.327112
-0.325775
-0.328021
-0.332399
-0.337384
-0.342049
-0.346195
-0.350039
-0.353909
-0.357942
-0.362089
-0.366154
-0.369841
-0.372916
-0.375192
-0.376606
-0.377184
-0.377001
-0.376135
-0.374714
-0.372839
-0.370616
-0.368113
-0.365389
-0.362498
-0.359478
-0.356349
-0.353156
-0.349936
-0.346751
-0.343658
-0.340741
-0.338073
-0.335739
-0.333804
-0.332363
-0.331485
-0.331244
-0.331658
-0.332738
-0.334436
-0.336624
-0.339175
-0.341925
-0.344707
-0.347395
-0.349878
-0.352084
-0.353964
-0.355511
-0.35674
-0.357693
-0.358399
-0.358895
-0.359233
-0.359452
-0.359599
-0.359711
-0.359797
-0.359896
-0.36003
-0.360218
-0.360468
-0.360798
-0.361198
-0.361698
-0.362255
-0.362893
-0.363599
-0.364341
-0.365118
-0.365898
-0.366637
-0.367297
-0.367839
-0.368182
-0.368285
-0.368086
-0.367549
-0.366635
-0.365346
-0.363727
-0.361874
-0.359928
-0.358041
-0.356373
-0.35504
-0.35405
-0.353309
-0.352653
-0.351884
-0.350835
-0.349428
-0.347758
-0.346036
-0.344572
-0.343622
-0.343328
-0.343598
-0.344202
-0.344907
-0.345615
-0.346451
-0.347699
-0.349665
-0.352537
-0.356251
-0.360515
-0.364936
-0.369124
-0.372803
-0.375801
-0.3781
-0.379757
-0.380867
-0.381559
-0.381951
-0.382109
-0.382127
-0.382057
-0.381918
-0.381716
-0.38145
-0.381117
-0.380715
-0.380227
-0.379642
-0.378937
-0.378034
-0.376881
-0.375383
-0.373484
-0.371122
-0.368363
-0.36533
-0.362281
-0.359495
-0.357217
-0.355527
-0.35431
-0.353231
-0.351856
-0.349878
-0.34725
-0.344302
-0.341643
-0.339924
-0.339561
-0.340517
-0.342366
-0.344527
-0.346579
-0.348418
-0.350184
-0.352133
-0.354457
-0.357166
-0.360075
-0.362931
-0.365451
-0.367424
-0.368738
-0.369386
-0.369402
-0.368906
-0.367983
-0.366737
-0.365271
-0.363701
-0.362091
-0.360536
-0.359075
-0.357775
-0.356635
-0.355665
-0.35486
-0.354174
-0.353546
-0.352948
-0.352321
-0.351639
-0.350924
-0.350214
-0.349588
-0.349146
-0.348966
-0.349089
-0.349504
-0.350106
-0.350683
-0.351039
-0.350886
-0.349941
-0.347903
-0.344442
-0.339192
-0.331909
-0.322669
-0.31231
-0.302728
-0.296595
-0.296105
-0.301563
-0.311073
-0.321832
-0.331552
-0.339175
-0.344621
-0.348373
-0.351041
-0.353169
-0.355166
-0.357267
-0.35962
-0.362257
-0.365174
-0.368307
-0.371619
-0.374995
-0.378344
-0.381579
-0.384566
-0.387197
-0.389386
-0.391006
-0.392
-0.392338
-0.39202
-0.39116
-0.389959
-0.388723
-0.387835
-0.387669
-0.388488
-0.390353
-0.393153
-0.396542
-0.400155
-0.403558
-0.406438
-0.408586
-0.409885
-0.410312
-0.40996
-0.409057
-0.407933
-0.407074
-0.406961
-0.408006
-0.410361
-0.41386
-0.418107
-0.422558
-0.426626
-0.429776
-0.431573
-0.431677
-0.429908
-0.426291
-0.421035
-0.414558
-0.407466
-0.400415
-0.394068
-0.388967
-0.38546
-0.383679
-0.383577
-0.384998
-0.387622
-0.391107
-0.395065
-0.399125
-0.402989
-0.406438
-0.409366
-0.41177
-0.413687
-0.415202
-0.416425
-0.417457
-0.41841
-0.419376
-0.420442
-0.421639
-0.422977
-0.424485
-0.426195
