1.51068
1.51068
1.51068
1.51069
1.51069
1.51068
1.51068
1.51068
1.51068
1.51068
1.51069
1.51069
1.51069
1.5107
1.5107
1.51069
1.5107
1.51071
1.51071
1.51071
1.51072
1.51071
1.51071
1.51072
1.51072
1.51073
1.51073
1.51072
1.51073
1.51073
1.51073
1.51072
1.51072
1.51073
1.51072
1.51072
1.51072
1.51072
1.51072
1.51073
1.51072
1.51072
1.51072
1.51073
1.51072
1.51073
1.51073
1.51073
1.51073
1.51073
1.51073
1.51073
1.51073
1.51073
1.51073
1.51073
1.51072
1.51071
1.51071
1.5107
1.51069
1.51069
1.51069
1.5107
1.5107
1.51069
1.5107
1.5107
1.5107
1.51071
1.51071
1.51072
1.51071
1.5107
1.5107
1.51071
1.51071
1.51071
1.51072
1.51072
1.51072
1.51071
1.51071
1.51071
1.51071
1.51071
1.51072
1.51072
1.51071
1.51071
1.51071
1.51071
1.51071
1.5107
1.51069
1.51069
1.51069
1.51069
1.51069
1.51069
1.5107
1.5107
1.5107
1.5107
1.51069
1.5107
1.51069
1.51069
1.51069
1.51069
1.51069
1.51068
1.51068
1.51068
1.51068
1.51069
1.51069
1.51069
1.51069
1.5107
1.5107
1.5107
1.5107
1.5107
1.5107
1.51069
1.5107
1.51069
1.5107
1.5107
1.5107
1.51071
1.51071
1.51071
1.51071
1.51071
1.51072
1.51071
1.51072
1.51073
1.51073
1.51071
1.51072
1.51071
1.51072
1.51072
1.51073
1.51075
1.51075
1.51075
1.51074
1.51073
1.51074
1.51074
1.51074
1.51074
1.51074
1.51074
1.51074
1.51073
1.51074
1.51074
1.51075
1.51075
1.51075
1.51075
1.51075
1.51075
1.51075
1.51075
1.51074
1.51075
1.51075
1.51076
1.51076
1.51076
1.51076
1.51075
1.51076
1.51076
1.51076
1.51077
1.51076
1.51076
1.51076
1.51076
1.51076
1.51075
1.51076
1.51076
1.51075
1.51076
1.51076
1.51076
1.51076
1.51075
1.51074
1.51074
1.51074
1.51073
1.51075
1.51075
1.51075
1.51075
1.51076
1.51076
1.51075
1.51075
1.51076
1.51076
1.51077
1.51076
1.51076
1.51076
1.51076
1.51076
1.51076
1.51075
1.51075
1.51075
1.51075
1.51076
1.51077
1.51076
1.51076
1.51075
1.51075
1.51075
1.51075
1.51075
1.51074
1.51073
1.51073
1.51072
1.51072
1.51071
1.51071
1.51071
1.51071
1.51071
1.51071
1.51071
1.51072
1.51071
1.51071
1.51072
1.51072
1.51071
1.51071
1.51071
1.5107
1.51069
1.5107
1.5107
1.51069
1.51068
1.51067
1.51067
1.51067
1.51067
1.51067
1.51068
1.51069
1.5107
1.51068
1.51068
1.51069
1.51069
1.5107
1.5107
1.5107
1.51069
1.51069
1.51069
1.51069
1.5107
1.5107
1.5107
1.5107
1.5107
1.5107
1.5107
1.51069
1.51069
1.5107
1.5107
1.5107
1.5107
1.51071
1.5107
1.5107
1.5107
1.5107
1.51069
1.51069
1.51068
1.51068
1.51068
1.51069
1.51069
1.51068
1.51069
1.51069
1.51068
1.51069
1.51069
1.51068
1.51068
1.51067
1.51067
1.51067
1.51067
1.51067
1.51067
1.51066
1.51066
1.51065
1.51066
1.51066
1.51066
1.51065
1.51066
1.51066
1.51065
1.51065
1.51065
1.51064
1.51065
1.51065
1.51065
1.51065
1.51064
1.51063
1.51062
1.51062
1.51062
1.51063
1.51062
1.51062
1.51062
1.51061
1.51061
1.5106
1.51061
1.51061
1.5106
1.5106
1.5106
1.51059
1.5106
1.5106
1.5106
1.5106
1.51061
1.51061
1.51062
1.51062
1.51063
1.51063
1.51063
1.51063
1.51062
1.51062
1.51062
1.51063
1.51063
1.51063
1.51064
1.51064
1.51064
1.51064
1.51064
1.51064
1.51064
1.51063
1.51062
1.51063
1.51063
1.51063
1.51062
1.51062
1.51062
1.51062
1.51061
1.51061
1.51062
1.51062
1.51062
1.51061
1.51062
1.51061
1.51061
1.51061
1.51061
1.51061
1.5106
1.51059
1.51059
1.51059
1.51058
1.51059
1.51058
1.51058
1.51058
1.51058
1.51059
1.51058
1.51058
1.51058
1.51058
1.51058
1.51057
1.51057
1.51057
1.51057
1.51058
1.51057
1.51058
1.51057
1.51057
1.51057
1.51055
1.51054
1.51053
1.51053
1.51054
1.51054
1.51054
1.51054
1.51053
1.51053
1.51053
1.51053
1.51053
1.51053
1.51054
1.51054
1.51053
1.51053
1.51053
1.51054
1.51054
1.51053
1.51053
1.51055
1.51054
1.51054
1.51054
1.51054
1.51054
1.51055
1.51054
1.51055
1.51054
1.51055
1.51055
1.51053
1.51053
1.51053
1.51053
1.51053
1.51054
1.51053
1.51053
1.51053
1.51052
1.51052
1.51052
1.51051
1.51051
1.5105
1.5105
1.51051
1.51051
1.51051
1.51051
1.5105
1.51051
1.5105
1.5105
1.5105
1.5105
1.5105
1.5105
1.5105
1.51049
1.51049
1.51049
1.51048
1.51048
1.51048
1.51047
1.51048
1.51049
1.51049
1.51049
1.51049
1.51049
1.51049
1.51048
1.51048
1.51049
1.51049
1.51049
1.51048
1.51049
1.51049
1.51048
1.51048
1.51047
1.51047
1.51047
1.51047
1.51048
1.51047
1.51047
1.51047
1.51047
1.51047
1.51047
1.51047
1.51048
1.51048
1.51048
1.51048
1.51048
1.51048
1.51048
1.51048
1.51049
1.51049
1.5105
1.5105
1.5105
1.5105
1.51051
1.51051
1.51052
1.51053
1.51052
1.51052
1.51052
1.51052
1.51052
1.51053
1.51052
1.51052
1.51052
1.51053
1.51052
1.51053
1.51052
1.51053
1.51053
1.51053
1.51052
1.5105
1.51051
1.51051
1.51051
1.51051
1.5105
1.5105
1.51051
1.5105
1.5105
1.5105
1.5105
1.51051
1.51051
1.51052
1.51052
1.51052
1.51052
1.51053
1.51054
1.51054
1.51054
1.51055
1.51055
1.51055
1.51055
1.51054
1.51055
1.51054
1.51055
1.51054
1.51054
1.51054
1.51055
1.51055
1.51055
1.51055
1.51055
1.51055
1.51056
1.51057
1.51057
1.51056
1.51056
1.51056
1.51056
1.51056
1.51055
1.51056
1.51056
1.51056
1.51056
1.51057
1.51058
1.51058
1.51058
1.51058
1.51058
1.51058
1.51058
1.51058
1.51058
1.51059
1.51058
1.51057
1.51057
1.51057
1.51057
1.51057
1.51058
1.51057
1.51057
1.51057
1.51057
1.51056
1.51056
1.51055
1.51056
1.51056
1.51056
1.51056
1.51056
1.51057
1.51057
1.51057
1.51058
1.51058
1.51058
1.51057
1.51057
1.51057
1.51058
1.51057
1.51057
1.51057
1.51057
1.51057
1.51057
1.51056
1.51056
1.51055
1.51055
1.51055
1.51054
1.51054
1.51054
1.51054
1.51054
1.51055
1.51055
1.51056
1.51055
1.51055
1.51054
1.51054
1.51054
1.51054
1.51055
1.51055
1.51055
1.51056
1.51054
1.51054
1.51055
1.51055
1.51056
1.51056
1.51056
1.51056
1.51056
1.51057
1.51058
1.51058
1.51058
1.51058
1.51059
1.51058
1.51058
1.51058
1.51057
1.51055
1.51055
1.51055
1.51055
1.51056
1.51056
1.51056
1.51057
1.51057
1.51057
1.51057
1.51057
1.51056
1.51056
1.51056
1.51056
1.51057
1.51057
1.51057
1.51057
1.51056
1.51056
1.51056
1.51056
1.51055
1.51055
1.51056
1.51056
1.51056
1.51055
1.51055
1.51056
1.51057
1.51056
1.51057
1.51057
1.51057
1.51057
1.51057
1.51058
1.51058
1.51058
1.51058
1.51057
1.51057
1.51057
1.51058
1.51058
1.51059
1.51058
1.51059
1.51058
1.51058
1.51057
1.51058
1.51058
1.51058
1.51059
1.51059
1.51059
1.5106
1.5106
1.5106
1.51059
1.51059
1.51059
1.51059
1.51058
1.51058
1.51058
1.51058
1.51058
1.51058
1.51057
1.51057
1.51058
1.51058
1.51059
1.51059
1.51059
1.51059
1.51058
1.51059
1.51059
1.51059
1.5106
1.51059
1.51059
1.51058
1.51058
1.51057
1.51058
1.51058
1.51058
1.51058
1.51058
1.51058
1.51058
1.51058
1.51057
1.51058
1.51059
1.51059
1.51058
1.51058
1.51058
1.51058
1.51058
1.51059
1.51059
1.5106
1.51061
1.51062
1.51061
1.51061
1.51061
1.51062
1.51062
1.51062
1.51062
1.51062
1.51062
1.51062
1.51062
1.51062
1.51062
1.51061
1.5106
1.5106
1.5106
1.5106
1.5106
1.51059
1.5106
1.51061
1.5106
1.5106
1.51059
1.51058
1.51058
1.51058
1.51058
1.51058
1.51058
1.51058
1.51058
1.51059
1.51058
1.51059
1.51059
1.51059
1.51059
1.51058
1.51058
1.5106
1.5106
1.51059
1.51059
1.51059
1.5106
1.51061
1.51061
1.51061
1.51061
1.51061
1.5106
1.5106
1.51061
1.5106
1.5106
1.5106
1.5106
1.51059
1.5106
1.5106
1.5106
1.5106
1.5106
1.5106
1.51061
1.5106
1.5106
1.5106
1.51061
1.51061
1.51062
1.51061
1.51062
1.51061
1.51061
1.51062
1.51061
1.51061
1.51062
1.51062
1.51061
1.51062
1.51061
1.51061
1.51062
1.51062
1.51062
1.51063
1.51063
1.51062
1.51063
1.51063
1.51063
1.51063
1.51064
1.51063
1.51063
1.51063
1.51064
1.51064
1.51064
1.51064
1.51065
1.51065
1.51065
1.51065
1.51065
1.51064
1.51064
1.51064
1.51063
1.51062
1.51062
1.51062
1.51062
1.51062
1.51062
1.51063
1.51063
1.51063
1.51063
1.51062
1.51062
1.51062
1.51061
1.51061
1.51062
1.51061
1.51061
1.51061
1.5106
1.5106
1.5106
1.5106
1.51059
1.51059
1.51058
1.51059
1.51058
1.51058
1.51059
1.5106
1.5106
1.51061
1.51061
1.51061
1.51061
1.5106
1.5106
1.5106
1.51059
1.51059
1.51059
1.51059
1.5106
1.5106
1.5106
1.51059
1.51059
1.51059
1.51059
1.51059
1.51059
1.51059
1.51059
1.5106
1.51059
1.51059
1.5106
1.51059
1.5106
1.51061
1.51061
1.51061
1.5106
1.5106
1.5106
1.51059
1.51059
1.5106
1.51059
1.5106
1.5106
1.5106
1.5106
1.51059
1.5106
1.5106
1.51059
