          50           0           0           0           0
          50    0.064633           0           0           0
          50    0.129266           0           0           0
          50    0.193899           0           0           0
          50    0.258532           0           0           0
          50    0.323165           0           0           0
          50    0.387798           0           0           0
          50    0.452431           0           0           0
          50    0.517064           0           0           0
          50    0.581697           0           0           0
          50     0.64633           0           0           0
          50    0.710963           0           0           0
          50    0.775596           0           0           0
          50     0.84023           0           0           0
          50    0.904863    0.069198     0.20275    0.031803
          50    0.969496     1.27176     1.17971   0.0632561
          50     1.03413     2.59204     2.62945   0.0797836
          50     1.09876     3.30211     3.47886    0.107877
          50     1.16339     3.16744     3.26735    0.118246
          50     1.22803     3.36759     2.36459   0.0849779
          50     1.29266     2.19878     2.08278   0.0921379
          50     1.35729     2.06199     1.71917   0.0687041
          50     1.42193     2.28524     1.74684   0.0580133
          50     1.48656     1.89729     1.61717   0.0572715
          50     1.55119     1.81832     1.44326   0.0530752
          50     1.61583     1.57781     1.51805   0.0506848
          50     1.68046     1.74075     1.56564   0.0509021
          50     1.74509     1.32781     1.47811   0.0586969
          50     1.80973     1.18253     1.50557   0.0422954
          50     1.87436     1.03683     1.47882   0.0515799
          50     1.93899      1.3689     1.46683   0.0526004
          50     2.00362      1.0487     1.45321   0.0406139
          50     2.06826     1.51563     1.38845   0.0400656
          50     2.13289     1.09581      1.4077   0.0384468
          50     2.19752     1.00876     1.35235   0.0431172
          50     2.26216     1.27031     1.34872   0.0395445
          50     2.32679    0.901244     1.32816   0.0377394
          50     2.39142    0.983188     1.33589    0.037114
          50     2.45606    0.937689     1.29509   0.0325611
          50     2.52069     1.01208     1.30936   0.0420993
          50     2.58532     1.01596      1.3022    0.032188
          50     2.64995     1.19153     1.35918   0.0321774
          50     2.71459     1.16432     1.39412   0.0391623
          50     2.77922     1.49213      1.3586   0.0355612
          50     2.84385     1.54709     1.37922   0.0352295
          50     2.90849     1.10021     1.35329   0.0334376
          50     2.97312    0.959166     1.31214   0.0264958
          50     3.03775     1.09015      1.3183   0.0273744
          50     3.10239      1.3643     1.32563    0.022852
          50     3.16702     1.45527     1.32108   0.0283184
          50     3.23165     1.38394     1.32367   0.0275804
          50     3.29629     1.32248     1.31881   0.0301039
          50     3.36092     1.39667      1.3153   0.0291135
          50     3.42555      1.2458      1.2281    0.026088
          50     3.49018     0.94815      1.2571   0.0253116
          50     3.55482     1.27339     1.25308   0.0308701
          50     3.61945     1.18768     1.21809   0.0279421
          50     3.68408     1.52531     1.26854   0.0268887
          50     3.74872     1.45447     1.28763   0.0303665
          50     3.81335     1.50877     1.27448   0.0209554
          50     3.87798     1.23465     1.33405   0.0240848
          50     3.94262     1.07168     1.30907   0.0208191
          50     4.00725     1.44565     1.32191   0.0201349
          50     4.07188     1.45643     1.32685   0.0156176
          50     4.13651     1.28392     1.34763   0.0194616
          50     4.20115     1.24332      1.3205   0.0153782
          50     4.26578     1.36254      1.2803   0.0171147
          50     4.33041      1.3033     1.30599   0.0180334
          50     4.39505     1.38805     1.29956   0.0209736
          50     4.45968     1.18418     1.29051   0.0147758
          50     4.52431     1.05858     1.29308   0.0172728
          50     4.58895     1.06192     1.28908   0.0197552
          50     4.65358     1.32634     1.26196   0.0174287
          50     4.71821     1.21236     1.32099   0.0170311
          50     4.78285     1.31115     1.32479   0.0145572
          50     4.84748     1.52176     1.28101   0.0169824
          50     4.91211     1.30193     1.30743   0.0169993
          50     4.97674      1.1583     1.30112   0.0188759
          50     5.04138     1.35808     1.32331   0.0193826
          50     5.10601     1.43466     1.31749   0.0157555
          50     5.17064     1.50817     1.30039   0.0137853
          50     5.23528     1.24569     1.29145    0.015471
          50     5.29991      1.1836     1.30222   0.0157132
          50     5.36454     1.36521     1.28161   0.0160699
          50     5.42918     1.37284     1.28953    0.018427
          50     5.49381       1.323     1.26673   0.0160787
          50     5.55844     1.52309     1.30114   0.0178583
          50     5.62307     1.39438     1.31898   0.0188982
          50     5.68771     1.27292     1.30828   0.0158674
          50     5.75234     1.31913      1.3214   0.0159194
          50     5.81697     1.28747     1.33595   0.0171947
          50     5.88161     1.30468     1.35021   0.0146295
          50     5.94624     1.26642     1.34807   0.0159921
          50     6.01087     1.35185     1.37708   0.0133035
          50     6.07551     1.56705     1.35785   0.0140131
          50     6.14014     1.22082     1.32592   0.0112296
          50     6.20477     1.24488     1.31904   0.0157324
          50      6.2694      1.2256     1.33339   0.0125695
          50     6.33404     1.36661     1.32945   0.0131434
          50     6.39867     1.32898     1.30252   0.0137799
