1
0.830612
0.710069
0.620588
0.55207
0.49694
0.453348
0.417188
0.387604
0.362908
0.342654
0.324732
0.308431
0.294155
0.280875
0.26892
0.258308
0.249478
0.240493
0.232399
0.224424
0.217221
0.211171
0.206121
0.200831
0.196096
0.191643
0.186683
0.182373
0.177757
0.174099
0.171216
0.166184
0.162122
0.158919
0.155472
0.152657
0.149781
0.147719
0.145479
0.143289
0.141349
0.138775
0.136329
0.133098
0.129904
0.127758
0.125617
0.123742
0.120848
0.117694
0.114067
0.111224
0.109955
0.109439
0.108593
0.107639
0.106423
0.105497
0.103869
0.101927
0.0998606
0.0973918
0.0953028
0.0931143
0.0917875
0.0907905
0.0897622
0.0880802
0.086165
0.0848255
0.0826182
0.0810282
0.0793038
0.0782683
0.0769738
0.0752127
0.0736658
0.0727219
0.0716818
0.0708203
0.0695612
0.0683779
0.0677729
0.0666719
0.0661851
0.0652146
0.0646674
0.0646878
0.0636789
0.0627502
0.0617657
0.0617656
0.0612667
0.0600848
0.0601493
0.0594936
0.0578146
0.0567109
0.0557809
0.0546509
0.0533752
0.0528036
0.0524773
0.05163
0.0505185
0.0492773
0.0482548
0.0471279
0.046956
0.0467811
0.0465876
0.0464002
0.0456831
0.0452568
0.0445587
0.0436814
0.0425572
0.0410824
0.0402365
0.0397019
0.0392726
0.0383278
0.0372941
0.0359964
0.0352422
0.0338591
0.0326425
0.0312815
0.0302655
0.0298909
0.0298968
0.0299643
0.0297316
0.0290652
0.0282379
0.0268038
0.0261954
0.0257094
0.0245975
0.0236477
0.0233421
0.0225713
0.022221
0.0214265
0.0214652
0.0210589
0.021074
0.0207613
0.0204659
0.0212008
0.0209187
0.0204532
0.0210344
0.021369
0.0213062
0.0213811
0.0211803
0.0203075
0.0189748
0.0181786
0.0182112
0.0180369
0.0180193
0.017564
0.0162469
0.0154604
0.0145137
0.0140624
0.0137772
0.0134287
0.0137685
0.0140432
0.0132698
0.0127883
0.0134988
0.0134653
0.0130184
0.0127606
0.0126292
0.0119248
0.0120481
0.0116245
0.01149
0.0117816
0.011401
0.0113815
0.0116195
0.0120228
0.0114766
0.0109008
0.0108685
0.0111873
0.0112477
0.011071
0.0104601
0.0106434
0.0111197
0.0115146
0.011553
0.011648
0.0114591
0.0120464
0.0113424
0.0114708
0.011468
0.0117797
0.0117904
0.0121829
0.0123339
0.0123457
0.0123497
0.0118291
0.0113999
0.0105114
0.00972573
0.00928005
0.0088304
0.00810516
0.00749233
0.00655365
0.00538511
0.00481312
0.00484721
0.00492806
0.00450091
0.00401023
0.0035281
0.00354064
0.00323802
0.00373933
0.00377115
0.00402508
0.00461838
0.0052313
0.00564504
0.00596727
0.00630736
0.00622104
0.00650946
0.00712105
0.00796563
0.00829383
0.00885146
0.00895384
0.00918779
0.00956841
0.0103865
0.0110577
0.0109724
0.0107836
0.00984621
0.00919191
0.00855297
0.00853452
0.00800781
0.00746014
0.00748574
0.0073534
0.00701115
0.00700176
0.00731931
0.00685923
0.00700599
0.00737327
0.00765516
0.00752183
0.00679264
0.00621635
0.00630936
0.00628811
0.0059098
0.00598712
0.00619336
0.00691608
0.00767418
0.00801513
0.00851991
0.00899119
0.00959371
0.00982597
0.00896004
0.00824557
0.00785028
0.00813718
0.00816519
0.00826006
0.00788016
0.00844143
0.00857662
0.009156
0.00965937
0.00957058
0.00926889
0.00910832
0.00904637
0.0101118
0.0106691
0.0103514
0.010265
0.0103368
0.0102111
0.0101914
0.0101291
0.00941917
0.00926265
0.00928819
0.0093661
0.00910934
0.0092603
0.00840513
0.0079371
0.00743045
0.00636161
0.00591233
0.00663297
0.006507
0.00633359
0.00661864
0.0069589
0.00756363
0.00780001
0.0079549
0.0085183
0.00909757
0.00921349
0.00877148
0.00880706
0.00959148
0.00951329
0.00943768
0.00877274
0.00816368
0.00755961
0.00660625
0.00590716
0.00572496
0.00561119
0.00578262
0.00523845
0.00413008
0.00353931
0.00312784
0.0027327
0.00280309
0.00206112
0.00128236
0.000697276
2.74721e-05
0.000183602
0.000188143
-0.000431007
-0.00115086
-0.00128491
-0.00135152
-0.00111801
-0.00015554
9.67738e-05
0.000540859
0.000841783
0.00145239
0.00176122
0.00250754
0.00361974
0.00361508
0.00345201
0.00313775
0.00298633
0.00280261
0.0030315
0.0027254
0.00162836
0.00106959
0.000860179
0.000303209
-0.000142182
-0.00045201
-0.00100625
-0.000857399
-0.000643303
-0.000308376
0.000418531
0.000391239
0.000455517
0.000231175
0.00076085
0.0021239
0.00276559
0.00336715
0.00472517
0.00531146
0.00486637
0.00437182
0.00352256
0.00259456
0.00210896
0.00217211
0.00197623
0.00198453
0.00117614
