1
0.805034
0.670253
0.572921
0.50019
0.44308
0.398912
0.362863
0.333986
0.310413
0.291499
0.275352
0.260705
0.247831
0.235724
0.224902
0.215264
0.207652
0.199508
0.192199
0.184944
0.178474
0.173718
0.169737
0.16577
0.162428
0.159087
0.155231
0.151889
0.148124
0.145231
0.143193
0.138594
0.134946
0.13219
0.129119
0.126699
0.124099
0.122622
0.120722
0.119049
0.117562
0.115554
0.113588
0.110573
0.107168
0.104927
0.103073
0.101499
0.0988858
0.0958248
0.0925529
0.0899869
0.0893406
0.0893682
0.0888523
0.0882313
0.0873254
0.086723
0.0853932
0.0834282
0.0815448
0.0791552
0.0773205
0.0751215
0.0742072
0.073747
0.073271
0.0720652
0.0706701
0.0697436
0.0679106
0.0665432
0.0648778
0.0641344
0.0628638
0.0612893
0.0599992
0.0592692
0.0583402
0.0577101
0.0564054
0.0552711
0.05473
0.0538722
0.053591
0.0527728
0.0524413
0.053095
0.0524379
0.0518838
0.0512948
0.0515578
0.0514973
0.0504231
0.050774
0.049869
0.04824
0.0473052
0.0464388
0.045192
0.0439582
0.0434767
0.0434062
0.0427214
0.0417734
0.0404779
0.0398151
0.0389078
0.038756
0.0386871
0.0386621
0.0387959
0.0380555
0.037643
0.037079
0.0361448
0.0350623
0.0338206
0.0330063
0.0326215
0.032605
0.0322543
0.0314826
0.0303816
0.0300685
0.0288518
0.0277339
0.0265045
0.0253972
0.0252855
0.0255226
0.0258362
0.0260322
0.0255427
0.0244558
0.0229406
0.0226136
0.0225731
0.0219345
0.0212814
0.0213113
0.020745
0.0201785
0.0193242
0.0193437
0.0189917
0.0189209
0.0182519
0.0178709
0.0186064
0.01833
0.0181295
0.0190373
0.0196661
0.0196579
0.0197165
0.0196529
0.0187371
0.0172151
0.016411
0.0165027
0.016418
0.016452
0.0160533
0.0147343
0.0140193
0.0131252
0.0129611
0.012991
0.0127488
0.013282
0.0136399
0.0125216
0.0118513
0.0126367
0.0126894
0.0124311
0.0123267
0.0123596
0.0117462
0.0118853
0.0112337
0.0110301
0.0111734
0.0106463
0.0104727
0.0105939
0.0109852
0.0103416
0.00958381
0.00959974
0.00997763
0.00987142
0.00949285
0.0088622
0.00897698
0.0096605
0.0103754
0.0107107
0.0110532
0.0110573
0.0119207
0.0112792
0.0116045
0.0116911
0.0116542
0.0116642
0.0119766
0.0122735
0.0123799
0.0125667
0.011954
0.011761
0.0108708
0.0102022
0.00973732
0.00955626
0.00867056
0.00801795
0.0068189
0.00539792
0.00470513
0.00452089
0.00450645
0.00394995
0.00327888
0.00256796
0.00267197
0.00258856
0.00338964
0.00348404
0.00395883
0.00454555
0.00513958
0.0057436
0.00596695
0.00607787
0.00576432
0.00579672
0.00619506
0.00719771
0.00763829
0.00824836
0.00839172
0.00842868
0.00898715
0.0101849
0.0110145
0.0108311
0.0104934
0.00903797
0.00843436
0.00782047
0.00791487
0.00746127
0.00697726
0.00733755
0.00747394
0.00734071
0.00744891
0.00778761
0.00719559
0.0074083
0.00771302
0.00794313
0.00778216
0.00692993
0.00646494
0.00661335
0.00640959
0.00598242
0.00622977
0.00651121
0.0073492
0.00825404
0.0084411
0.00878903
0.00902043
0.00963306
0.00966461
0.00862929
0.0075276
0.00686129
0.00733899
0.0074439
0.00745138
0.00705825
0.00750013
0.00748632
0.00793839
0.00849255
0.00840175
0.00804621
0.0078121
0.00773439
0.00860993
0.00895409
0.00840406
0.00819334
0.00809676
0.00778133
0.00783652
0.00794089
0.00721751
0.00733162
0.00767456
0.00781865
0.00768762
0.00785732
0.00715791
0.00707378
0.0068752
0.00589175
0.00523399
0.00593424
0.00579718
0.00559322
0.00584651
0.00612128
0.00692868
0.00714476
0.00710902
0.00742673
0.00785333
0.00784505
0.00755157
0.00771722
0.00871655
0.00876146
0.00892714
0.00828239
0.00767151
0.00693827
0.00595959
0.00512353
0.00487235
0.00473083
0.00483781
0.00443658
0.00326658
0.00277468
0.00291372
0.00264706
0.00298565
0.00216359
0.00114982
0.000233789
-0.000389977
-8.80593e-05
0.000348718
-0.000191526
-0.00097059
-0.00127928
-0.00134193
-0.00112491
-1.0081e-05
0.000250064
0.000713593
0.000960537
0.00134841
0.0014917
0.00220585
0.00320582
0.00313619
0.00300659
0.00273981
0.00273235
0.00273971
0.00311705
0.00296893
0.00168607
0.00100383
0.000857497
0.000284979
-0.000208582
-0.000649962
-0.00146546
-0.00120567
-0.000741747
-0.000232231
0.00059359
0.000617157
0.000908184
0.000705095
0.0016101
0.00331352
0.00388665
0.0044151
0.00594741
0.00669623
0.00610334
0.00566063
0.0045773
0.00348444
0.00274803
0.00273696
0.0023678
0.0026797
0.00200121
