           1    -5.53981    -5.53981           0
           2    -5.47979     -5.5098   0.0300111
           3    -5.46378    -5.49446   0.0231418
           4    -5.46286    -5.48656   0.0181712
           5    -5.44762    -5.47877   0.0160865
           6    -5.44041    -5.47238    0.014608
           7    -5.44155    -5.46797   0.0131081
           8    -5.48247    -5.46979   0.0114957
           9    -5.45736     -5.4684   0.0102318
          10    -5.44838     -5.4664  0.00936806
           1    -5.46319    -5.46319           0
           2    -5.46961     -5.4664  0.00320902
           3    -5.46147    -5.46476  0.00247557
           4    -5.46379    -5.46452  0.00176694
           5     -5.4623    -5.46407  0.00143892
           6    -5.46328    -5.46394  0.00118234
           7    -5.46178    -5.46363  0.00104558
           8    -5.46544    -5.46386 0.000933392
           9    -5.46471    -5.46395 0.000828577
          10    -5.46242     -5.4638 0.000756788
