           1     1.00528     1.00528           0
           2     1.31372      1.1595     0.15422
           3     1.38577     1.23492    0.116691
           4     1.39057     1.27384   0.0912278
           5      1.4792     1.31491    0.081734
           6     1.49082     1.34423   0.0728917
           7     1.52308     1.36978   0.0666929
           8     1.33209     1.36507   0.0579495
           9     1.39834     1.36876   0.0512401
          10     1.50854     1.38274   0.0479148
           1     1.40972     1.40972           0
           2     1.36775     1.38873   0.0209868
           3     1.40841     1.39529   0.0137777
           4     1.39474     1.39515  0.00974328
           5     1.40736      1.3976  0.00793236
           6     1.39961     1.39793  0.00648545
           7     1.40711     1.39924  0.00563586
           8     1.39673     1.39893  0.00489087
           9     1.39627     1.39863  0.00432345
          10     1.40958     1.39973  0.00401892
