          40           2    0.026044   0.0280312 0.000856871
          40           2    0.026356   0.0279073 0.000916099
          40        1.95    0.025908   0.0289255 0.000892586
          40         1.9    0.024548    0.029459  0.00099088
          40        1.85      0.0247   0.0303847  0.00110763
          40         1.8    0.036196   0.0352375 0.000994702
          40        1.75    0.031484   0.0363747 0.000804442
          40         1.7    0.034156   0.0387377 0.000923328
          40        1.65    0.032492   0.0408384  0.00102728
          40         1.6    0.041516   0.0427433  0.00111962
          40        1.55    0.044592   0.0459712   0.0011008
          40         1.5    0.042044   0.0503693 0.000968042
          40        1.45    0.052096   0.0531662  0.00180743
          40         1.4     0.06006    0.058306  0.00121693
          40        1.35    0.064444     0.06506  0.00171246
          40         1.3    0.061564   0.0703829  0.00167569
          40        1.25    0.080572   0.0753231  0.00193976
          40         1.2    0.091736   0.0837603   0.0020295
          40        1.15    0.079956   0.0922028  0.00266625
          40         1.1     0.13456    0.112192  0.00325321
          40        1.05    0.136308     0.12312  0.00290521
          40           1    0.158684    0.145009  0.00287065
          40        0.95    0.206124    0.170182  0.00436775
          40         0.9    0.228424    0.200993   0.0046044
          40        0.85     0.21278    0.231924   0.0054896
          40         0.8     0.28328    0.284775  0.00687127
          40        0.75    0.308416    0.354842  0.00822452
          40         0.7    0.434592    0.445774  0.00797422
          40        0.65      0.4951      0.5314   0.0100032
          40         0.6      0.7214    0.648335   0.0144925
          40        0.55    0.638636    0.785674   0.0113861
          40         0.5     0.94042    0.895871  0.00951541
