          40           2     1.40402     1.35952   0.0049438
          40           2     1.40271     1.36112   0.0044144
          40        1.95     1.45015     1.43897  0.00510957
          40         1.9     1.51876     1.50826    0.005848
          40        1.85     1.64982      1.5989  0.00525646
          40         1.8     1.74115     1.68281  0.00737343
          40        1.75     1.82956     1.79388  0.00649833
          40         1.7     1.92752     1.89827   0.0064477
          40        1.65     2.12046     2.03999  0.00957954
          40         1.6     2.16819     2.17422  0.00785796
          40        1.55     2.41699     2.34975   0.0101675
          40         1.5     2.51819     2.53088    0.011499
          40        1.45     2.69673     2.73954   0.0129469
          40         1.4     2.87249     2.92587   0.0142774
          40        1.35     3.38566     3.26474   0.0154328
          40         1.3     3.36628     3.54739   0.0182497
          40        1.25      4.0012     3.98898   0.0212437
          40         1.2     4.16365      4.4297   0.0236014
          40        1.15     4.56273        4.94   0.0230471
          40         1.1     5.54226     5.60669    0.032307
          40        1.05     7.36694      6.4715   0.0440277
          40           1     7.74471      7.4729   0.0434463
          40        0.95     8.85665     8.71465   0.0691684
          40         0.9     11.2979     10.3913   0.0938865
          40        0.85     12.1672      12.414     0.10866
          40         0.8     15.1892      15.409    0.146081
          40        0.75     19.4431     19.4141    0.243434
          40         0.7     27.0218     24.5145    0.373571
          40        0.65     33.4075     32.6207    0.533239
          40         0.6     43.9031     43.9385    0.561397
          40        0.55     64.6464     59.1677    0.846225
          40         0.5     76.6942     79.0064    0.833485
