          40           2   -0.463432   -0.462385 0.000257759
          40           2    -0.46324    -0.46219 0.000295043
          40        1.95   -0.472936   -0.472242 0.000284653
          40         1.9     -0.4828   -0.482603 0.000287192
          40        1.85   -0.493704   -0.493428 0.000281754
          40         1.8    -0.50332   -0.504537 0.000293547
          40        1.75   -0.517168   -0.516173 0.000277566
          40         1.7     -0.5296   -0.528235 0.000305915
          40        1.65   -0.541032   -0.541308 0.000291101
          40         1.6   -0.554552    -0.55456 0.000299387
          40        1.55   -0.567888   -0.568442 0.000300926
          40         1.5   -0.579312   -0.582755  0.00026959
          40        1.45   -0.596776   -0.597476 0.000240825
          40         1.4   -0.612472   -0.612872  0.00029599
          40        1.35   -0.629328   -0.629471 0.000306759
          40         1.3   -0.643032   -0.646457 0.000327028
          40        1.25   -0.663472   -0.664334 0.000288741
          40         1.2   -0.680856   -0.682872 0.000340412
          40        1.15      -0.699     -0.7015 0.000366714
          40         1.1   -0.719776   -0.720824 0.000353177
          40        1.05    -0.74236   -0.740858  0.00038643
          40           1   -0.761448   -0.762037 0.000397713
          40        0.95   -0.780008   -0.782464 0.000417628
          40         0.9      -0.804   -0.804804 0.000446091
          40        0.85   -0.825144   -0.826384 0.000429431
          40         0.8   -0.848368   -0.849067 0.000434323
          40        0.75   -0.870832   -0.870875 0.000603575
          40         0.7   -0.894352   -0.892205 0.000751091
          40        0.65   -0.912864   -0.913244 0.000804673
          40         0.6    -0.93588   -0.934474 0.000739192
          40        0.55   -0.959272   -0.954856  0.00101281
          40         0.5   -0.970824   -0.974098  0.00086566
