          40           2    0.197017    0.197009 0.000488577
          40           2    0.194329    0.196961 0.000404007
          40        1.95     0.20544    0.204924 0.000510562
          40         1.9    0.212137    0.212985 0.000561625
          40        1.85    0.219316     0.22155 0.000465303
          40         1.8    0.223529    0.230084 0.000536023
          40        1.75     0.23704    0.238796  0.00053062
          40         1.7    0.252479    0.248551 0.000619169
          40        1.65    0.265354    0.259548 0.000725744
          40         1.6    0.272295    0.270033 0.000620633
          40        1.55    0.293411    0.281837 0.000783857
          40         1.5    0.305796    0.292861 0.000982161
          40        1.45    0.310925    0.304684 0.000953971
          40         1.4    0.328097    0.316923   0.0009524
          40        1.35    0.337717    0.330656  0.00100381
          40         1.3    0.352788     0.34505 0.000942111
          40        1.25    0.359284    0.358719  0.00113591
          40         1.2    0.367197    0.369455  0.00153082
          40        1.15     0.39433     0.38665  0.00133622
          40         1.1     0.40452    0.399057  0.00153454
          40        1.05    0.435223    0.411331  0.00146986
          40           1    0.423223     0.42062  0.00182762
          40        0.95    0.449932    0.430214  0.00217793
          40         0.9    0.460286    0.438545  0.00238662
          40        0.85    0.449557    0.443141  0.00200346
          40         0.8    0.450829    0.444716  0.00248053
          40        0.75    0.435693    0.440536  0.00330569
          40         0.7    0.458851    0.431235  0.00344414
          40        0.65    0.480525    0.432995   0.0036594
          40         0.6    0.407731    0.423161  0.00385797
          40        0.55    0.416071    0.395503  0.00410289
          40         0.5    0.367224    0.323319  0.00712774
