-0.494079   -0.493977   0.494105
-0.344208   -0.323159   0.496559
-0.493188   -0.344994   -0.32695
-0.336217   0.487499   -0.324834
-0.19757   -0.494928   -0.48573
0.0042987   -0.343376   -0.489147
-0.171277   -0.329637   -0.340761
-0.0269878   -0.490682   -0.325383
0.167413   0.476028   -0.489196
0.348715   -0.327183   -0.488963
0.159462   -0.329265   -0.323506
0.337841   0.4985   -0.351122
-0.491437   -0.156982   0.481703
-0.342984   0.000309222   0.499899
0.489151   -0.0238885   -0.327445
-0.348151   -0.169437   -0.343306
-0.147728   -0.176675   0.480036
-0.0121228   0.00766   0.477026
-0.18741   0.00567256   -0.344557
0.00066927   -0.165547   -0.329752
0.186992   -0.168224   -0.482075
0.348585   0.00233068   0.496371
0.174953   0.00132393   -0.344646
0.341479   -0.197695   -0.312333
-0.493553   0.159443   0.48322
-0.336697   0.322172   -0.497521
0.487762   0.336185   -0.329532
-0.349173   0.171763   -0.333593
-0.171981   0.165027   0.476331
-0.00638044   0.321558   -0.498335
-0.171693   0.334255   -0.325113
-0.00305207   0.155271   -0.326423
0.173942   0.168611   -0.489431
0.348595   0.319606   -0.49945
0.16416   0.319996   -0.326022
0.336689   0.147497   -0.34699
0.495664   -0.4977   -0.145703
-0.316656   -0.324383   -0.166173
0.495381   -0.33672   0.0306531
-0.334596   0.489407   0.00396244
-0.163544   -0.491278   -0.154926
-0.00922393   -0.319849   -0.166314
-0.156107   -0.313451   -0.00631149
-0.0043101   0.481079   0.00159971
0.141947   -0.489049   -0.167355
0.330349   -0.35806   -0.163752
0.164048   -0.335653   -0.00589205
0.320422   0.499695   0.00545507
-0.487288   -0.184501   -0.143632
-0.346812   -0.000664038   -0.173628
-0.484915   0.00275275   0.00415149
-0.332891   -0.162774   0.00838284
-0.168836   -0.142545   -0.16284
-0.00425414   0.00719304   -0.159243
-0.157075   0.0180535   0.0044117
0.0209586   -0.152778   -0.00979089
0.17855   -0.160478   -0.174085
0.326174   0.00593955   -0.164022
0.175765   -0.0113504   -0.00647066
0.336712   -0.179268   0.00955911
0.478726   0.166494   -0.164078
-0.357808   0.333943   -0.165374
0.495195   0.333436   0.00837351
-0.331865   0.172317   -0.00556118
-0.155821   0.177451   -0.164466
0.0122574   0.327479   -0.165024
-0.161847   0.316931   -0.00182464
0.0172099   0.181893   0.0238782
0.169722   0.165409   -0.164185
0.315689   0.342733   -0.170723
0.171277   0.336489   -0.006389
0.317834   0.165887   -0.000205001
-0.491369   0.483122   0.172195
-0.34017   -0.333884   0.15611
-0.492434   -0.333539   0.308165
-0.33155   0.49286   0.337613
-0.175141   -0.489111   0.167202
0.0216321   -0.32807   0.152605
-0.170856   -0.331613   0.319433
-0.000999579   -0.486573   0.336482
0.170562   0.491018   0.165361
0.334428   -0.334532   0.171836
0.173444   -0.334524   0.325302
0.329138   0.476992   0.343508
-0.483256   -0.153823   0.180162
-0.318099   -0.00157778   0.154234
0.495281   0.0139593   0.312994
-0.334497   -0.161066   0.320582
-0.148948   -0.158537   0.144267
0.0105594   0.0242157   0.1782
-0.173796   0.00658759   0.321929
0.0207945   -0.176096   0.317141
0.178632   -0.162325   0.162288
0.339413   0.0145108   0.163646
0.17768   -0.00531233   0.352002
0.339548   -0.163451   0.333811
0.494094   0.178696   0.152999
-0.330105   0.32787   0.16111
-0.498072   0.323954   0.340311
-0.331881   0.160521   0.301796
-0.146089   0.171064   0.171288
0.0104338   0.339479   0.177268
-0.158576   0.345461   0.341231
0.00213483   0.165173   0.334754
0.170337   0.16964   0.174498
0.320921   0.331871   0.168102
0.155886   0.328049   0.353605
0.323918   0.156143   0.329862
