-0.494139   -0.493834   0.494177
-0.34423   -0.323227   0.496556
-0.493181   -0.344904   -0.326937
-0.336114   0.487549   -0.324781
-0.197497   -0.495033   -0.485774
0.0044278   -0.34334   -0.489021
-0.171048   -0.329599   -0.340813
-0.0271139   -0.490727   -0.325421
0.167307   0.476078   -0.489203
0.348665   -0.327291   -0.489
0.159413   -0.329352   -0.323542
0.337831   0.498376   -0.351175
-0.491354   -0.156728   0.481823
-0.343029   0.000231233   0.499747
0.489239   -0.0238878   -0.327492
-0.348033   -0.169356   -0.343231
-0.147759   -0.176666   0.479954
-0.0121334   0.00759605   0.477085
-0.187521   0.00577457   -0.344738
0.00074557   -0.165517   -0.329697
0.186988   -0.168252   -0.482026
0.348556   0.00226861   0.496385
0.174893   0.00115546   -0.344837
0.341421   -0.197839   -0.31241
-0.493701   0.159458   0.483221
-0.33668   0.322277   -0.497301
0.48787   0.336165   -0.329379
-0.348952   0.171582   -0.333354
-0.172002   0.16518   0.476474
-0.00638955   0.321389   -0.498291
-0.171792   0.33427   -0.324999
-0.00301048   0.155232   -0.326295
0.174035   0.168652   -0.489375
0.348509   0.319774   -0.49949
0.164072   0.319966   -0.32594
0.336463   0.147392   -0.34701
0.495729   -0.497727   -0.145628
-0.316661   -0.324181   -0.166315
0.495581   -0.336767   0.0307125
-0.334373   0.489356   0.00421532
-0.163387   -0.491332   -0.154832
-0.00903843   -0.320037   -0.166487
-0.156166   -0.313413   -0.00623485
-0.00448434   0.481118   0.00139505
0.141855   -0.488974   -0.167225
0.330367   -0.358037   -0.163659
0.164074   -0.335672   -0.00574475
0.320321   0.499788   0.00536496
-0.487349   -0.184424   -0.143743
-0.346861   -0.000705057   -0.173671
-0.484752   0.00282283   0.00397428
-0.332927   -0.162647   0.00845214
-0.168751   -0.142616   -0.162849
-0.00421659   0.00720885   -0.159222
-0.157126   0.0180682   0.0043821
0.0209356   -0.152943   -0.00983023
0.17842   -0.160447   -0.174136
0.326057   0.00596936   -0.164087
0.175822   -0.0114142   -0.00637458
0.336618   -0.179124   0.00966841
0.478848   0.166611   -0.164116
-0.357759   0.333949   -0.165497
0.495197   0.33357   0.0084456
-0.331745   0.17233   -0.00548818
-0.156001   0.177514   -0.164637
0.0121938   0.32743   -0.165026
-0.161926   0.317075   -0.00175983
0.0172657   0.182063   0.0238821
0.170013   0.165474   -0.164164
0.315587   0.342704   -0.170598
0.171199   0.336526   -0.00626416
0.317806   0.16593   -0.00030322
-0.491333   0.483254   0.172042
-0.340225   -0.333928   0.1561
-0.492411   -0.333428   0.308199
-0.33161   0.492829   0.337612
-0.175003   -0.489044   0.167227
0.0217051   -0.328108   0.152594
-0.170833   -0.331758   0.319322
-0.000980784   -0.486704   0.33631
0.170469   0.49103   0.165171
0.33433   -0.334535   0.171719
0.17344   -0.33455   0.325207
0.329097   0.477049   0.343542
-0.483187   -0.154038   0.180225
-0.317962   -0.00172906   0.154234
0.495257   0.0140063   0.31292
-0.33456   -0.161196   0.320708
-0.148705   -0.158536   0.144254
0.0105187   0.0242667   0.178142
-0.173887   0.00655056   0.321904
0.0207142   -0.176163   0.317104
0.178926   -0.162392   0.162315
0.339382   0.0145287   0.16377
0.177557   -0.00532829   0.352095
0.339672   -0.163563   0.333756
0.494229   0.178608   0.153109
-0.33013   0.327732   0.160986
-0.498092   0.324114   0.340451
-0.331814   0.16053   0.301656
-0.146141   0.171183   0.171315
0.0102823   0.339621   0.177215
-0.158709   0.345543   0.341193
0.00196273   0.165105   0.334655
0.17024   0.16947   0.174562
0.320808   0.331854   0.168029
0.155834   0.328117   0.353476
0.32387   0.156047   0.329873
