0.793271
0.770445
0.732688
0.681657
0.619519
0.549364
0.475208
0.401784
0.33416
0.277106
0.234349
0.207901
0.197782
0.202139
0.217749
0.240718
0.267118
0.293482
0.317096
0.336085
0.349423
0.356856
0.358745
0.355925
0.349591
0.341138
0.332052
0.323805
0.31776
0.315109
0.316769
0.323349
0.335017
0.351471
0.371895
0.394992
0.419177
0.44268
0.46384
0.48125
0.493911
0.501256
0.50324
0.500229
0.492994
0.482585
0.470148
0.456828
0.44365
0.431347
0.420387
0.410982
0.403159
0.396833
0.3919
0.388327
0.386129
0.385406
0.386283
0.388823
0.39297
0.398528
0.405119
0.412228
0.419248
0.425622
0.430934
0.43495
0.437589
0.438917
0.439073
0.438192
0.436445
0.433981
0.430959
0.427526
0.423889
0.420237
0.416732
0.413583
0.410977
0.409026
0.407868
0.407572
0.408184
0.409589
0.41149
0.41337
0.414607
0.41455
0.412668
0.408665
0.402604
0.394912
0.386299
0.377722
0.37013
0.364314
0.360779
0.359647
0.798395
0.788985
0.771748
0.747302
0.716697
0.681238
0.642547
0.602485
0.563222
0.527211
0.497103
0.475391
0.463949
0.463644
0.474057
0.49351
0.519474
0.54909
0.579699
0.609154
0.636013
0.659436
0.678921
0.694144
0.704866
0.710936
0.71238
0.709477
0.702918
0.693795
0.683489
0.673369
0.66458
0.657682
0.652849
0.650247
0.650114
0.652471
0.656606
0.66096
0.663877
0.664357
0.662277
0.65807
0.652313
0.645458
0.637829
0.629719
0.621483
0.613515
0.60616
0.599607
0.594012
0.589804
0.587823
0.589158
0.59462
0.604314
0.617288
0.631667
0.64515
0.655678
0.661829
0.663024
0.659616
0.6527
0.643896
0.634938
0.627164
0.621326
0.617585
0.615818
0.615914
0.617949
0.622112
0.628493
0.636875
0.646794
0.657646
0.668718
0.679323
0.688758
0.696409
0.701799
0.704661
0.704932
0.702591
0.69756
0.689751
0.679259
0.666576
0.652855
0.639721
0.628863
0.621566
0.618385
0.619033
0.622375
0.626815
0.630697
0.801978
0.796939
0.785737
0.770777
0.755061
0.741445
0.73193
0.727336
0.727466
0.731315
0.737273
0.743223
0.74695
0.746733
0.741803
0.732403
0.719583
0.704736
0.689341
0.6749
0.662967
0.655153
0.652934
0.657267
0.668208
0.684682
0.704615
0.725372
0.744289
0.759163
0.768387
0.771057
0.766957
0.756485
0.740787
0.721702
0.701729
0.6837
0.670167
0.66266
0.661208
0.664477
0.670411
0.676976
0.682751
0.687178
0.690308
0.692396
0.693602
0.693945
0.693577
0.693012
0.693192
0.695178
0.699684
0.706715
0.715518
0.724914
0.733684
0.740992
0.74662
0.750824
0.754217
0.75761
0.761718
0.767081
0.773752
0.781181
0.788417
0.794633
0.799453
0.802818
0.80481
0.805275
0.803776
0.799662
0.79232
0.781577
0.767817
0.751975
0.735367
0.719426
0.705541
0.694989
0.688784
0.687456
0.69065
0.697031
0.704531
0.711031
0.71504
0.716005
0.714234
0.710477
0.705561
0.700308
0.695417
0.691706
0.69004
0.691283
0.805737
0.812458
0.819196
0.824847
0.828258
0.828487
0.825011
0.817731
0.806892
0.793088
0.777365
0.761136
0.746008
0.733446
0.724239
0.718112
0.713851
0.710153
0.706378
0.702859
0.700598
0.700768
0.704415
0.712292
0.724643
0.741047
0.760428
0.781331
0.802463
0.82298
0.842234
0.859488
0.873702
0.883734
0.888743
0.888486
0.883279
0.873903
0.861337
0.846657
0.830738
0.814325
0.798025
0.782519
0.768683
0.757426
0.749534
0.745381
0.744833
0.747489
0.752942
0.760939
0.770858
0.781236
0.789831
0.794226
0.792823
0.785543
0.774006
0.760943
0.749307
0.741301
0.737842
0.738505
0.742203
0.747719
0.754264
0.761591
0.769896
0.779533
0.790808
0.803794
0.818142
0.833007
0.847103
0.858816
0.866719
0.869992
0.868563
0.86289
0.853507
0.840745
0.824782
0.806141
0.78606
0.766614
0.750327
0.73938
0.734862
0.736386
0.742305
0.750335
0.758096
0.763582
0.765645
0.764208
0.760144
0.755093
0.751018
0.74972
0.804613
0.81276
0.824003
0.837405
0.851497
0.864692
0.875626
0.883523
0.888267
0.89031
0.89054
0.890072
0.890007
0.891048
0.893233
0.895747
0.89716
0.896019
0.89133
0.882815
0.870885
0.856324
0.840043
0.823098
0.806488
0.791275
0.778447
0.768518
0.761224
0.755557
0.750078
0.743421
0.73481
0.724386
0.713085
0.702398
0.693915
0.688812
0.687644
0.690383
0.696652
0.705841
0.7173
0.730428
0.744748
0.759955
0.775827
0.792205
0.808883
0.825386
0.840829
0.853962
0.863571
0.868858
0.869511
0.865623
0.857467
0.845641
0.831531
0.817535
0.806685
0.801654
0.803703
0.812012
0.823919
0.835851
0.84427
0.846518
0.841324
0.829046
0.811537
0.791772
0.773196
0.758923
0.75113
0.750681
0.757099
0.76878
0.783609
0.799492
0.814737
0.828357
0.839934
0.849528
0.857312
0.863123
0.866405
0.866414
0.862548
0.854781
0.843878
0.831189
0.81829
0.806698
0.797487
0.791251
0.788143
0.788125
0.791038
0.7966
0.809374
0.82015
0.830621
0.83972
0.846627
0.850634
0.850895
0.846524
0.836934
0.822224
0.803518
0.782811
0.762725
0.745863
0.734158
0.728328
0.727758
0.731184
0.73758
0.746401
0.75729
0.769619
0.782317
0.79416
0.804188
0.812051
0.818061
0.822942
0.827585
0.832652
0.838471
0.84505
0.851918
0.858416
0.863611
0.866327
0.865559
0.860832
0.852512
0.841823
0.830463
0.820016
0.811518
0.805583
0.80261
0.802947
0.80669
0.813315
0.821476
0.829452
0.835916
0.840499
0.843679
0.846227
0.84876
0.851073
0.852271
0.851095
0.846478
0.837964
0.825902
0.811246
0.795454
0.780352
0.768407
0.76232
0.763892
0.772581
0.785508
0.799091
0.810576
0.818427
0.821986
0.820963
0.815291
0.805246
0.791652
0.775922
0.759887
0.745395
0.734047
0.726958
0.724722
0.727596
0.735447
0.747663
0.763205
0.780831
0.799562
0.818788
0.838146
0.857044
0.874375
0.888611
0.898138
0.901876
0.899597
0.892225
0.881507
0.869438
0.792146
0.786322
0.782734
0.781119
0.781463
0.783968
0.788624
0.795069
0.802611
0.810298
0.817086
0.822149
0.825025
0.825653
0.824262
0.821197
0.81656
0.81027
0.802264
0.792619
0.781795
0.770497
0.759432
0.749094
0.739643
0.731025
0.72327
0.71657
0.711292
0.70788
0.70674
0.708242
0.713096
0.722715
0.738515
0.760386
0.785748
0.810596
0.831491
0.846482
0.854983
0.857236
0.853822
0.845468
0.83292
0.817014
0.798655
0.778968
0.759306
0.741085
0.72572
0.714381
0.707948
0.706911
0.71123
0.720303
0.733058
0.748106
0.763911
0.778796
0.790987
0.798823
0.80097
0.796857
0.787067
0.773585
0.759529
0.748278
0.742203
0.741838
0.746083
0.753258
0.762277
0.773045
0.786006
0.801557
0.819362
0.838085
0.855525
0.869111
0.876623
0.876849
0.869817
0.856493
0.83838
0.817139
0.794337
0.771351
0.749571
0.730651
0.716655
0.709785
0.711662
0.722604
0.741491
0.766104
0.793627
0.821129
0.845798
0.865042
