-6.65046
-6.64819
-6.62941
-6.61548
-6.60641
-6.59929
-6.59248
-6.58762
-6.5847
-6.58179
-6.57952
-6.5779
-6.57596
-6.57499
-6.57532
-6.575
-6.57435
-6.57436
-6.57306
-6.57274
-6.57242
-6.57339
-6.57371
-6.57306
-6.57241
-6.57306
-6.57371
-6.57532
-6.57403
-6.57338
-6.57241
-6.57402
-6.57435
-6.57565
-6.57629
-6.57824
-6.57921
-6.57824
-6.57954
-6.58148
-6.58148
-6.58019
-6.58148
-6.58213
-6.58504
-6.58472
-6.58666
-6.58536
-6.58439
-6.58309
-6.5805
-6.58018
-6.57824
-6.58018
-6.5805
-6.57986
-6.5805
-6.58018
-6.57824
-6.57888
-6.57629
-6.57726
-6.57726
-6.57726
-6.57759
-6.57856
-6.58018
-6.57986
-6.58212
-6.58309
-6.58374
-6.58471
-6.58569
-6.58374
-6.58277
-6.58342
-6.58406
-6.58406
-6.58374
-6.58406
-6.58244
-6.5818
-6.58147
-6.58147
-6.58115
-6.58115
-6.5805
-6.57953
-6.57953
-6.58083
-6.5805
-6.57921
-6.57953
-6.57953
-6.57921
-6.58179
-6.58082
-6.57985
-6.5792
-6.57791
-5.91632
-5.91535
-5.91405
-5.91405
-5.91534
-5.91405
-5.91243
-5.91081
-5.90886
-5.90886
-5.9095
-5.90853
-5.90853
-5.90756
-5.90821
-5.90756
-5.90821
-5.90983
-5.9121
-5.91081
-5.91275
-5.91243
-5.91307
-5.91437
-5.91566
-5.91793
-5.91793
-5.91825
-5.9176
-5.91857
-5.91825
-5.91695
-5.91663
-5.91727
-5.9163
-5.91695
-5.91566
-5.91825
-5.91793
-5.9176
-5.9176
-5.9176
-5.91469
-5.91501
-5.91372
-5.91469
-5.91436
-5.91339
-5.91533
-5.91631
-5.91598
-5.91436
-5.91404
-5.91339
-5.9121
-5.9108
-5.91274
-5.91274
-5.91307
-5.91437
-5.91307
-5.91307
-5.91566
-5.91566
-5.91501
-5.91436
-5.91469
-5.91436
-5.91404
-5.91533
-5.91469
-5.91598
-5.9176
-5.92051
-5.92019
-5.91955
-5.92052
-5.92052
-5.92052
-5.9189
-5.91922
-5.9189
-5.92052
-5.91728
-5.91566
-5.91599
-5.91664
-5.91728
-5.91566
-5.91566
-5.91501
-5.91566
-5.91598
-5.91857
-5.91663
-5.91468
-5.91501
-5.91339
-5.91339
-5.91178
-5.6576
-5.6589
-5.65954
-5.65986
-5.66018
-5.65889
-5.66018
-5.65921
-5.65953
-5.6618
-5.6618
-5.66148
-5.65857
-5.6576
-5.6563
-5.65921
-5.65792
-5.66019
-5.65759
-5.65759
-5.65759
-5.66018
-5.65921
-5.65953
-5.65824
-5.65889
-5.65792
-5.65662
-5.65695
-5.65792
-5.65857
-5.65986
-5.66148
-5.66181
-5.66148
-5.66051
-5.65889
-5.65986
-5.65791
-5.65759
-5.65662
-5.65791
-5.65954
-5.65889
-5.66051
-5.66116
-5.65954
-5.65921
-5.65824
-5.65759
-5.65727
-5.65759
-5.65727
-5.65597
-5.65694
-5.65791
-5.65759
-5.65695
-5.65662
-5.65533
-5.6563
-5.65727
-5.6563
-5.6563
-5.65694
-5.65726
-5.65759
-5.65824
-5.65888
-5.66018
-5.66083
-5.66212
-5.66018
-5.65823
-5.65694
-5.65597
-5.65888
-5.65758
-5.65758
-5.6592
-5.65855
-5.6579
-5.65726
-5.65596
-5.65596
-5.65596
-5.65466
-5.65564
-5.65596
-5.65532
-5.65402
-5.65531
-5.65628
-5.65531
-5.65628
-5.65628
-5.6579
-5.65887
-5.65984
-5.66049
-5.49457
-5.49586
-5.49651
-5.49878
-5.49878
-5.49813
-5.49748
-5.49619
-5.49489
-5.49619
-5.49521
-5.49359
-5.49489
-5.49521
-5.49553
-5.49553
-5.49391
-5.49456
-5.49521
-5.49424
-5.49456
-5.49391
-5.49294
-5.49326
-5.49358
-5.49779
-5.49682
-5.49747
-5.49812
-5.49682
-5.49877
-5.50071
-5.4978
-5.49456
-5.49424
-5.49683
-5.49683
-5.49553
-5.49359
-5.49197
-5.49262
-5.49359
-5.49326
-5.49262
-5.49488
-5.4952
-5.49391
-5.49326
-5.49261
-5.49326
-5.49197
-5.49326
-5.49488
-5.49327
-5.49424
-5.49457
-5.49457
-5.49554
-5.49553
-5.49488
-5.49391
-5.49488
-5.49423
-5.49456
-5.49327
-5.49424
-5.49456
-5.49294
-5.49521
-5.4965
-5.49747
-5.49553
-5.49521
-5.49424
-5.49586
-5.49586
-5.49683
-5.49651
-5.49813
-5.4978
-5.49683
-5.4978
-5.49812
-5.49521
-5.49488
-5.49423
-5.49488
-5.49326
-5.49552
-5.4952
-5.49326
-5.49261
-5.49261
-5.49456
-5.49132
-5.49035
-5.48938
-5.4884
-5.48905
-5.49067
-5.41612
-5.41677
-5.41774
-5.41871
-5.41871
-5.41969
-5.4226
-5.42389
-5.42389
-5.42228
-5.42163
-5.42324
-5.42389
-5.42422
-5.42454
-5.42357
-5.42325
-5.42325
-5.42131
-5.41937
-5.42098
-5.42001
-5.41969
-5.41645
-5.4158
-5.41645
-5.4145
-5.41645
-5.41774
-5.41839
-5.41872
-5.41775
-5.41775
-5.41969
-5.42195
-5.42324
-5.42227
-5.42098
-5.42065
-5.42033
-5.42098
-5.4213
-5.42065
-5.42001
-5.41806
-5.41709
-5.41774
-5.41677
-5.41774
-5.41806
-5.41936
-5.41968
-5.41839
-5.41936
-5.42033
-5.41904
-5.41742
-5.41839
-5.41838
-5.41968
-5.42097
-5.42
-5.42129
-5.41968
-5.42033
-5.41806
-5.41807
-5.41612
-5.41612
-5.41548
-5.41677
-5.41515
-5.41709
-5.41644
-5.41773
-5.41676
-5.41773
-5.41773
-5.41903
-5.41968
-5.41968
-5.42065
-5.41839
-5.42001
-5.41903
-5.42162
-5.42162
-5.42
-5.41903
-5.41839
-5.41709
-5.41677
-5.41741
-5.41936
-5.42032
-5.41903
-5.42
-5.41903
-5.41839
-5.41741
-5.41107
-5.41236
-5.41139
-5.41172
-5.41269
-5.41301
-5.41236
-5.40945
-5.40848
-5.40913
-5.40945
-5.41009
-5.41042
-5.41171
-5.41236
-5.41365
-5.41463
-5.41366
-5.41269
-5.41301
-5.41398
-5.41398
-5.41463
-5.41366
-5.41107
-5.41269
-5.41236
-5.41268
-5.41462
-5.41365
-5.41268
-5.41041
-5.41235
-5.41041
-5.41203
-5.413
-5.413
-5.413
-5.41138
-5.41171
-5.4143
-5.41624
-5.41656
-5.41527
-5.41462
-5.41397
-5.41527
-5.41559
-5.41333
-5.41204
-5.41463
-5.41463
-5.41462
-5.41722
-5.41657
-5.41592
-5.41592
-5.4143
-5.41462
-5.41559
-5.41624
-5.41559
-5.41559
-5.41462
-5.41526
-5.41591
-5.41526
-5.41623
-5.41462
-5.4143
-5.41333
-5.41333
-5.41495
-5.41397
-5.41495
-5.41527
-5.41462
-5.413
-5.41332
-5.41235
-5.41235
-5.41235
-5.41138
-5.41235
-5.41267
-5.41364
-5.413
-5.41527
-5.41494
-5.41365
-5.4143
-5.41527
-5.41398
-5.41495
-5.4143
-5.41268
-5.41139
-5.41236
-5.41332
-5.41494
-5.51738
-5.51576
-5.51738
-5.51802
-5.51705
-5.51964
-5.51964
-5.51997
-5.52062
-5.51997
-5.51835
-5.519
-5.52094
-5.52288
-5.52418
-5.52288
-5.52288
-5.52224
-5.52191
-5.52126
-5.52159
-5.51964
-5.52159
-5.5232
-5.52159
-5.52094
-5.52094
-5.51867
-5.51932
-5.51899
-5.51867
-5.5177
-5.51931
-5.51899
-5.51769
-5.5177
-5.51802
-5.519
-5.51641
-5.51771
-5.51933
-5.51965
-5.51803
-5.51609
-5.51544
-5.51511
-5.51479
-5.51608
-5.51446
-5.51543
-5.51479
-5.51478
-5.51673
-5.51672
-5.51834
-5.51932
-5.51867
-5.51835
-5.52029
-5.51997
-5.51997
-5.51965
-5.519
-5.51868
-5.51803
-5.52159
-5.52094
-5.5177
-5.51673
-5.5164
-5.51899
-5.51802
-5.51899
-5.52126
-5.52061
-5.52126
-5.52126
-5.52159
-5.52256
-5.52192
-5.52224
-5.52354
-5.52289
-5.52224
-5.52224
-5.52159
-5.52029
-5.51964
-5.51964
-5.51867
-5.51737
-5.5164
-5.5151
-5.51575
-5.51413
-5.51349
-5.51219
-5.51284
-5.5122
-5.51447
