1.18991
1.15567
1.09903
1.02249
0.929279
0.824046
0.712812
0.602676
0.50124
0.415659
0.351524
0.311852
0.296674
0.303209
0.326623
0.361077
0.400677
0.440224
0.475645
0.504127
0.524135
0.535284
0.538117
0.533887
0.524387
0.511706
0.498078
0.485708
0.47664
0.472664
0.475153
0.485023
0.502525
0.527206
0.557842
0.592487
0.628766
0.66402
0.695761
0.721875
0.740866
0.751884
0.75486
0.750344
0.73949
0.723878
0.705222
0.685242
0.665475
0.647021
0.630581
0.616473
0.604739
0.595249
0.587851
0.582491
0.579193
0.578109
0.579424
0.583235
0.589454
0.597792
0.607679
0.618342
0.628872
0.638432
0.646401
0.652425
0.656384
0.658375
0.658609
0.657288
0.654668
0.650971
0.646438
0.641289
0.635833
0.630356
0.625098
0.620375
0.616466
0.613539
0.611802
0.611359
0.612277
0.614384
0.617234
0.620055
0.621911
0.621824
0.619003
0.612997
0.603905
0.592369
0.579449
0.566584
0.555196
0.54647
0.541168
0.53947
1.19759
1.18348
1.15762
1.12095
1.07505
1.02186
0.963821
0.903727
0.844832
0.790817
0.745655
0.713087
0.695924
0.695466
0.711086
0.740265
0.779211
0.823634
0.869548
0.913731
0.954019
0.989154
1.01838
1.04122
1.0573
1.0664
1.06857
1.06422
1.05438
1.04069
1.02523
1.01005
0.99687
0.986523
0.979273
0.975371
0.975171
0.978706
0.984909
0.99144
0.995816
0.996535
0.993415
0.987105
0.97847
0.968187
0.956743
0.944579
0.932224
0.920273
0.90924
0.899411
0.891019
0.884706
0.881735
0.883737
0.891929
0.90647
0.925933
0.947501
0.967725
0.983517
0.992743
0.994535
0.989424
0.979049
0.965843
0.952407
0.940746
0.931989
0.926378
0.923727
0.923871
0.926923
0.933168
0.94274
0.955313
0.970191
0.986469
1.00308
1.01898
1.03314
1.04461
1.0527
1.05699
1.0574
1.05389
1.04634
1.03463
1.01889
0.999864
0.979282
0.959582
0.943295
0.932349
0.927577
0.92855
0.933562
0.940222
0.946046
1.20297
1.19541
1.17861
1.15617
1.13259
1.11217
1.09789
1.091
1.0912
1.09697
1.10591
1.11483
1.12043
1.1201
1.1127
1.0986
1.07937
1.0571
1.03401
1.01235
0.994451
0.982729
0.9794
0.9859
1.00231
1.02702
1.05692
1.08806
1.11643
1.13875
1.15258
1.15658
1.15044
1.13473
1.11118
1.08255
1.05259
1.02555
1.00525
0.99399
0.991812
0.996716
1.00562
1.01546
1.02413
1.03077
1.03546
1.03859
1.0404
1.04092
1.04037
1.03952
1.03979
1.04277
1.04953
1.06007
1.07328
1.08737
1.10053
1.11149
1.11993
1.12624
1.13133
1.13642
1.14258
1.15062
1.16063
1.17177
1.18263
1.19195
1.19918
1.20423
1.20722
1.20791
1.20566
1.19949
1.18848
1.17237
1.15172
1.12796
1.10305
1.07914
1.05831
1.04248
1.03318
1.03118
1.03598
1.04555
1.0568
1.06655
1.07256
1.07401
1.07135
1.06571
1.05834
1.05046
1.04313
1.03756
1.03506
1.03693
1.20861
1.21869
1.22879
1.23727
1.24239
1.24273
1.23752
1.2266
1.21034
1.18963
1.16605
1.1417
1.11901
1.10017
1.08636
1.07717
1.07078
1.06523
1.05957
1.05429
1.0509
1.05115
1.05662
1.06844
1.08696
1.11157
1.14064
1.172
1.20369
1.23447
1.26335
1.28923
1.31055
1.3256
1.33311
1.33273
1.32492
1.31085
1.29201
1.26999
1.24611
1.22149
1.19704
1.17378
1.15302
1.13614
1.1243
1.11807
1.11725
1.12123
1.12941
1.14141
1.15629
1.17185
1.18475
1.19134
1.18923
1.17831
1.16101
1.14141
1.12396
1.11195
1.10676
1.10776
1.1133
1.12158
1.1314
1.14239
1.15484
1.1693
1.18621
1.20569
1.22721
1.24951
1.27065
1.28822
1.30008
1.30499
1.30284
1.29433
1.28026
1.26112
1.23717
1.20921
1.17909
1.14992
1.12549
1.10907
1.10229
1.10458
1.11346
1.1255
1.13714
1.14537
1.14847
1.14631
1.14022
1.13264
1.12653
1.12458
1.20692
1.21914
1.236
1.25611
1.27725
1.29704
1.31344
1.32528
1.3324
1.33546
1.33581
1.33511
1.33501
1.33657
1.33985
1.34362
1.34574
1.34403
1.337
1.32422
1.30633
1.28449
1.26007
1.23465
1.20973
1.18691
1.16767
1.15278
1.14184
1.13334
1.12512
1.11513
1.10221
1.08658
1.06963
1.0536
1.04087
1.03322
1.03147
1.03557
1.04498
1.05876
1.07595
1.09564
1.11712
1.13993
1.16374
1.18831
1.21332
1.23808
1.26124
1.28094
1.29536
1.30329
1.30427
1.29843
1.2862
1.26846
1.2473
1.2263
1.21003
1.20248
1.20555
1.21802
1.23588
1.25378
1.26641
1.26978
1.26199
1.24357
1.21731
1.18766
1.15979
1.13838
1.12669
1.12602
1.13565
1.15317
1.17541
1.19924
1.2221
1.24254
1.2599
1.27429
1.28597
1.29468
1.29961
1.29962
1.29382
1.28217
1.26582
1.24678
1.22743
1.21005
1.19623
1.18688
1.18221
1.18219
1.18656
1.1949
1.21406
1.23022
1.24593
1.25958
1.26994
1.27595
1.27634
1.26979
1.2554
1.23334
1.20528
1.17422
1.14409
1.11879
1.10124
1.09249
1.09164
1.09678
1.10637
1.1196
1.13593
1.15443
1.17348
1.19124
1.20628
1.21808
1.22709
1.23441
1.24138
1.24898
1.25771
1.26757
1.27788
1.28762
1.29542
1.29949
1.29834
1.29125
1.27877
1.26273
1.2457
1.23002
1.21728
1.20838
1.20391
1.20442
1.21004
1.21997
1.23221
1.24418
1.25387
1.26075
1.26552
1.26934
1.27314
1.27661
1.27841
1.27664
1.26972
1.25695
1.23885
1.21687
1.19318
1.17053
1.15261
1.14348
1.14584
1.15887
1.17826
1.19864
1.21586
1.22764
1.23298
1.23144
1.22294
1.20787
1.18748
1.16388
1.13983
1.11809
1.10107
1.09044
1.08708
1.09139
1.10317
1.12149
1.14481
1.17125
1.19934
1.22818
1.25722
1.28557
1.31156
1.33292
1.34721
1.35281
1.3494
1.33834
1.32226
1.30416
1.18822
1.17948
1.1741
1.17168
1.1722
1.17595
1.18294
1.1926
1.20392
1.21545
1.22563
1.23322
1.23754
1.23848
1.23639
1.23179
1.22484
1.21541
1.2034
1.18893
1.17269
1.15575
1.13915
1.12364
1.10946
1.09654
1.08491
1.07485
1.06694
1.06182
1.06011
1.06236
1.06964
1.08407
1.10777
1.14058
1.17862
1.21589
1.24724
1.26972
1.28247
1.28585
1.28073
1.2682
1.24938
1.22552
1.19798
1.16845
1.13896
1.11163
1.08858
1.07157
1.06192
1.06037
1.06685
1.08045
1.09959
1.12216
1.14587
1.16819
1.18648
1.19823
1.20146
1.19529
1.1806
1.16038
1.13929
1.12242
1.1133
1.11276
1.11913
1.12989
1.14342
1.15957
1.17901
1.20233
1.22904
1.25713
1.28329
1.30367
1.31494
1.31527
1.30472
1.28474
1.25757
1.22571
1.19151
1.15703
1.12436
1.09598
1.07498
1.06468
1.06749
1.08391
1.11224
1.14916
1.19044
1.23169
1.2687
1.29756
