-7.84036
-7.80385
-7.72844
-7.63797
-7.53569
-7.42333
-7.3053
-7.1903
-7.08594
-6.99745
-6.93104
-6.88975
-6.87263
-6.8782
-6.90194
-6.93607
-6.97503
-7.01458
-7.04871
-7.07687
-7.09655
-7.10867
-7.11183
-7.10695
-7.0968
-7.08477
-7.07178
-7.06103
-7.05067
-7.04604
-7.04756
-7.05905
-7.07687
-7.10285
-7.13414
-7.17073
-7.20798
-7.24226
-7.2753
-7.30335
-7.32235
-7.33207
-7.33634
-7.33247
-7.32453
-7.30859
-7.29188
-7.2706
-7.24986
-7.23011
-7.21108
-7.19665
-7.18298
-7.17543
-7.16835
-7.16235
-7.15969
-7.15829
-7.15766
-7.16212
-7.16575
-7.17506
-7.18494
-7.19561
-7.20646
-7.21699
-7.22658
-7.23228
-7.23851
-7.24147
-7.24235
-7.242
-7.24035
-7.23471
-7.22921
-7.22471
-7.2199
-7.21442
-7.20884
-7.20444
-7.19891
-7.19534
-7.19327
-7.19283
-7.19343
-7.19553
-7.19774
-7.19958
-7.20144
-7.20265
-7.1995
-7.1922
-7.18344
-7.1719
-7.15865
-7.14838
-7.13602
-7.12632
-7.12037
-7.11738
-7.11391
-7.09883
-7.07167
-7.035
-6.99039
-6.9359
-6.87625
-6.81453
-6.75369
-6.69968
-6.65516
-6.62162
-6.60445
-6.60302
-6.61929
-6.64783
-6.68742
-6.73347
-6.78165
-6.82454
-6.86677
-6.90158
-6.93146
-6.95558
-6.97296
-6.98433
-6.9865
-6.98247
-6.97198
-6.95926
-6.94348
-6.927
-6.9135
-6.9038
-6.89557
-6.89232
-6.89083
-6.89695
-6.90284
-6.90904
-6.91342
-6.91414
-6.9081
-6.90212
-6.89219
-6.88287
-6.87111
-6.85797
-6.84756
-6.83658
-6.82522
-6.81378
-6.80506
-6.7981
-6.79383
-6.79454
-6.80467
-6.81921
-6.839
-6.86187
-6.8808
-6.89659
-6.90841
-6.9102
-6.90444
-6.89341
-6.88053
-6.86677
-6.85478
-6.84732
-6.84106
-6.83971
-6.84147
-6.84744
-6.85336
-6.86228
-6.87583
-6.89071
-6.90699
-6.92197
-6.93821
-6.95204
-6.96513
-6.96998
-6.97266
-6.97339
-6.97052
-6.96362
-6.95029
-6.93455
-6.91488
-6.89494
-6.87556
-6.86186
-6.84898
-6.84226
-6.84356
-6.84695
-6.85362
-6.85782
-6.86057
-6.8543
-6.83815
-6.81603
-6.79277
-6.77105
-6.75807
-6.75021
-6.75073
-6.75877
-6.76771
-6.77631
-6.77899
-6.7777
-6.76901
-6.75782
-6.73729
-6.71729
-6.6916
-6.66994
-6.65204
-6.64291
-6.63861
-6.64543
-6.66055
-6.68591
-6.71484
-6.74468
-6.77338
-6.79667
-6.81115
-6.81645
-6.81192
-6.79654
-6.77266
-6.74306
-6.71148
-6.68541
-6.66316
-6.65158
-6.64843
-6.65463
-6.66515
-6.67435
-6.68463
-6.69192
-6.695
-6.69781
-6.69864
-6.69851
-6.69764
-6.69711
-6.69706
-6.69874
-6.70647
-6.71799
-6.73087
-6.74432
-6.75715
-6.76681
-6.77623
-6.7835
-6.78762
-6.79271
-6.79952
-6.80789
-6.81822
-6.83001
-6.84151
-6.85213
-6.86001
-6.86635
-6.86739
-6.86615
-6.8626
-6.85546
-6.84736
-6.82995
-6.80931
-6.78716
-6.7616
-6.73704
-6.71557
-6.69844
-6.68913
-6.68714
-6.69064
-6.70118
-6.71276
-6.72186
-6.72658
-6.72932
-6.72763
-6.72103
-6.71462
-6.70674
-6.70102
-6.69643
-6.6949
-6.69741
-6.70317
-6.71455
-6.72531
-6.73605
-6.74117
-6.74086
-6.735
-6.72279
-6.70523
-6.68582
-6.66126
-6.63529
-6.6139
-6.59538
-6.58189
-6.5727
-6.56469
-6.55979
-6.55478
-6.54853
-6.54546
-6.54506
-6.54956
-6.5617
-6.58055
-6.60936
-6.63747
-6.66947
-6.70181
-6.73129
-6.76212
-6.78994
-6.80835
-6.82016
-6.82735
-6.82956
-6.82175
-6.80639
-6.7856
-6.76196
-6.73873
-6.71507
-6.6903
-6.6664
-6.64791
-6.63134
-6.61821
-6.61133
-6.60986
-6.6145
-6.62138
-6.63467
-6.65117
-6.66512
-6.67899
-6.68591
-6.6838
-6.67385
-6.65654
-6.6363
-6.61787
-6.60683
-6.601
-6.60232
-6.60657
-6.61582
-6.62596
-6.63533
-6.65005
-6.6658
-6.68369
-6.70122
-6.72242
-6.74375
-6.76651
-6.78408
-6.79691
-6.8015
-6.80097
-6.79214
-6.77709
-6.75892
-6.7353
-6.70442
-6.67397
-6.64415
-6.62037
-6.60233
-6.59781
-6.59978
-6.60672
-6.61812
-6.62976
-6.63993
-6.63979
-6.63666
-6.62959
-6.62104
-6.61557
-6.61524
-6.62304
-6.63591
-6.65375
-6.67482
-6.69596
-6.71672
-6.73604
-6.74918
-6.75629
-6.75774
-6.75744
-6.75835
-6.7589
-6.76079
-6.76439
-6.76719
-6.76899
-6.76728
-6.7583
-6.74359
-6.72731
-6.7045
-6.67975
-6.6511
-6.62553
-6.60336
-6.58217
-6.56922
-6.55958
-6.55173
-6.54383
-6.53288
-6.51996
-6.50627
-6.49158
-6.47684
-6.46314
-6.45419
-6.45212
-6.4559
-6.46595
-6.48006
-6.4966
-6.51565
-6.53519
-6.55703
-6.58148
-6.60507
-6.63106
-6.65614
-6.6806
-6.70062
-6.71374
-6.72265
-6.7246
-6.71747
-6.70362
-6.68685
-6.66568
-6.64598
-6.631
-6.62248
-6.62685
-6.63769
-6.6562
-6.67184
-6.68447
-6.6859
-6.67811
-6.65904
-6.63407
-6.60281
-6.57688
-6.55482
-6.54443
-6.54278
-6.55338
-6.5709
-6.59444
-6.61892
-6.64178
-6.66319
-6.67829
-6.6943
-6.705
-6.71631
-6.72123
-6.71963
-6.71285
-6.70056
-6.68291
-6.66355
-6.64485
-6.6294
-6.61656
-6.60591
-6.60222
-6.60122
-6.60494
-6.61232
-6.62513
-6.64258
-6.65732
-6.6713
-6.68263
-6.68896
-6.68871
-6.67924
-6.66388
-6.64246
-6.61473
-6.58431
-6.5545
-6.5305
-6.51359
-6.50615
-6.50626
-6.51043
-6.51905
-6.53261
-6.54991
-6.56841
-6.5881
-6.6049
-6.61735
-6.63076
-6.63945
-6.6471
-6.656
-6.66263
-6.67039
-6.67799
-6.69023
-6.69804
-6.70745
-6.71249
-6.71134
-6.70425
-6.69015
-6.67444
-6.65999
-6.64626
-6.63384
-6.62364
-6.61854
-6.61839
-6.6253
-6.63557
-6.64554
-6.65621
-6.6685
-6.67537
-6.68014
-6.68656
-6.68971
-6.69253
-6.69433
-6.69094
-6.68434
-6.67254
-6.65509
-6.63246
-6.60877
-6.58514
-6.56787
-6.55939
-6.5611
-6.5751
-6.59288
-6.61293
-6.62919
-6.64097
-6.64793
-6.64542
-6.63788
-6.62314
-6.6021
-6.57688
-6.55315
-6.53044
-6.51342
-6.50279
-6.49846
-6.50374
-6.51584
-6.53514
-6.55781
-6.58651
-6.61429
-6.64183
-6.67152
-6.70083
-6.72554
-6.74786
-6.76151
-6.7655
-6.76078
-6.75069
-6.73558
-6.7191
-6.7056
-6.69524
-6.69148
-6.6897
-6.68925
-6.6956
-6.70258
-6.71257
-6.72453
-6.73542
-6.74398
-6.75222
-6.75848
-6.76136
-6.76057
-6.75468
-6.74772
-6.73764
-6.72531
-6.71019
-6.69428
-6.67539
-6.66073
-6.64685
-6.63105
-6.61748
-6.60584
-6.59353
-6.58626
-6.58081
-6.57878
-6.58006
-6.58896
-6.60306
-6.62547
-6.65827
-6.69664
-6.73489
-6.76365
-6.78743
-6.8018
-6.8055
-6.79876
-6.78429
-6.76482
-6.74063
-6.71277
-6.68453
-6.65342
-6.62706
-6.60336
-6.58636
-6.57865
-6.57709
-6.58519
-6.59977
-6.61826
-6.64051
-6.66616
-6.68816
-6.70645
-6.71788
-6.72046
-6.71396
-6.69863
-6.68197
-6.66023
-6.64012
-6.63003
-6.62916
-6.63812
-6.64791
-6.66241
-6.68083
-6.69962
-6.72359
-6.7503
-6.77871
-6.80585
-6.82558
-6.83718
-6.83881
-6.82762
-6.80698
-6.77981
-6.7473
-6.7118
-6.67667
-6.644
-6.61464
-6.59235
-6.58107
-6.58259
-6.59966
-6.62637
-6.66264
-6.70264
-6.74454
-6.7809
-6.81203
