         100           0           0           0           0
         100   0.0256496           0           0           0
         100   0.0512993           0           0           0
         100   0.0769489           0           0           0
         100    0.102599           0           0           0
         100    0.128248           0           0           0
         100    0.153898           0           0           0
         100    0.179547           0           0           0
         100    0.205197           0           0           0
         100    0.230847           0           0           0
         100    0.256496           0           0           0
         100    0.282146           0           0           0
         100    0.307796           0           0           0
         100    0.333445           0           0           0
         100    0.359095           0           0           0
         100    0.384745           0           0           0
         100    0.410394           0           0           0
         100    0.436044           0           0           0
         100    0.461694           0           0           0
         100    0.487343           0           0           0
         100    0.512993           0           0           0
         100    0.538642           0           0           0
         100    0.564292           0           0           0
         100    0.589942           0           0           0
         100    0.615591           0           0           0
         100    0.641241           0           0           0
         100    0.666891           0           0           0
         100     0.69254           0           0           0
         100     0.71819           0           0           0
         100     0.74384           0           0           0
         100    0.769489           0           0           0
         100    0.795139           0           0           0
         100    0.820788           0           0           0
         100    0.846438           0 1.89336e-05 3.51383e-06
         100    0.872088  0.00154065  0.00172137 3.29067e-05
         100    0.897737   0.0330511   0.0322041 0.000147447
         100    0.923387    0.217609    0.220193 0.000503417
         100    0.949037    0.750514    0.751427  0.00114171
         100    0.974686     1.58353     1.60438  0.00149997
         100     1.00034     2.47365     2.48515  0.00170948
         100     1.02599     3.11408     3.11833  0.00163761
         100     1.05164     3.41297     3.40447  0.00119355
         100     1.07728     3.39702     3.39974   0.0013042
         100     1.10293     3.20752     3.21001   0.0013238
         100     1.12858     2.93851     2.93049  0.00133041
         100     1.15423       2.632     2.62971  0.00133541
         100     1.17988     2.34415     2.33884  0.00147611
         100     1.20553     2.08442     2.07747  0.00114444
         100     1.23118     1.86392     1.85194  0.00109916
         100     1.25683     1.66427     1.65894  0.00102553
         100     1.28248     1.49564     1.49976 0.000987599
         100     1.30813      1.3729     1.36396 0.000920211
         100     1.33378     1.25074     1.25482 0.000799961
         100     1.35943     1.16868     1.16355 0.000682143
         100     1.38508     1.08486     1.08961  0.00067459
         100     1.41073     1.03207     1.02981 0.000636105
         100     1.43638    0.993505    0.983049 0.000747973
         100     1.46203    0.947629    0.947076 0.000647976
         100     1.48768     0.92535    0.921726 0.000701993
         100     1.51333    0.902385    0.904249 0.000687362
         100     1.53898    0.896086    0.896486  0.00076445
         100     1.56463    0.885607    0.894759 0.000729467
         100     1.59028    0.899516    0.901098 0.000694332
         100     1.61593    0.910687    0.914897 0.000753493
         100     1.64158    0.933787    0.935897 0.000641656
         100     1.66723    0.964514    0.964601 0.000646522
         100     1.69288    0.999277      0.9998 0.000565978
         100     1.71853     1.03659     1.04063 0.000625607
         100     1.74418     1.08481     1.08801 0.000604799
         100     1.76983     1.13151     1.13875 0.000631993
         100     1.79547     1.18911     1.19252 0.000628577
         100     1.82112     1.24398     1.24756  0.00062575
         100     1.84677     1.30565     1.30397 0.000648473
         100     1.87242     1.36145     1.35797 0.000644733
         100     1.89807     1.41567     1.41139 0.000652232
         100     1.92372     1.46729     1.46118 0.000659924
         100     1.94937     1.51044     1.50752 0.000588817
         100     1.97502     1.54461     1.54955 0.000592091
         100     2.00067     1.57772     1.58115 0.000565684
         100     2.02632     1.59503     1.60562 0.000591614
         100     2.05197     1.62176     1.61809  0.00051858
         100     2.07762     1.61885     1.61998 0.000603784
         100     2.10327     1.61885     1.61116 0.000563049
         100     2.12892     1.59274     1.59238 0.000593057
         100     2.15457     1.57006     1.56564 0.000614981
         100     2.18022     1.54139      1.5334 0.000622269
         100     2.20587     1.49947     1.49744 0.000596894
         100     2.23152     1.46919     1.46054 0.000510293
         100     2.25717     1.41995     1.42191  0.00062738
         100     2.28282     1.38901     1.38491 0.000575881
         100     2.30847     1.34688     1.34941 0.000500284
         100     2.33412     1.31898     1.31727   0.0005298
         100     2.35977      1.2921     1.28821 0.000547048
         100     2.38542     1.25855     1.26266 0.000524311
         100     2.41107     1.24115     1.24178 0.000568148
         100     2.43672     1.22294     1.22452 0.000527845
         100     2.46237     1.20664     1.21157  0.00055325
         100     2.48802     1.18681     1.19321 0.000486711
         100     2.51366     1.17667     1.18121 0.000514529
         100     2.53931     1.17524       1.181 0.000553764
