-0.493237   0.477557   -0.48791
-0.318135   -0.344993   -0.489836
-0.490941   -0.34334   -0.352915
-0.332137   0.48607   -0.33121
-0.160609   0.477893   -0.483429
-0.00306875   -0.343388   -0.487101
-0.157775   -0.345668   -0.324129
0.00980688   0.484335   -0.327649
0.174527   -0.496067   -0.490333
0.329583   -0.34735   0.495755
0.176749   -0.358246   -0.317057
0.356339   0.495671   -0.337643
0.494993   -0.138334   0.490507
-0.318927   -0.0297387   -0.485403
0.496794   0.00717938   -0.324907
-0.331192   -0.17687   -0.32857
-0.158384   -0.190716   -0.495717
0.0221257   -0.00733073   0.497277
-0.152049   -0.0310031   -0.331954
-0.0210091   -0.193307   -0.324815
0.150007   -0.189577   -0.499764
0.330186   0.00268001   0.495732
0.179388   -0.0368757   -0.348285
0.356745   -0.193421   -0.35507
-0.476189   0.170089   0.490506
-0.318662   0.316718   0.49724
0.495605   0.307322   -0.346482
-0.321714   0.135184   -0.3459
-0.166903   0.146865   0.49589
0.00482686   0.315407   -0.49341
-0.155037   0.300739   -0.343119
-0.000971747   0.140831   -0.324223
0.167922   0.150191   -0.482719
0.330733   0.304784   -0.495768
0.174807   0.336676   -0.32123
0.310478   0.145836   -0.32453
-0.486725   0.482826   -0.1772
-0.340376   -0.350522   -0.178904
0.495328   -0.334626   -0.00039062
-0.342351   0.484493   -0.0123306
-0.171375   0.463705   -0.180638
0.029485   -0.361506   -0.134519
-0.171194   -0.347663   0.000319163
0.00226754   0.457361   0.0150869
0.176217   0.470156   -0.155298
0.352631   -0.329211   -0.166851
0.175856   -0.37422   0.0129553
0.350636   0.491103   -0.0149883
-0.499976   -0.164301   -0.158169
-0.336022   -0.025475   -0.15272
-0.497026   0.00791663   -0.000935549
-0.325682   -0.169471   0.0168833
-0.178938   -0.185575   -0.160442
-0.000547771   -0.0291886   -0.162178
-0.166063   -0.0306219   -0.00121809
0.0074079   -0.194809   -0.00395568
0.169946   -0.189353   -0.150355
0.328094   -0.000958161   -0.161251
0.144372   -0.0240624   0.0249715
0.344784   -0.167723   0.00804931
0.491819   0.155387   -0.154557
-0.321397   0.309646   -0.185982
-0.486018   0.317838   -0.0169065
-0.321052   0.157091   0.00443435
-0.163021   0.146735   -0.16004
-0.00543289   0.316149   -0.180113
-0.16684   0.315981   -0.00496628
-0.017429   0.150281   0.0124685
0.157623   0.140768   -0.149178
0.331164   0.302614   -0.15244
0.172504   0.321413   0.00748617
0.317837   0.162242   0.0269734
-0.491692   -0.491476   0.168177
-0.332312   -0.352491   0.170561
0.497473   -0.337498   0.346102
-0.3256   0.483904   0.327708
-0.155335   0.478149   0.159559
0.00632068   -0.340835   0.174455
-0.170253   -0.354594   0.331965
0.00102585   0.493409   0.332868
0.179906   0.47495   0.182423
0.345251   -0.347632   0.171627
0.15928   -0.348848   0.338151
0.329911   0.481635   0.342028
0.49556   -0.15283   0.175792
-0.349921   0.00117012   0.172915
0.496008   0.0299615   0.33349
-0.345337   -0.170522   0.316023
-0.168407   -0.171624   0.183797
-0.0193172   -0.00269505   0.171004
-0.179869   -0.0128036   0.319609
-0.0135037   -0.177945   0.346886
0.177139   -0.19178   0.175087
0.333985   -0.00670729   0.16679
0.173842   -0.0120542   0.334434
0.330218   -0.167891   0.340163
-0.497338   0.154794   0.15844
-0.307637   0.316145   0.165043
-0.491739   0.335039   0.321665
-0.319411   0.169261   0.324907
-0.162855   0.156719   0.17727
0.00860205   0.331999   0.199881
-0.159588   0.311335   0.341061
0.00513758   0.151101   0.329431
0.157909   0.151329   0.179729
0.354019   0.336673   0.167106
0.163281   0.335075   0.352692
0.32806   0.180282   0.319005
